0.000000	4.000000	170.301802	114.575977	5.936952e-01	3.005017e-02	2.000318e+02	3.899130e-02	
0.000000	8.000000	170.006235	975.349469	6.431209e-01	3.625593e-02	1.995096e+02	4.460529e-02	
0.000000	12.000000	167.022777	780.993767	6.299325e-01	3.454033e-02	1.995668e+02	4.354194e-02	
0.000000	16.000000	165.807912	24.202062	6.384966e-01	3.505970e-02	1.997984e+02	4.282530e-02	
0.000000	20.000000	165.195266	6.632683	5.832129e-01	3.314713e-02	2.001801e+02	3.902780e-02	
0.000000	24.000000	160.917456	4.948925	6.058941e-01	3.005657e-02	2.003405e+02	4.038650e-02	
0.000000	28.000000	159.557865	5.919040	5.973051e-01	2.941248e-02	2.005024e+02	4.034986e-02	
0.000000	32.000000	159.545051	4.948414	5.830761e-01	2.565877e-02	2.007278e+02	3.974555e-02	
0.000000	36.000000	159.608388	5.043602	5.848682e-01	2.887445e-02	2.010998e+02	3.904907e-02	
0.000000	40.000000	160.364828	3.946425	6.457279e-01	2.691963e-02	2.013698e+02	4.645553e-02	
0.000000	44.000000	165.789934	3.970554	6.089644e-01	3.133646e-02	2.014859e+02	4.173289e-02	
0.000000	48.000000	171.574451	3.845234	6.298104e-01	3.484978e-02	2.016265e+02	4.314995e-02	
0.000000	52.000000	179.968386	58.407472	5.721378e-01	3.316262e-02	2.010107e+02	4.070969e-02	
0.000000	56.000000	197.060542	13.783304	5.679739e-01	2.646076e-02	1.993807e+02	3.819650e-02	
0.000000	60.000000	215.803697	8.664825	5.695466e-01	2.660105e-02	1.964859e+02	3.906192e-02	
4.000000	0.000000	199.648518	770.066637	2.834106e+01	9.366351e-01	3.277606e+02	8.489507e-01	
4.000000	4.000000	172.058490	27.929424	6.136581e-01	2.568615e-02	1.997069e+02	4.393798e-02	
4.000000	8.000000	172.059058	20.457939	5.977719e-01	2.719259e-02	1.993700e+02	4.016542e-02	
4.000000	12.000000	170.849147	10.525412	5.862713e-01	2.914439e-02	1.993026e+02	3.903298e-02	
4.000000	16.000000	167.454596	957.374658	6.042656e-01	2.920199e-02	1.994560e+02	4.077975e-02	
4.000000	20.000000	165.804277	25.575938	5.799547e-01	2.608664e-02	1.996992e+02	3.904483e-02	
4.000000	24.000000	164.118345	6.884253	5.863517e-01	3.393085e-02	2.001327e+02	3.974304e-02	
4.000000	28.000000	161.147719	3.237153	6.200815e-01	2.926283e-02	2.003004e+02	4.149937e-02	
4.000000	32.000000	160.791241	5.528781	6.007094e-01	2.852017e-02	2.004282e+02	4.048007e-02	
4.000000	36.000000	160.713095	4.419423	6.335338e-01	3.145490e-02	2.007911e+02	4.198797e-02	
4.000000	40.000000	163.929079	46.603675	6.034611e-01	3.490424e-02	2.012322e+02	4.181977e-02	
4.000000	44.000000	165.789955	196.123423	5.827713e-01	2.748307e-02	2.014183e+02	3.921029e-02	
4.000000	48.000000	172.044329	79.234434	6.023833e-01	3.154524e-02	2.013641e+02	4.128308e-02	
4.000000	52.000000	182.929020	132.626637	5.806243e-01	2.910535e-02	2.008646e+02	3.800144e-02	
4.000000	56.000000	197.039198	7.817170	6.167875e-01	3.295277e-02	1.994053e+02	4.249242e-02	
4.000000	60.000000	215.808389	13.535157	5.711383e-01	2.653541e-02	1.968190e+02	4.267041e-02	
8.000000	0.000000	207.794614	9.227782	2.992967e+02	2.756360e+02	1.183863e+03	1.614168e+03	
8.000000	4.000000	173.818645	31.559980	6.254747e-01	3.261547e-02	1.994337e+02	4.203288e-02	
8.000000	8.000000	173.426361	12.601291	5.924940e-01	3.359716e-02	1.992336e+02	4.072219e-02	
8.000000	12.000000	172.586407	27.176440	6.153453e-01	2.927792e-02	1.991904e+02	4.099436e-02	
8.000000	16.000000	171.344356	12.333943	6.398183e-01	2.821251e-02	1.994138e+02	4.411440e-02	
8.000000	20.000000	167.201020	676.746680	5.970836e-01	2.990263e-02	1.995282e+02	4.093654e-02	
8.000000	24.000000	165.800542	30.767204	5.709816e-01	2.577609e-02	1.997965e+02	4.050777e-02	
8.000000	28.000000	164.587627	6.431109	5.953812e-01	3.027400e-02	2.000255e+02	3.884865e-02	
8.000000	32.000000	164.206869	5.797754	5.369078e-01	2.604979e-02	2.002446e+02	3.572022e-02	
8.000000	36.000000	164.152400	5.649260	6.498102e-01	2.979762e-02	2.004591e+02	4.478785e-02	
8.000000	40.000000	165.789948	5.111471	6.251274e-01	3.959407e-02	2.008217e+02	4.503588e-02	
8.000000	44.000000	166.216303	28.595280	5.985144e-01	3.134763e-02	2.010691e+02	3.951836e-02	
8.000000	48.000000	172.044343	34.543925	5.883259e-01	2.761326e-02	2.013999e+02	3.959505e-02	
8.000000	52.000000	183.895895	4.942062	5.027908e-01	2.905075e-02	2.010941e+02	3.235101e-02	
8.000000	56.000000	197.313766	7.786153	6.127101e-01	3.218710e-02	1.994200e+02	4.205400e-02	
8.000000	60.000000	220.429020	880.915862	6.107859e-01	2.813506e-02	1.972474e+02	4.105258e-02	
12.000000	0.000000	214.960271	13.501103	5.640597e-01	2.629656e-02	1.932712e+02	3.820436e-02	
12.000000	4.000000	178.305602	13.609937	6.338023e-01	2.939342e-02	1.994465e+02	4.305776e-02	
12.000000	8.000000	177.505778	18.982434	5.551775e-01	2.630207e-02	1.991700e+02	3.919479e-02	
12.000000	12.000000	175.764357	27.074834	6.157753e-01	2.966531e-02	1.992131e+02	4.076057e-02	
12.000000	16.000000	172.446208	10.387455	5.887834e-01	2.916116e-02	1.992980e+02	3.917646e-02	
12.000000	20.000000	170.530862	10.218175	6.734561e-01	4.120362e-02	1.995395e+02	4.738537e-02	
12.000000	24.000000	167.041078	574.323924	6.304171e-01	2.797370e-02	1.997333e+02	5.297968e-02	
12.000000	28.000000	165.807853	192.855295	6.155714e-01	3.041894e-02	1.999308e+02	4.104257e-02	
12.000000	32.000000	165.796906	5.560289	5.684836e-01	2.801917e-02	2.001811e+02	3.740389e-02	
12.000000	36.000000	165.789992	44.874794	6.746237e-01	4.132423e-02	2.005000e+02	4.744943e-02	
12.000000	40.000000	165.789984	4.270990	5.775265e-01	2.976224e-02	2.009853e+02	3.738974e-02	
12.000000	44.000000	168.634182	1017.024653	5.770747e-01	3.172778e-02	2.012268e+02	3.833892e-02	
12.000000	48.000000	173.202057	4.548333	5.828410e-01	2.908080e-02	2.013498e+02	3.896379e-02	
12.000000	52.000000	184.545395	7.023637	5.870876e-01	3.242015e-02	2.010451e+02	3.990994e-02	
12.000000	56.000000	198.932682	15.664583	5.957277e-01	2.554509e-02	1.997275e+02	4.159001e-02	
12.000000	60.000000	222.060175	10.789046	6.002600e-01	3.067859e-02	1.975847e+02	4.117693e-02	
16.000000	0.000000	220.476285	9.270854	5.797393e-01	2.689472e-02	1.936373e+02	3.895273e-02	
16.000000	4.000000	179.655427	457.026798	5.675461e-01	3.003076e-02	1.990210e+02	3.682110e-02	
16.000000	8.000000	179.006323	19.431399	6.279682e-01	3.877352e-02	1.987916e+02	4.476049e-02	
16.000000	12.000000	178.306005	25.195483	5.891824e-01	3.248392e-02	1.988971e+02	4.875819e-02	
16.000000	16.000000	177.089283	10.700520	6.594011e-01	3.188924e-02	1.991715e+02	4.417966e-02	
16.000000	20.000000	172.049587	8.187167	6.216312e-01	2.819178e-02	1.996149e+02	4.203270e-02	
16.000000	24.000000	171.257076	116.187920	6.036751e-01	2.600221e-02	1.996989e+02	4.153472e-02	
16.000000	28.000000	167.513723	195.953978	5.758774e-01	2.568492e-02	1.997867e+02	4.093891e-02	
16.000000	32.000000	167.036172	539.128462	6.095979e-01	3.351938e-02	2.000655e+02	4.171519e-02	
16.000000	36.000000	167.102855	393.745826	6.770557e-01	4.233460e-02	2.006093e+02	4.806276e-02	
16.000000	40.000000	167.068960	206.317563	5.968424e-01	2.562879e-02	2.007102e+02	4.106847e-02	
16.000000	44.000000	172.044320	5.882781	5.986321e-01	3.311865e-02	2.012742e+02	4.122863e-02	
16.000000	48.000000	176.587319	4.471257	5.809937e-01	2.938127e-02	2.013454e+02	3.970873e-02	
16.000000	52.000000	184.557853	5.960554	5.763125e-01	2.786701e-02	2.011367e+02	3.928903e-02	
16.000000	56.000000	201.584231	11.132282	5.280381e-01	3.636004e-02	1.999365e+02	4.720121e-02	
16.000000	60.000000	222.050139	10.072010	5.549106e-01	3.467837e-02	1.980467e+02	3.937024e-02	
20.000000	0.000000	224.966578	8.508845	5.958341e-01	3.020785e-02	1.940128e+02	3.888671e-02	
20.000000	4.000000	183.499823	14.379615	6.258917e-01	3.175609e-02	1.989588e+02	4.134875e-02	
20.000000	8.000000	182.967491	760.833761	5.981624e-01	2.903797e-02	1.988004e+02	5.240429e-02	
20.000000	12.000000	180.369258	1005.114079	6.004414e-01	2.653759e-02	1.987714e+02	4.675667e-02	
20.000000	16.000000	178.833742	10.207838	6.343651e-01	2.702462e-02	1.987114e+02	5.103256e-02	
20.000000	20.000000	176.548981	14.463710	5.904395e-01	3.813535e-02	1.990628e+02	4.491471e-02	
20.000000	24.000000	172.478898	29.566199	6.167334e-01	3.296335e-02	1.995053e+02	4.179253e-02	
20.000000	28.000000	171.325849	8.663043	6.067989e-01	2.824665e-02	1.998230e+02	4.320066e-02	
20.000000	32.000000	170.050027	11.643727	5.591255e-01	3.539801e-02	2.001087e+02	3.884854e-02	
20.000000	36.000000	170.798770	97.811526	5.988313e-01	2.991708e-02	2.003397e+02	4.000880e-02	
20.000000	40.000000	171.099742	7.193011	6.300411e-01	2.800871e-02	2.007544e+02	4.380368e-02	
20.000000	44.000000	172.086526	5.952896	5.843163e-01	2.990788e-02	2.009273e+02	4.066393e-02	
20.000000	48.000000	178.298480	6.381670	5.798272e-01	3.435220e-02	2.011468e+02	3.947908e-02	
20.000000	52.000000	185.387513	6.609792	5.807211e-01	2.898143e-02	2.011327e+02	3.794564e-02	
20.000000	56.000000	203.322586	5.649589	6.040455e-01	2.902581e-02	1.998483e+02	4.537788e-02	
20.000000	60.000000	222.052301	11.656938	5.766756e-01	3.175126e-02	1.982079e+02	3.823140e-02	
24.000000	0.000000	230.075132	1049.841183	6.224527e-01	2.815266e-02	1.947457e+02	4.235828e-02	
24.000000	4.000000	186.075401	30.369434	5.942285e-01	2.740134e-02	1.986222e+02	3.997308e-02	
24.000000	8.000000	185.442815	30.045153	6.128583e-01	3.188975e-02	1.984718e+02	4.203531e-02	
24.000000	12.000000	184.555536	31.067834	5.820202e-01	2.639940e-02	1.983280e+02	3.902279e-02	
24.000000	16.000000	182.837647	672.728982	6.557224e-01	3.911043e-02	1.986315e+02	4.611062e-02	
24.000000	20.000000	178.291501	22.876867	6.015782e-01	3.326512e-02	1.988128e+02	4.019254e-02	
24.000000	24.000000	176.560173	11.202674	5.969126e-01	2.591041e-02	1.992434e+02	4.358328e-02	
24.000000	28.000000	173.286172	7.812052	6.192916e-01	3.332618e-02	1.995196e+02	4.192463e-02	
24.000000	32.000000	172.058322	8.444084	5.818487e-01	3.197797e-02	1.999065e+02	4.696340e-02	
24.000000	36.000000	172.072433	202.828464	6.039528e-01	2.689940e-02	2.003581e+02	4.074595e-02	
24.000000	40.000000	172.408111	7.008048	6.900850e-01	4.405509e-02	2.007324e+02	5.098165e-02	
24.000000	44.000000	175.476123	60.348654	5.715301e-01	2.909283e-02	2.009242e+02	3.779272e-02	
24.000000	48.000000	178.542731	5.935769	5.633955e-01	3.076974e-02	2.010071e+02	3.742606e-02	
24.000000	52.000000	189.213747	5.617876	6.671465e-01	3.330360e-02	2.010044e+02	4.419064e-02	
24.000000	56.000000	203.300033	11.971503	5.810227e-01	2.819553e-02	2.002214e+02	3.841386e-02	
24.000000	60.000000	223.302887	14.068810	6.121362e-01	2.634682e-02	1.983395e+02	4.187804e-02	
28.000000	0.000000	238.552567	11.353564	5.797873e-01	3.096590e-02	1.949819e+02	3.958395e-02	
28.000000	4.000000	190.800067	29.648518	5.676168e-01	2.797347e-02	1.981823e+02	3.724873e-02	
28.000000	8.000000	190.805404	24.155050	5.819781e-01	2.773704e-02	1.978498e+02	3.969781e-02	
28.000000	12.000000	189.052384	25.740676	5.972767e-01	2.882943e-02	1.978777e+02	4.022853e-02	
28.000000	16.000000	185.770878	29.866474	5.930493e-01	3.426908e-02	1.980980e+02	4.077810e-02	
28.000000	20.000000	183.058010	209.920523	6.164788e-01	2.642267e-02	1.986550e+02	4.232503e-02	
28.000000	24.000000	179.028388	10.905952	6.154377e-01	2.623506e-02	1.986741e+02	4.237186e-02	
28.000000	28.000000	177.509771	11.030000	6.114083e-01	3.069998e-02	1.992470e+02	4.051739e-02	
28.000000	32.000000	176.560194	7.514073	7.064696e-01	4.860640e-02	1.996804e+02	5.213833e-02	
28.000000	36.000000	176.096556	119.694578	5.847282e-01	3.044081e-02	1.999724e+02	3.825172e-02	
28.000000	40.000000	176.480207	7.137435	5.572852e-01	2.803715e-02	2.002948e+02	3.779031e-02	
28.000000	44.000000	178.285451	8.999450	6.027195e-01	2.929945e-02	2.008197e+02	3.982396e-02	
28.000000	48.000000	182.821818	71.588896	5.517620e-01	3.444069e-02	2.011492e+02	3.741353e-02	
28.000000	52.000000	190.810437	41.482053	6.124643e-01	4.076222e-02	2.008820e+02	4.477693e-02	
28.000000	56.000000	203.307233	7.388030	5.859561e-01	2.824277e-02	2.002307e+02	3.880918e-02	
28.000000	60.000000	225.754201	17.302081	6.535817e-01	4.079390e-02	1.987346e+02	4.693635e-02	
32.000000	0.000000	245.458749	621.946339	5.834723e-01	3.084370e-02	1.956783e+02	3.985316e-02	
32.000000	4.000000	196.311584	18.507041	5.324606e-01	3.231615e-02	1.980171e+02	3.737847e-02	
32.000000	8.000000	195.309996	846.509356	6.404203e-01	3.719396e-02	1.976630e+02	4.473981e-02	
32.000000	12.000000	192.107531	808.884236	6.361981e-01	3.685186e-02	1.976712e+02	4.411230e-02	
32.000000	16.000000	190.045207	29.489303	5.954342e-01	2.636832e-02	1.976693e+02	4.016501e-02	
32.000000	20.000000	186.410638	40.115157	5.215891e-01	3.095341e-02	1.981696e+02	3.391708e-02	
32.000000	24.000000	183.290940	18.338378	5.978386e-01	2.557815e-02	1.987138e+02	4.133662e-02	
32.000000	28.000000	180.393932	995.822723	6.003354e-01	3.081632e-02	1.990255e+02	4.045448e-02	
32.000000	32.000000	179.107390	7.642571	6.096432e-01	2.770389e-02	1.992235e+02	4.134850e-02	
32.000000	36.000000	178.878958	41.520065	6.570467e-01	3.864868e-02	1.995776e+02	4.586707e-02	
32.000000	40.000000	178.301765	8.820098	5.894276e-01	3.032492e-02	1.999252e+02	4.196576e-02	
32.000000	44.000000	179.570980	787.190888	5.926700e-01	2.936879e-02	2.004671e+02	4.061741e-02	
32.000000	48.000000	184.552557	6.518768	6.390213e-01	3.292297e-02	2.009832e+02	4.408614e-02	
32.000000	52.000000	192.169310	232.940619	6.094980e-01	3.102030e-02	2.011162e+02	4.005787e-02	
32.000000	56.000000	205.956757	229.539815	5.895004e-01	2.908839e-02	2.005308e+02	4.000563e-02	
32.000000	60.000000	227.389282	12.078790	5.853035e-01	2.931614e-02	1.990856e+02	3.988628e-02	
36.000000	0.000000	252.246437	17.561771	5.828251e-01	3.250532e-02	1.960814e+02	3.911693e-02	
36.000000	4.000000	201.627585	27.084928	5.823023e-01	2.971301e-02	1.973908e+02	3.922536e-02	
36.000000	8.000000	200.840531	43.644203	5.608530e-01	2.597684e-02	1.972895e+02	3.746429e-02	
36.000000	12.000000	198.216175	31.066165	6.152601e-01	3.136022e-02	1.972744e+02	4.088953e-02	
36.000000	16.000000	196.001064	20.513876	5.759506e-01	2.700826e-02	1.973945e+02	3.880415e-02	
36.000000	20.000000	192.049684	487.855957	6.290825e-01	2.889597e-02	1.977057e+02	4.235111e-02	
36.000000	24.000000	189.075066	34.724176	5.618599e-01	2.585226e-02	1.982679e+02	3.756825e-02	
36.000000	28.000000	185.058340	38.726652	6.003682e-01	2.549807e-02	1.987246e+02	4.223393e-02	
36.000000	32.000000	183.334096	14.262947	6.100587e-01	3.093277e-02	1.990694e+02	4.274081e-02	
36.000000	36.000000	182.865172	223.859332	6.361934e-01	3.245750e-02	1.995280e+02	4.335055e-02	
36.000000	40.000000	182.793811	366.731903	5.975514e-01	3.238820e-02	2.001501e+02	3.966297e-02	
36.000000	44.000000	184.556069	24.341802	6.557193e-01	2.694650e-02	2.005040e+02	4.344634e-02	
36.000000	48.000000	188.906900	8.959347	5.797393e-01	2.689473e-02	2.006373e+02	3.895275e-02	
36.000000	52.000000	195.917739	6.910278	6.140700e-01	3.129386e-02	2.009570e+02	4.224557e-02	
36.000000	56.000000	209.545932	6.222987	6.397820e-01	3.271380e-02	2.004153e+02	4.298836e-02	
36.000000	60.000000	228.302326	17.444869	6.217439e-01	3.889685e-02	1.991522e+02	4.450831e-02	
40.000000	0.000000	257.931040	841.074235	6.024237e-01	2.561483e-02	1.967081e+02	4.185683e-02	
40.000000	4.000000	207.904285	426.414764	6.116571e-01	3.104190e-02	1.970087e+02	4.040598e-02	
40.000000	8.000000	207.895008	815.455320	6.200065e-01	3.042695e-02	1.968990e+02	4.082734e-02	
40.000000	12.000000	204.466178	709.780607	6.312745e-01	3.178918e-02	1.967955e+02	4.165040e-02	
40.000000	16.000000	202.267790	26.067281	5.800804e-01	2.557389e-02	1.967411e+02	3.967000e-02	
40.000000	20.000000	198.291251	29.494352	6.125451e-01	3.213362e-02	1.972180e+02	4.064308e-02	
40.000000	24.000000	194.451299	978.342924	6.202596e-01	3.723273e-02	1.977519e+02	4.335159e-02	
40.000000	28.000000	190.795482	35.127428	5.916681e-01	2.775991e-02	1.982113e+02	3.938027e-02	
40.000000	32.000000	189.087646	11.258278	6.278160e-01	3.180051e-02	1.985178e+02	4.264297e-02	
40.000000	36.000000	187.761686	60.757669	5.214120e-01	2.775049e-02	1.991203e+02	3.483124e-02	
40.000000	40.000000	186.538737	45.032996	6.057613e-01	3.105088e-02	1.996115e+02	4.026317e-02	
40.000000	44.000000	188.762069	42.585879	6.006643e-01	3.176898e-02	2.002014e+02	3.972219e-02	
40.000000	48.000000	191.147877	7.054554	6.100156e-01	3.124766e-02	2.005451e+02	4.140649e-02	
40.000000	52.000000	198.439806	9.733898	6.629399e-01	3.242836e-02	2.007477e+02	4.390176e-02	
40.000000	56.000000	210.786254	8.268394	5.727693e-01	2.908696e-02	2.006636e+02	3.900465e-02	
40.000000	60.000000	229.690964	691.279049	6.270629e-01	3.381316e-02	1.994953e+02	4.316139e-02	
44.000000	0.000000	260.223321	15.511973	5.790633e-01	3.072863e-02	1.971297e+02	3.787199e-02	
44.000000	4.000000	217.060195	759.595105	6.574059e-01	4.000384e-02	1.966710e+02	4.659083e-02	
44.000000	8.000000	217.305174	28.763807	6.138823e-01	3.213298e-02	1.964622e+02	4.221000e-02	
44.000000	12.000000	214.209017	36.495641	6.005394e-01	3.390224e-02	1.962551e+02	4.148536e-02	
44.000000	16.000000	210.908691	40.217704	5.901009e-01	2.933942e-02	1.968338e+02	3.876695e-02	
44.000000	20.000000	206.069202	1020.850123	5.943917e-01	3.043127e-02	1.969935e+02	3.898205e-02	
44.000000	24.000000	201.617580	9.595159	6.379582e-01	2.882718e-02	1.974300e+02	4.368866e-02	
44.000000	28.000000	197.860161	40.694371	5.921321e-01	2.927041e-02	1.978708e+02	4.433549e-02	
44.000000	32.000000	195.410216	551.207476	5.557368e-01	2.628307e-02	1.984020e+02	3.766073e-02	
44.000000	36.000000	193.505233	993.015587	5.832180e-01	2.958455e-02	1.989473e+02	3.833033e-02	
44.000000	40.000000	192.104991	788.586707	5.950220e-01	3.007944e-02	1.994060e+02	3.996197e-02	
44.000000	44.000000	192.860264	968.350592	5.660067e-01	2.629439e-02	2.001791e+02	4.123596e-02	
44.000000	48.000000	197.060349	10.525933	6.118518e-01	3.413170e-02	2.006786e+02	4.201776e-02	
44.000000	52.000000	203.304152	58.611365	6.315535e-01	2.652592e-02	2.006448e+02	4.431751e-02	
44.000000	56.000000	215.799962	6.442916	6.575526e-01	2.865315e-02	2.005665e+02	4.627540e-02	
44.000000	60.000000	234.559275	12.605419	6.356978e-01	3.667600e-02	1.996680e+02	4.441505e-02	
48.000000	0.000000	264.881429	16.202530	6.155681e-01	3.553850e-02	1.977373e+02	4.291308e-02	
48.000000	4.000000	229.974055	898.404013	5.033460e-01	3.097553e-02	1.961328e+02	3.189950e-02	
48.000000	8.000000	229.103106	423.538000	6.513421e-01	4.492920e-02	1.958687e+02	4.975983e-02	
48.000000	12.000000	227.075195	59.379441	6.631695e-01	4.518432e-02	1.958320e+02	5.021167e-02	
48.000000	16.000000	223.362992	40.251053	5.908951e-01	3.344911e-02	1.960726e+02	4.049474e-02	
48.000000	20.000000	216.966417	699.528097	6.236182e-01	3.196631e-02	1.964685e+02	4.235850e-02	
48.000000	24.000000	210.791160	36.766535	6.313934e-01	3.175745e-02	1.969565e+02	4.305957e-02	
48.000000	28.000000	207.226360	942.352298	6.056131e-01	2.808269e-02	1.976057e+02	4.048036e-02	
48.000000	32.000000	204.633551	42.391818	6.398874e-01	3.225359e-02	1.979719e+02	4.337821e-02	
48.000000	36.000000	201.742884	9.360457	5.607183e-01	3.162697e-02	1.981472e+02	3.692263e-02	
48.000000	40.000000	201.132644	48.653148	5.686090e-01	2.978929e-02	1.989916e+02	3.676031e-02	
48.000000	44.000000	200.961269	86.442861	6.501670e-01	3.504362e-02	1.995858e+02	4.470500e-02	
48.000000	48.000000	202.441525	8.707073	5.797121e-01	3.085591e-02	2.000744e+02	3.795472e-02	
48.000000	52.000000	208.601709	9.373480	6.075223e-01	2.818366e-02	2.005937e+02	4.096192e-02	
48.000000	56.000000	220.326357	193.028646	5.883259e-01	2.761326e-02	2.003999e+02	3.959505e-02	
48.000000	60.000000	237.855463	38.217254	5.917935e-01	2.985748e-02	1.998770e+02	4.525359e-02	
52.000000	0.000000	267.190964	690.426258	5.915684e-01	2.961903e-02	1.978753e+02	4.486700e-02	
52.000000	4.000000	251.609130	120.611152	5.730857e-01	3.639409e-02	1.950868e+02	4.120442e-02	
52.000000	8.000000	250.243257	96.410588	5.978947e-01	3.631965e-02	1.950155e+02	4.584515e-02	
52.000000	12.000000	247.380287	208.933916	5.717346e-01	3.091165e-02	1.949947e+02	3.855396e-02	
52.000000	16.000000	242.330943	801.096582	6.088896e-01	2.891939e-02	1.951475e+02	4.118234e-02	
52.000000	20.000000	235.298671	91.976597	7.152873e-01	4.730940e-02	1.957716e+02	5.548278e-02	
52.000000	24.000000	227.074862	68.422043	5.810588e-01	2.566776e-02	1.962767e+02	3.934752e-02	
52.000000	28.000000	220.979540	153.815809	6.362724e-01	3.031212e-02	1.968447e+02	4.689999e-02	
52.000000	32.000000	217.159769	749.770356	5.746994e-01	2.783838e-02	1.971875e+02	3.787962e-02	
52.000000	36.000000	214.055440	40.779165	6.222687e-01	3.407513e-02	1.979362e+02	4.863977e-02	
52.000000	40.000000	210.971056	47.508202	5.885502e-01	3.017827e-02	1.986541e+02	4.019740e-02	
52.000000	44.000000	210.086645	48.899008	6.015790e-01	3.280238e-02	1.992566e+02	4.021306e-02	
52.000000	48.000000	211.019730	35.987285	5.782277e-01	2.556971e-02	1.997365e+02	3.926121e-02	
52.000000	52.000000	217.146509	31.405705	6.334638e-01	3.463925e-02	2.000772e+02	4.351496e-02	
52.000000	56.000000	227.498859	13.747345	5.812237e-01	2.958725e-02	2.001657e+02	3.807770e-02	
52.000000	60.000000	242.909469	1001.544586	4.923304e-01	3.896363e-02	2.000010e+02	3.719727e-02	
56.000000	0.000000	273.558605	23.289326	5.818155e-01	2.671441e-02	1.983450e+02	3.907375e-02	
56.000000	4.000000	305.419127	839.179226	6.458448e-01	3.661772e-02	1.944760e+02	4.475239e-02	
56.000000	8.000000	301.391216	380.129946	6.113309e-01	2.755593e-02	1.943854e+02	4.125287e-02	
56.000000	12.000000	296.808236	727.663954	5.712551e-01	2.587626e-02	1.942477e+02	3.878782e-02	
56.000000	16.000000	289.398471	203.580966	6.528728e-01	4.447650e-02	1.948504e+02	4.945825e-02	
56.000000	20.000000	277.308043	207.865976	5.698445e-01	2.830734e-02	1.951123e+02	3.933397e-02	
56.000000	24.000000	264.470026	168.225993	5.759514e-01	3.374200e-02	1.958126e+02	3.938506e-02	
56.000000	28.000000	253.657256	258.743225	5.859100e-01	2.926446e-02	1.963451e+02	3.913040e-02	
56.000000	32.000000	245.420755	793.315670	6.169250e-01	2.990261e-02	1.968913e+02	4.165442e-02	
56.000000	36.000000	238.753406	164.696660	6.149794e-01	2.945442e-02	1.973094e+02	4.097056e-02	
56.000000	40.000000	232.066988	843.768864	6.211189e-01	3.589532e-02	1.980585e+02	4.459594e-02	
56.000000	44.000000	228.284796	300.731174	6.224215e-01	2.896777e-02	1.984308e+02	4.214835e-02	
56.000000	48.000000	227.343300	51.930449	5.276941e-01	3.674475e-02	1.990602e+02	3.752384e-02	
56.000000	52.000000	229.874350	53.870305	6.325624e-01	3.587324e-02	1.996525e+02	4.393996e-02	
56.000000	56.000000	239.175668	30.704749	6.174265e-01	3.641467e-02	1.998679e+02	4.305905e-02	
56.000000	60.000000	254.602358	452.268769	6.407707e-01	2.778768e-02	1.994532e+02	4.255415e-02	
60.000000	0.000000	282.907633	804.044140	6.080939e-01	2.959147e-02	1.984702e+02	4.098690e-02	
60.000000	4.000000	667.480859	324.762871	5.992837e-01	2.578858e-02	1.956973e+02	4.104974e-02	
60.000000	8.000000	650.960553	184.220724	6.357429e-01	2.899153e-02	1.954336e+02	4.341551e-02	
60.000000	12.000000	625.430349	344.147466	6.082722e-01	3.190312e-02	1.956080e+02	4.172689e-02	
60.000000	16.000000	593.421087	428.071699	6.346082e-01	3.042789e-02	1.958719e+02	4.392595e-02	
60.000000	20.000000	540.333321	274.078286	6.361085e-01	3.534902e-02	1.964473e+02	4.404433e-02	
60.000000	24.000000	477.709248	721.197707	6.385982e-01	3.432792e-02	1.972217e+02	4.229865e-02	
60.000000	28.000000	429.912693	293.730056	6.474456e-01	3.202938e-02	1.978735e+02	4.285409e-02	
60.000000	32.000000	390.479198	675.673649	6.083054e-01	3.058069e-02	1.981592e+02	4.003005e-02	
60.000000	36.000000	357.324661	742.769686	6.499275e-01	2.866981e-02	1.987320e+02	4.664476e-02	
60.000000	40.000000	323.615414	750.133993	5.910384e-01	2.827373e-02	1.984415e+02	3.987617e-02	
60.000000	44.000000	295.597392	751.267301	6.142097e-01	2.846265e-02	1.984180e+02	4.098647e-02	
60.000000	48.000000	278.129794	716.088541	6.304961e-01	2.700832e-02	1.986256e+02	4.356327e-02	
60.000000	52.000000	269.789851	833.039833	6.039742e-01	2.789364e-02	1.988265e+02	4.285610e-02	
60.000000	56.000000	271.084430	723.879185	5.965364e-01	3.029913e-02	1.989134e+02	4.280223e-02	
60.000000	60.000000	281.069201	930.891794	5.834266e-01	2.871845e-02	1.988226e+02	4.937626e-02	
0.000000	0.000000	304.634607	776.405744	5.779426e-01	2.982998e-02	1.979832e+02	3.749240e-02	
