0.000000	4.000000	163.674869	20.600780	5.450332e-01	2.730141e-02	1.802838e+02	3.698470e-02	
0.000000	8.000000	160.939806	10.087164	5.831155e-01	3.265897e-02	1.802333e+02	3.991868e-02	
0.000000	12.000000	159.549418	6.530490	6.246846e-01	2.985590e-02	1.803229e+02	4.182493e-02	
0.000000	16.000000	159.550342	6.627384	5.722857e-01	2.841624e-02	1.806547e+02	3.907217e-02	
0.000000	20.000000	157.949741	217.120493	5.823381e-01	2.895633e-02	1.808730e+02	3.821256e-02	
0.000000	24.000000	154.670666	93.384802	6.669081e-01	4.936008e-02	1.809174e+02	5.438155e-02	
0.000000	28.000000	153.680543	5.841748	5.899281e-01	3.137442e-02	1.810307e+02	3.934073e-02	
0.000000	32.000000	154.665766	58.581638	5.790633e-01	3.072862e-02	1.811297e+02	3.787197e-02	
0.000000	36.000000	157.827811	88.710951	6.239874e-01	3.698227e-02	1.817521e+02	4.381481e-02	
0.000000	40.000000	159.535208	162.385466	5.475059e-01	2.593324e-02	1.817862e+02	3.656569e-02	
0.000000	44.000000	164.968879	3.408972	5.517981e-01	3.086574e-02	1.819886e+02	3.715807e-02	
0.000000	48.000000	172.044310	4.506237	5.386395e-01	4.232367e-02	1.819795e+02	3.756964e-02	
0.000000	52.000000	180.434542	1037.245172	5.693615e-01	3.102243e-02	1.811256e+02	3.725691e-02	
0.000000	56.000000	195.368693	7.709562	5.783770e+01	1.936489e+01	2.925998e+02	1.318785e+01	
0.000000	60.000000	197.056007	7.639434	5.959630e-01	2.977287e-02	4.435400e+02	4.035256e-02	
4.000000	0.000000	184.555825	10.276408	6.506651e-01	3.380598e-02	4.392243e+02	4.329890e-02	
4.000000	4.000000	165.805926	18.280169	5.384645e-01	3.062624e-02	1.801900e+02	3.531339e-02	
4.000000	8.000000	164.981635	7.412655	5.362964e-01	2.969290e-02	1.800301e+02	3.402157e-02	
4.000000	12.000000	161.841804	29.867844	6.126850e-01	2.993242e-02	1.801393e+02	4.034391e-02	
4.000000	16.000000	159.551244	6.749029	6.039528e-01	2.689946e-02	1.803581e+02	4.074603e-02	
4.000000	20.000000	159.555599	6.092563	6.127945e-01	2.930886e-02	1.807005e+02	4.089071e-02	
4.000000	24.000000	158.036905	72.513937	6.051540e-01	3.185263e-02	1.809795e+02	4.207141e-02	
4.000000	28.000000	157.709232	13.718626	5.891252e-01	3.062657e-02	1.809620e+02	4.028274e-02	
4.000000	32.000000	157.785939	103.520266	5.475860e-01	3.521974e-02	1.811171e+02	3.676077e-02	
4.000000	36.000000	159.535206	4.987247	5.792540e-01	2.871654e-02	1.812658e+02	3.839750e-02	
4.000000	40.000000	159.559325	4.142309	5.981422e-01	3.116736e-02	1.816410e+02	4.103617e-02	
4.000000	44.000000	165.789964	5.100494	5.962132e-01	2.920811e-02	1.818275e+02	3.919411e-02	
4.000000	48.000000	172.051992	6.772114	5.484940e-01	3.538410e-02	1.818858e+02	3.680028e-02	
4.000000	52.000000	182.951373	90.027210	5.618275e-01	2.834921e-02	1.812433e+02	3.702538e-02	
4.000000	56.000000	195.496234	15.279506	5.183832e-01	2.892438e-02	1.797729e+02	3.639936e-02	
4.000000	60.000000	201.672988	10.974310	6.096122e-01	2.781761e-02	4.437736e+02	4.133429e-02	
8.000000	0.000000	190.805128	11.804271	6.056404e-01	2.562534e-02	4.397193e+02	4.305310e-02	
8.000000	4.000000	166.249149	10.158319	6.271771e-01	3.112450e-02	1.799677e+02	4.128935e-02	
8.000000	8.000000	165.801889	21.293215	5.964163e-01	2.761074e-02	1.796130e+02	4.013310e-02	
8.000000	12.000000	165.800942	9.545910	5.653531e-01	2.579948e-02	1.798052e+02	3.979273e-02	
8.000000	16.000000	161.994540	41.076973	5.611762e-01	2.979543e-02	1.801343e+02	3.646944e-02	
8.000000	20.000000	159.554161	6.659022	5.719034e-01	2.810877e-02	1.806407e+02	3.907049e-02	
8.000000	24.000000	159.553948	8.601888	5.981850e-01	2.889713e-02	1.808567e+02	4.446080e-02	
8.000000	28.000000	159.551829	4.521430	5.633192e-01	2.839592e-02	1.808970e+02	3.846175e-02	
8.000000	32.000000	159.550818	5.866970	5.449138e-01	2.963138e-02	1.810613e+02	3.488112e-02	
8.000000	36.000000	159.535217	4.700244	5.728637e-01	2.705158e-02	1.814837e+02	3.882075e-02	
8.000000	40.000000	160.913303	6.324274	5.765342e-01	2.744591e-02	1.815329e+02	3.950663e-02	
8.000000	44.000000	165.827480	178.344269	5.662076e-01	2.765505e-02	1.816262e+02	3.861282e-02	
8.000000	48.000000	172.055360	4.729876	5.814308e-01	3.126178e-02	1.817293e+02	3.971339e-02	
8.000000	52.000000	183.825010	5.583447	5.910211e-01	3.327152e-02	1.812757e+02	3.975555e-02	
8.000000	56.000000	196.120601	8.026766	5.225597e-01	3.868445e-02	1.799311e+02	3.513365e-02	
8.000000	60.000000	203.300902	17.374031	5.797440e-01	2.888282e-02	4.443125e+02	3.858175e-02	
12.000000	0.000000	195.291094	9.153783	6.669895e-01	3.761974e-02	4.403727e+02	4.674659e-02	
12.000000	4.000000	170.395008	840.785989	5.243982e-01	3.035960e-02	1.799186e+02	3.880787e-02	
12.000000	8.000000	167.915059	989.449694	5.992258e-01	3.190423e-02	1.796661e+02	4.132888e-02	
12.000000	12.000000	165.073528	8.206705	5.576399e-01	2.627896e-02	1.796397e+02	3.768013e-02	
12.000000	16.000000	165.805759	8.711972	6.041939e-01	3.824607e-02	1.799786e+02	5.133484e-02	
12.000000	20.000000	162.433268	32.925576	6.124620e-01	2.762326e-02	1.803851e+02	4.144109e-02	
12.000000	24.000000	160.411419	5.533847	5.856763e-01	2.891459e-02	1.805590e+02	3.972753e-02	
12.000000	28.000000	159.554964	6.098862	5.945799e-01	2.758540e-02	1.808006e+02	3.992835e-02	
12.000000	32.000000	159.557796	4.992278	5.568838e-01	3.016411e-02	1.810085e+02	3.622654e-02	
12.000000	36.000000	160.909971	6.154024	5.297489e-01	2.637712e-02	1.812128e+02	3.505772e-02	
12.000000	40.000000	163.997421	4.267867	5.920354e-01	2.992409e-02	1.816080e+02	4.055779e-02	
12.000000	44.000000	166.337134	5.149270	5.736608e-01	3.107410e-02	1.817511e+02	3.896861e-02	
12.000000	48.000000	173.560214	5.159994	5.285572e-01	2.716028e-02	1.818645e+02	3.553521e-02	
12.000000	52.000000	184.548456	6.970769	5.168320e-01	2.269301e-02	1.813854e+02	3.579702e-02	
12.000000	56.000000	197.839368	11.229708	3.477490e+02	1.780925e+02	1.844873e+02	2.783027e+02	
12.000000	60.000000	209.545257	14.921100	6.225608e-01	3.445692e-02	4.446515e+02	4.302854e-02	
16.000000	0.000000	198.057304	501.902624	5.911303e-01	2.764260e-02	4.413955e+02	3.977163e-02	
16.000000	4.000000	170.893038	33.792190	3.475991e+02	1.798333e+02	-5.000489e+02	4.404511e+02	
16.000000	8.000000	170.314397	17.655288	5.469114e-01	2.574751e-02	1.796355e+02	3.789152e-02	
16.000000	12.000000	171.513897	972.268319	1.608596e+00	4.480306e+02	1.798268e+02	8.250941e+01	
16.000000	16.000000	164.579323	8.568973	3.009430e+02	1.560336e+02	2.310343e+02	2.202431e+02	
16.000000	20.000000	165.802824	8.051758	5.772922e-01	3.762519e-02	1.801127e+02	4.029825e-02	
16.000000	24.000000	164.218934	5.258188	5.515039e-01	2.537020e-02	1.804565e+02	3.746870e-02	
16.000000	28.000000	163.130821	4.991140	6.119614e-01	2.675212e-02	1.803559e+02	4.157932e-02	
16.000000	32.000000	163.091437	44.039570	6.227740e-01	3.541443e-02	1.806359e+02	4.275475e-02	
16.000000	36.000000	164.020177	6.136749	5.601905e-01	3.748089e-02	1.810064e+02	4.500951e-02	
16.000000	40.000000	165.801713	7.601808	5.961876e-01	3.035230e-02	1.814389e+02	4.024359e-02	
16.000000	44.000000	169.824697	96.493086	6.170791e-01	2.902337e-02	1.818206e+02	4.133312e-02	
16.000000	48.000000	176.699741	6.040161	5.637121e-01	2.862369e-02	1.818523e+02	4.537276e-02	
16.000000	52.000000	184.551349	38.654456	6.272933e-01	3.401876e-02	1.814572e+02	4.329263e-02	
16.000000	56.000000	199.876973	14.729153	6.108022e-01	3.845059e-02	1.801658e+02	4.360379e-02	
16.000000	60.000000	210.087779	15.480247	5.824846e-01	2.831630e-02	4.448702e+02	4.114508e-02	
20.000000	0.000000	203.305899	8.884822	5.685760e-01	2.684032e-02	4.414248e+02	3.895328e-02	
20.000000	4.000000	175.725472	26.964058	3.127086e+02	1.048807e+02	-7.112944e+02	6.876046e+02	
20.000000	8.000000	171.801911	15.488088	5.579004e-01	2.724452e-02	1.794137e+02	3.980814e-02	
20.000000	12.000000	170.459113	32.550908	5.438877e+02	1.268287e+02	-1.493386e+03	7.149440e+02	
20.000000	16.000000	174.259958	152.030673	3.366907e+01	2.506744e+00	3.003801e+02	2.320641e+00	
20.000000	20.000000	166.193161	243.027333	1.748756e+02	1.739409e+02	2.370803e+01	1.475158e+02	
20.000000	24.000000	165.791366	38.746978	5.735956e-01	2.960549e-02	1.801581e+02	3.740908e-02	
20.000000	28.000000	164.968433	8.834336	5.909594e-01	2.943257e-02	1.803110e+02	3.946006e-02	
20.000000	32.000000	165.805593	8.122829	6.514950e-01	3.538968e-02	1.803251e+02	4.358431e-02	
20.000000	36.000000	165.790755	47.748677	6.124582e-01	3.791211e-02	1.808186e+02	4.345158e-02	
20.000000	40.000000	166.413333	5.846215	5.437790e-01	3.005636e-02	1.811095e+02	4.329583e-02	
20.000000	44.000000	172.044341	7.745793	5.845308e-01	2.687865e-02	1.816458e+02	3.927080e-02	
20.000000	48.000000	177.573553	5.625679	5.498820e-01	2.607687e-02	1.813733e+02	3.719079e-02	
20.000000	52.000000	185.059635	5.621708	5.762192e-01	2.729104e-02	1.814506e+02	3.900624e-02	
20.000000	56.000000	201.713827	8.831468	3.771307e+02	5.349531e+01	-1.085589e+03	3.179060e+02	
20.000000	60.000000	215.004415	6.551853	5.237153e-01	3.249970e-02	4.450498e+02	3.424180e-02	
24.000000	0.000000	209.552044	8.867211	6.031888e-01	3.029760e-02	4.420319e+02	3.935971e-02	
24.000000	4.000000	176.496723	30.492509	1.134404e+03	6.754109e+02	6.721599e+02	2.117463e+03	
24.000000	8.000000	176.296315	18.846496	1.244444e+03	1.158924e+03	-5.751381e+02	1.709474e+03	
24.000000	12.000000	175.165642	30.788311	1.222808e+03	6.418709e+02	-2.335880e+02	2.787356e+03	
24.000000	16.000000	170.374696	33.964293	8.981836e+02	8.714244e+02	-1.980814e+03	1.208094e+03	
24.000000	20.000000	170.571354	461.615136	3.009424e+02	1.564269e+02	2.596275e+02	2.251145e+02	
24.000000	24.000000	167.244806	174.060960	2.462078e+02	2.289915e+02	-4.685488e+01	1.918030e+02	
24.000000	28.000000	166.256199	211.108664	5.414672e-01	2.904015e-02	1.800696e+02	3.570829e-02	
24.000000	32.000000	166.612871	7.965239	5.412679e-01	2.870526e-02	1.801394e+02	3.500128e-02	
24.000000	36.000000	167.245120	122.213420	5.875947e-01	2.881637e-02	1.805469e+02	4.025476e-02	
24.000000	40.000000	170.468928	107.099377	5.816511e-01	2.956867e-02	1.810778e+02	3.779564e-02	
24.000000	44.000000	172.055115	6.225918	5.658364e-01	2.618511e-02	1.814906e+02	3.883116e-02	
24.000000	48.000000	178.290880	5.792238	5.882732e-01	2.885062e-02	1.815376e+02	4.030484e-02	
24.000000	52.000000	187.255235	25.836600	5.740013e-01	2.891688e-02	1.816725e+02	3.908103e-02	
24.000000	56.000000	202.522995	7.444694	5.692340e-01	2.659045e-02	1.805235e+02	3.903961e-02	
24.000000	60.000000	216.649505	10.152079	3.876181e+02	1.941689e+02	1.187105e+03	3.534496e+02	
28.000000	0.000000	215.800041	9.368855	5.359018e-01	2.310256e-02	4.425096e+02	3.708107e-02	
28.000000	4.000000	181.403035	813.167905	2.258269e+01	6.622237e-01	3.162674e+02	8.707018e-01	
28.000000	8.000000	174.890419	931.632235	2.171716e+01	4.598004e-01	3.167540e+02	8.646392e-01	
28.000000	12.000000	174.341802	10.861436	2.738696e+01	1.979596e+00	3.191289e+02	1.347832e+00	
28.000000	16.000000	175.423750	14.106985	1.081894e+03	1.129524e+03	3.301166e+03	7.900641e+03	
28.000000	20.000000	171.669182	11.499365	5.163502e-01	2.411076e-02	1.793600e+02	3.706994e-02	
28.000000	24.000000	170.398896	20.777846	5.567126e-01	2.629591e-02	1.795933e+02	3.895237e-02	
28.000000	28.000000	171.311961	10.780863	2.424821e-01	1.269770e+02	1.500076e+02	1.414214e+00	
28.000000	32.000000	170.456869	174.372342	5.602470e-01	2.818611e-02	1.801474e+02	3.691073e-02	
28.000000	36.000000	171.054145	7.965508	6.130013e-01	3.014048e-02	1.805157e+02	4.136433e-02	
28.000000	40.000000	172.054138	56.751071	5.296251e-01	3.462975e-02	1.809508e+02	3.646016e-02	
28.000000	44.000000	175.738311	5.972234	5.710655e-01	2.899522e-02	1.810775e+02	3.761323e-02	
28.000000	48.000000	179.660190	125.662995	5.934014e-01	3.042973e-02	1.813644e+02	4.057320e-02	
28.000000	52.000000	190.804805	7.412553	5.917813e-01	2.972288e-02	1.811882e+02	3.892813e-02	
28.000000	56.000000	203.300040	14.514558	5.846298e-01	2.867027e-02	1.804249e+02	4.003468e-02	
28.000000	60.000000	217.245134	13.021243	8.695201e+02	8.254551e+02	5.604291e+02	1.231001e+03	
32.000000	0.000000	222.060540	10.526250	5.573393e-01	3.053486e-02	4.427783e+02	3.755415e-02	
32.000000	4.000000	177.450719	21.011288	7.408905e+02	6.996247e+02	-1.308926e+03	7.250439e+03	
32.000000	8.000000	179.191768	30.529786	7.683005e+02	6.904563e+02	-1.889778e+03	6.571397e+03	
32.000000	12.000000	179.242587	16.274077	5.913525e-01	2.797712e-02	4.447734e+02	4.529598e-02	
32.000000	16.000000	172.224856	590.683453	9.665404e+02	8.436137e+02	-2.604442e+03	2.339685e+03	
32.000000	20.000000	176.406900	26.593067	2.612168e+01	1.459752e+00	3.160253e+02	1.143099e+00	
32.000000	24.000000	175.537142	53.298539	4.113728e+02	8.106163e+01	-1.224739e+03	5.723591e+02	
32.000000	28.000000	172.697364	8.208065	5.707912e-01	2.724630e-02	1.795244e+02	3.983695e-02	
32.000000	32.000000	172.333868	9.251845	3.009203e+02	1.529011e+02	2.352184e+02	2.198714e+02	
32.000000	36.000000	173.439199	6.884722	5.512998e-01	2.586635e-02	1.801983e+02	3.724615e-02	
32.000000	40.000000	175.517930	71.227099	6.590006e-01	3.918710e-02	1.806021e+02	4.615485e-02	
32.000000	44.000000	178.305285	44.772122	5.585978e-01	3.176024e-02	1.810607e+02	3.702828e-02	
32.000000	48.000000	184.587222	8.900360	5.853357e-01	2.780277e-02	1.814370e+02	3.942292e-02	
32.000000	52.000000	190.792454	31.510160	5.359700e-01	2.913658e-02	1.812151e+02	3.519027e-02	
32.000000	56.000000	204.088951	9.054709	6.189434e-01	3.291691e-02	1.805661e+02	4.254033e-02	
32.000000	60.000000	221.664656	15.241193	9.403122e+02	1.022171e+03	3.204941e+03	4.065318e+03	
36.000000	0.000000	229.551527	17.648518	6.246399e-01	3.414715e-02	4.433954e+02	4.316752e-02	
36.000000	4.000000	185.679765	24.225431	6.567175e+02	3.463853e+02	1.260135e+03	8.387277e+02	
36.000000	8.000000	185.224735	34.064803	5.713485e-01	2.513178e-02	4.447908e+02	4.037914e-02	
36.000000	12.000000	183.140704	25.594811	1.134055e-02	3.213277e+02	4.445001e+02	4.483142e-01	
36.000000	16.000000	177.264493	36.587829	5.400981e+01	1.611155e+01	3.021255e+02	6.406147e+00	
36.000000	20.000000	178.278740	960.367153	2.221036e+01	3.038289e-01	3.177050e+02	8.217598e-01	
36.000000	24.000000	176.060416	9.925939	3.204039e+01	1.257972e+00	3.022394e+02	1.268968e+00	
36.000000	28.000000	176.775188	50.813247	9.430212e+02	8.575098e+02	-5.691478e+02	1.172479e+03	
36.000000	32.000000	176.749753	26.326894	3.613125e+02	9.115149e+01	-9.660032e+02	5.572248e+02	
36.000000	36.000000	178.304149	25.296387	5.522192e-01	3.161071e-02	1.798112e+02	3.712213e-02	
36.000000	40.000000	178.304413	34.979788	5.654357e-01	2.771209e-02	1.803412e+02	3.849954e-02	
36.000000	44.000000	180.089455	961.573888	5.988246e-01	2.804747e-02	1.808401e+02	4.272230e-02	
36.000000	48.000000	184.966167	8.167362	5.580362e-01	3.091355e-02	1.810888e+02	3.637273e-02	
36.000000	52.000000	193.700117	1061.296198	5.033781e-01	2.958428e-02	1.810750e+02	3.284796e-02	
36.000000	56.000000	208.025169	764.536482	6.310889e-01	3.014480e-02	1.808417e+02	4.208883e-02	
36.000000	60.000000	226.087956	12.518211	3.466169e+01	3.513759e+00	3.153616e+02	9.023265e-01	
40.000000	0.000000	239.275169	797.273395	5.857539e-01	3.192317e-02	4.437378e+02	4.001219e-02	
40.000000	4.000000	192.169313	33.560400	6.062600e-01	3.356882e-02	4.447076e+02	4.186073e-02	
40.000000	8.000000	190.790575	28.341805	5.814308e-01	3.126198e-02	4.442707e+02	3.971419e-02	
40.000000	12.000000	188.695596	956.894574	1.648386e+00	1.721306e+02	4.442984e+02	3.218105e-02	
40.000000	16.000000	185.318808	35.739632	6.012897e-01	2.916880e-02	4.447222e+02	4.025321e-02	
40.000000	20.000000	181.693073	45.409584	7.014222e+02	4.702809e+02	-1.564254e+03	2.915904e+03	
40.000000	24.000000	180.634376	45.998239	1.299352e+03	6.620159e+02	-2.024597e+03	2.664166e+03	
40.000000	28.000000	184.857456	323.666673	9.688818e+02	1.087451e+03	-1.770525e+03	5.741390e+03	
40.000000	32.000000	182.750136	906.676999	4.446929e+02	1.364214e+02	-1.288423e+03	7.673251e+02	
40.000000	36.000000	182.969758	134.808921	3.871786e+02	2.063606e+02	-4.907836e+02	5.044721e+02	
40.000000	40.000000	182.880582	583.677463	6.057543e-01	3.387329e-02	1.802782e+02	4.187272e-02	
40.000000	44.000000	184.557912	49.394881	5.980290e-01	2.900689e-02	1.808834e+02	4.067457e-02	
40.000000	48.000000	189.843147	8.209856	5.114014e-01	3.028576e-02	1.810252e+02	3.195409e-02	
40.000000	52.000000	197.054138	6.996036	5.962392e-01	2.973901e-02	1.811986e+02	3.920011e-02	
40.000000	56.000000	209.610574	15.970903	6.041626e-01	2.780473e-02	1.808197e+02	4.243025e-02	
40.000000	60.000000	226.314613	15.606973	1.066731e+02	1.160698e+02	2.452462e+02	1.472428e+02	
44.000000	0.000000	247.052745	18.180957	6.144487e-01	3.343678e-02	4.443485e+02	4.241023e-02	
44.000000	4.000000	201.295404	918.268107	5.829242e-01	3.042478e-02	4.441192e+02	3.811377e-02	
44.000000	8.000000	198.432688	649.604523	5.889302e-01	3.051364e-02	4.438676e+02	3.858801e-02	
44.000000	12.000000	195.895733	26.671524	5.891367e-01	3.096103e-02	4.438895e+02	4.671218e-02	
44.000000	16.000000	192.189821	29.278707	5.757426e-01	3.104334e-02	4.441388e+02	3.774777e-02	
44.000000	20.000000	189.059995	837.800323	5.958534e-01	3.135270e-02	4.446439e+02	4.054998e-02	
44.000000	24.000000	185.824856	43.147830	6.367269e+02	6.276351e+02	1.727297e+02	5.711260e+02	
44.000000	28.000000	185.948666	23.382179	4.462939e+02	2.790067e+02	-9.186314e+02	1.569825e+03	
44.000000	32.000000	185.524018	39.938645	2.324269e+01	7.830164e-01	3.178775e+02	7.223009e-01	
44.000000	36.000000	187.352597	48.149721	9.747581e+02	9.709588e+02	-2.222146e+03	2.510345e+03	
44.000000	40.000000	188.857887	38.103006	4.231391e+02	3.988845e+02	9.792559e+01	3.523673e+02	
44.000000	44.000000	189.924950	11.114531	5.735503e-01	3.016629e-02	1.802073e+02	3.770255e-02	
44.000000	48.000000	194.397050	1019.399493	6.149315e-01	2.826588e-02	1.807433e+02	4.138139e-02	
44.000000	52.000000	201.504880	6.251195	5.581611e-01	2.578881e-02	1.807968e+02	3.815554e-02	
44.000000	56.000000	213.911522	10.547800	6.221969e-01	3.154816e-02	1.805220e+02	4.213164e-02	
44.000000	60.000000	230.578034	1066.977797	1.062446e+01	8.428256e+02	2.011627e+02	3.943101e+03	
48.000000	0.000000	252.406013	403.128937	5.720200e-01	2.753881e-02	4.446033e+02	3.914047e-02	
48.000000	4.000000	212.761686	994.059418	6.010366e-01	2.717286e-02	4.433655e+02	4.052780e-02	
48.000000	8.000000	210.792409	518.285882	5.618402e-01	2.619979e-02	4.433520e+02	3.780070e-02	
48.000000	12.000000	207.521212	52.564227	5.649343e-01	2.873947e-02	4.432988e+02	3.843739e-02	
48.000000	16.000000	204.703375	35.810803	6.063033e-01	2.912476e-02	4.434517e+02	4.082315e-02	
48.000000	20.000000	198.268040	260.912015	6.081024e-01	3.012897e-02	4.440663e+02	4.004082e-02	
48.000000	24.000000	194.861180	51.265705	5.973596e-01	2.998497e-02	4.445402e+02	4.053251e-02	
48.000000	28.000000	192.185873	39.845865	5.644178e-01	2.603737e-02	4.447538e+02	3.833982e-02	
48.000000	32.000000	191.732082	22.501935	8.568955e+02	8.106678e+02	-1.051082e+03	1.061285e+03	
48.000000	36.000000	193.033429	212.301514	2.258520e+01	3.735296e-01	3.108502e+02	4.261212e-01	
48.000000	40.000000	201.166839	245.884132	3.142687e+02	2.576377e+02	-4.932270e+02	1.408499e+03	
48.000000	44.000000	196.255982	7.823960	5.582450e-01	2.830245e-02	1.801556e+02	3.667731e-02	
48.000000	48.000000	199.267288	36.753734	5.957765e-01	2.785453e-02	1.804005e+02	4.009678e-02	
48.000000	52.000000	204.790768	890.411043	6.190570e-01	3.342711e-02	1.806090e+02	4.270426e-02	
48.000000	56.000000	216.137653	9.372280	6.111347e-01	2.899506e-02	1.802861e+02	4.077916e-02	
48.000000	60.000000	233.315818	21.978111	2.882381e+02	5.640428e+02	4.491196e+02	3.288590e+00	
52.000000	0.000000	255.790535	18.339988	5.810585e-01	2.963673e-02	4.450820e+02	3.773413e-02	
52.000000	4.000000	231.959066	83.223705	6.009847e-01	2.613326e-02	4.426812e+02	4.099363e-02	
52.000000	8.000000	230.236222	87.803168	6.328363e-01	3.476347e-02	4.424713e+02	4.374169e-02	
52.000000	12.000000	225.733739	923.839078	6.363394e-01	2.623176e-02	4.426637e+02	4.623654e-02	
52.000000	16.000000	220.407634	68.244265	5.867668e-01	3.214466e-02	4.431003e+02	4.815742e-02	
52.000000	20.000000	214.025411	832.052575	6.206740e-01	2.867759e-02	4.434216e+02	4.202120e-02	
52.000000	24.000000	208.436621	52.127189	5.353365e-01	3.374139e-02	4.439856e+02	3.934101e-02	
52.000000	28.000000	204.807956	58.581762	5.842720e-01	2.922288e-02	4.443869e+02	3.930954e-02	
52.000000	32.000000	202.229530	242.141041	2.465572e+02	1.234446e+02	3.552890e+02	1.349805e+03	
52.000000	36.000000	200.993116	977.403187	5.441711e+02	3.619834e+02	-1.325037e+03	2.452833e+03	
52.000000	40.000000	201.126367	770.320119	3.212434e+02	1.712029e+02	9.513823e+02	6.741971e+02	
52.000000	44.000000	203.063834	696.832477	4.071661e+02	1.705544e+02	-8.739526e+02	8.874941e+02	
52.000000	48.000000	208.208044	236.791872	3.011771e+02	1.984353e+02	-8.241410e+02	1.878954e+02	
52.000000	52.000000	214.201373	7.315122	6.350655e-01	3.506872e-02	1.805429e+02	4.384729e-02	
52.000000	56.000000	222.813429	9.531068	5.607094e-01	2.839679e-02	1.803116e+02	3.822760e-02	
52.000000	60.000000	239.195578	31.898005	5.676925e+02	5.189802e+02	3.124149e+01	4.650153e+02	
56.000000	0.000000	260.939821	14.350740	5.149089e+02	3.516728e+02	6.328471e+01	4.012818e+02	
56.000000	4.000000	281.864719	126.390110	5.675475e-01	2.560115e-02	4.422264e+02	3.882477e-02	
56.000000	8.000000	277.797533	288.674276	5.407065e-01	4.283126e-02	4.419845e+02	3.808514e-02	
56.000000	12.000000	271.012691	155.928464	5.803712e-01	2.985662e-02	4.420887e+02	3.776894e-02	
56.000000	16.000000	261.658968	864.620820	6.334139e-01	3.480842e-02	4.424904e+02	4.378095e-02	
56.000000	20.000000	251.045649	823.859521	5.659618e-01	3.150649e-02	4.429724e+02	3.997524e-02	
56.000000	24.000000	241.591931	164.075602	6.176378e-01	3.176756e-02	4.435788e+02	4.109692e-02	
56.000000	28.000000	234.510909	644.551155	5.415084e-01	2.893085e-02	4.440736e+02	3.557312e-02	
56.000000	32.000000	228.684096	159.128195	5.790373e-01	2.561891e-02	4.442627e+02	3.944094e-02	
56.000000	36.000000	223.184861	653.870708	1.083977e-01	8.865176e+00	4.445268e+02	5.269048e-01	
56.000000	40.000000	217.952536	69.819503	2.045972e+01	2.861261e-01	3.129890e+02	3.269431e-01	
56.000000	44.000000	219.343908	66.552919	9.183970e+02	1.113676e+03	-2.018512e+03	6.234381e+03	
56.000000	48.000000	221.316908	46.030746	7.958733e+02	4.044881e+02	6.461975e+02	1.282863e+03	
56.000000	52.000000	228.440030	44.641941	5.144777e-01	2.902536e-02	1.800926e+02	3.469710e-02	
56.000000	56.000000	235.792048	47.917366	5.748024e-01	2.873640e-02	1.803070e+02	3.832483e-02	
56.000000	60.000000	254.509754	27.488089	7.819967e+02	6.855338e+02	1.558823e+03	7.234205e+02	
60.000000	0.000000	272.442342	24.885132	3.546372e+02	8.162788e+01	1.649349e+03	5.080254e+02	
60.000000	4.000000	565.510088	747.593866	5.735387e-01	3.101196e-02	4.429738e+02	3.805812e-02	
60.000000	8.000000	548.778617	746.219760	5.972752e-01	2.884550e-02	4.428710e+02	4.003505e-02	
60.000000	12.000000	523.400979	249.173816	5.608425e-01	2.983833e-02	4.430772e+02	4.015887e-02	
60.000000	16.000000	487.051678	476.954508	5.402077e-01	2.356770e-02	4.435144e+02	3.737622e-02	
60.000000	20.000000	441.641115	781.899278	5.722844e-01	3.088168e-02	4.442525e+02	3.893873e-02	
60.000000	24.000000	404.565042	757.539490	3.993681e+02	1.074899e+02	1.848260e+03	7.913839e+02	
60.000000	28.000000	376.845753	218.464955	3.694639e+01	9.766971e+00	3.101824e+02	2.375158e+00	
60.000000	32.000000	352.202641	524.357347	6.045979e+02	2.669402e+02	2.244559e+03	1.672124e+03	
60.000000	36.000000	325.252476	776.109824	4.982939e+02	1.448016e+02	-1.523371e+03	9.393153e+02	
60.000000	40.000000	300.111237	510.113860	6.190217e+02	2.685841e+02	-1.706726e+03	1.671072e+03	
60.000000	44.000000	278.166918	785.496487	1.277853e+03	7.613860e+02	1.875825e+03	1.643617e+03	
60.000000	48.000000	264.632697	739.807640	1.280142e+03	1.279411e+03	3.094646e+02	1.203066e+03	
60.000000	52.000000	259.532445	102.382421	3.564915e+01	3.682605e+00	3.069859e+02	1.460880e+00	
60.000000	56.000000	263.376820	69.440392	2.291264e+01	4.290682e-01	3.127102e+02	3.832732e-01	
60.000000	60.000000	273.437700	76.635175	5.857846e+01	2.018383e+01	3.047932e+02	5.434706e+00	
0.000000	0.000000	276.376669	59.436595	1.864396e+01	2.312658e-01	3.141609e+02	5.363456e-01	
