0.000000	4.000000	111.515774	5.139272	6.611146e-01	3.925325e-02	4.495586e+02	4.628108e-02	
0.000000	8.000000	1185.911934	2.894047	6.001047e-01	3.020587e-02	4.494766e+02	4.106914e-02	
0.000000	12.000000	110.292166	2.586513	6.164782e-01	2.587266e-02	4.496912e+02	4.368103e-02	
0.000000	16.000000	111.333593	2.561147	6.365180e-01	4.594312e-02	4.499295e+02	5.004394e-02	
0.000000	20.000000	541.255970	511.089823	5.304147e-01	2.662809e-02	4.501792e+02	3.511999e-02	
0.000000	24.000000	128.112628	48.156099	5.654374e-01	2.636839e-02	4.504647e+02	3.843947e-02	
0.000000	28.000000	71.563260	555.217365	6.045216e-01	3.076269e-02	4.505188e+02	4.139705e-02	
0.000000	32.000000	87.256398	957.343340	5.718695e-01	2.725013e-02	4.505799e+02	3.916187e-02	
0.000000	36.000000	439.981045	137.832210	5.500389e-01	3.164313e-02	4.509525e+02	4.030830e-02	
0.000000	40.000000	110.529618	194.660103	5.663061e-01	3.013782e-02	4.509919e+02	3.721603e-02	
0.000000	44.000000	111.462195	2.121230	5.701040e-01	3.027665e-02	4.510885e+02	3.707532e-02	
0.000000	48.000000	81.108719	2.568901	5.542432e-01	2.498572e-02	4.505237e+02	3.813542e-02	
0.000000	52.000000	134.648349	6.796747	5.606804e-01	2.929809e-02	4.490956e+02	3.628157e-02	
0.000000	56.000000	143.341754	11.175444	5.870247e-01	3.108600e-02	4.450900e+02	3.858449e-02	
0.000000	60.000000	90.072268	551.290628	4.928089e-01	2.963752e-02	4.391506e+02	3.135095e-02	
4.000000	0.000000	128.934534	8.104922	5.448483e-01	2.577145e-02	4.342870e+02	3.638026e-02	
4.000000	4.000000	114.416176	3.986099	6.556813e-01	3.269482e-02	4.497453e+02	4.373841e-02	
4.000000	8.000000	111.140145	5.690856	5.695466e-01	2.660104e-02	4.494859e+02	3.906191e-02	
4.000000	12.000000	1201.520175	60.373210	5.774267e-01	2.551886e-02	4.497357e+02	3.908144e-02	
4.000000	16.000000	106.403184	49.195623	5.496902e-01	3.712660e-02	4.500223e+02	4.239888e-02	
4.000000	20.000000	106.116707	3.280934	5.344707e-01	2.619922e-02	4.502267e+02	3.546980e-02	
4.000000	24.000000	106.803134	1.945671	5.536035e-01	2.788120e-02	4.502785e+02	3.681554e-02	
4.000000	28.000000	-838.332783	172.260044	5.605276e-01	2.817280e-02	4.502834e+02	3.728358e-02	
4.000000	32.000000	109.444855	2.065371	5.697665e-01	2.740221e-02	4.504496e+02	3.862690e-02	
4.000000	36.000000	106.855639	2.089415	5.749114e-01	2.852341e-02	4.506453e+02	3.927517e-02	
4.000000	40.000000	115.564710	1.882106	6.325735e-01	3.083218e-02	4.508784e+02	4.196377e-02	
4.000000	44.000000	114.277579	21.866310	5.639328e-01	4.430058e-02	4.509944e+02	4.196819e-02	
4.000000	48.000000	1621.229622	227.911850	5.472627e-01	2.561992e-02	4.506419e+02	3.747382e-02	
4.000000	52.000000	152.442942	27.886397	5.444515e-01	2.977237e-02	4.491983e+02	3.559488e-02	
4.000000	56.000000	143.961200	21.077362	6.665508e-01	4.027427e-02	4.454119e+02	4.680397e-02	
4.000000	60.000000	157.401566	7.988905	5.964215e-01	2.642500e-02	4.396699e+02	4.034552e-02	
8.000000	0.000000	130.834550	4.822147	5.940963e-01	2.973810e-02	4.344342e+02	4.071657e-02	
8.000000	4.000000	80.718473	891.942462	5.871416e-01	2.749915e-02	4.494002e+02	3.943405e-02	
8.000000	8.000000	114.301679	3.476326	5.810332e-01	2.652194e-02	4.493315e+02	3.902172e-02	
8.000000	12.000000	-825.432847	3.693333	5.716376e-01	2.696113e-02	4.494530e+02	3.917883e-02	
8.000000	16.000000	76.362492	190.221492	5.914059e-01	3.591306e-02	4.498153e+02	4.101150e-02	
8.000000	20.000000	111.876468	24.424988	5.761429e-01	2.660999e-02	4.498130e+02	4.366586e-02	
8.000000	24.000000	108.280721	4.287837	6.131245e-01	3.022996e-02	4.498458e+02	4.884641e-02	
8.000000	28.000000	107.105017	23.611511	5.620299e-01	3.151541e-02	4.501936e+02	3.719864e-02	
8.000000	32.000000	107.564873	209.010630	5.961411e-01	2.761559e-02	4.501944e+02	4.033474e-02	
8.000000	36.000000	109.426081	24.828623	5.672399e-01	2.621853e-02	4.503118e+02	3.802109e-02	
8.000000	40.000000	100.284343	39.306830	5.797556e-01	3.151192e-02	4.507432e+02	3.957836e-02	
8.000000	44.000000	110.405869	2.348399	5.368236e-01	2.903833e-02	4.507804e+02	3.601272e-02	
8.000000	48.000000	126.072560	2.228612	5.392578e-01	2.462148e-02	4.503714e+02	3.706961e-02	
8.000000	52.000000	129.063461	5.053021	5.825624e-01	2.814466e-02	4.491339e+02	4.080875e-02	
8.000000	56.000000	147.854679	19.861791	5.652336e-01	2.725359e-02	4.458374e+02	4.314506e-02	
8.000000	60.000000	381.802960	6.673575	5.190315e-01	2.748948e-02	4.401397e+02	3.411921e-02	
12.000000	0.000000	135.746460	7.626343	6.051214e-01	2.942400e-02	4.345347e+02	4.086260e-02	
12.000000	4.000000	116.285698	6.097557	5.500393e-01	3.164300e-02	4.489525e+02	4.030826e-02	
12.000000	8.000000	1355.872291	58.938935	5.966160e-01	2.876228e-02	4.488696e+02	3.983346e-02	
12.000000	12.000000	114.301625	3.212410	5.651208e-01	2.574971e-02	4.492014e+02	3.940810e-02	
12.000000	16.000000	-807.988739	3.217534	5.835164e-01	2.890721e-02	4.496079e+02	3.993333e-02	
12.000000	20.000000	79.817160	30.238733	5.577316e-01	2.732331e-02	4.496737e+02	3.801535e-02	
12.000000	24.000000	139.369180	2.857884	5.470817e-01	3.264681e-02	4.499625e+02	4.081801e-02	
12.000000	28.000000	111.319130	2.731688	4.872526e-01	3.508829e-02	4.500779e+02	3.080395e-02	
12.000000	32.000000	106.650355	2.612596	5.322950e-01	2.662135e-02	4.501714e+02	3.538699e-02	
12.000000	36.000000	132.504192	3.221926	5.981422e-01	3.116759e-02	4.503590e+02	4.103682e-02	
12.000000	40.000000	110.405884	2.110180	5.197748e-01	2.398948e-02	4.506626e+02	3.557633e-02	
12.000000	44.000000	1057.586438	959.857498	5.618846e-01	3.052271e-02	4.507658e+02	3.804211e-02	
12.000000	48.000000	123.977816	3.754211	5.175163e-01	2.439994e-02	4.503044e+02	3.512069e-02	
12.000000	52.000000	149.720048	3.656604	5.519467e-01	2.592459e-02	4.491972e+02	3.742058e-02	
12.000000	56.000000	143.685242	6.580783	6.156022e-01	3.421796e-02	4.461664e+02	4.142392e-02	
12.000000	60.000000	175.827169	133.105902	5.363397e-01	3.116763e-02	4.409689e+02	3.706439e-02	
16.000000	0.000000	110.602869	1116.966883	6.904408e-01	3.706688e-02	4.351257e+02	4.656837e-02	
16.000000	4.000000	116.325431	5.265704	6.123226e-01	3.162668e-02	4.488615e+02	4.040053e-02	
16.000000	8.000000	119.081913	4.189505	6.497044e-01	2.981773e-02	4.486539e+02	4.334003e-02	
16.000000	12.000000	90.926388	70.085651	5.563497e-01	2.897532e-02	4.490837e+02	3.816161e-02	
16.000000	16.000000	112.148992	2.860464	6.109894e-01	3.242395e-02	4.493403e+02	4.093231e-02	
16.000000	20.000000	111.570670	3.670171	5.672430e-01	2.844623e-02	4.497117e+02	3.773824e-02	
16.000000	24.000000	977.593871	44.938377	5.849087e-01	2.918129e-02	4.499127e+02	3.966289e-02	
16.000000	28.000000	1642.641834	19.604567	5.897610e-01	3.303859e-02	4.499818e+02	4.308693e-02	
16.000000	32.000000	1288.798451	25.154291	5.015603e-01	3.083094e-02	4.500535e+02	3.347436e-02	
16.000000	36.000000	-548.855770	2.044300	5.638882e-01	2.625669e-02	4.503339e+02	3.785504e-02	
16.000000	40.000000	114.416178	226.359168	4.775941e-01	2.932309e-02	4.508312e+02	3.181243e-02	
16.000000	44.000000	119.135470	2.132142	5.543591e-01	2.557043e-02	4.505605e+02	3.797855e-02	
16.000000	48.000000	119.734658	4.368888	5.723924e-01	2.850456e-02	4.506353e+02	3.899943e-02	
16.000000	52.000000	131.113829	4.258250	5.981422e-01	3.116759e-02	4.493590e+02	4.103682e-02	
16.000000	56.000000	100.501603	9.097696	5.934401e-01	2.773592e-02	4.468348e+02	4.111728e-02	
16.000000	60.000000	148.148376	7.495311	6.095402e-01	3.410932e-02	4.417127e+02	4.218517e-02	
20.000000	0.000000	135.849884	7.467537	5.906884e-01	2.575452e-02	4.357687e+02	4.316723e-02	
20.000000	4.000000	1243.421377	7.413270	5.864916e-01	2.810251e-02	4.487724e+02	3.878200e-02	
20.000000	8.000000	145.480975	5.447490	5.894105e-01	2.701365e-02	4.486407e+02	3.962510e-02	
20.000000	12.000000	116.736316	6.177521	5.873624e-01	3.276176e-02	4.488503e+02	3.922223e-02	
20.000000	16.000000	84.492801	61.481547	5.797393e-01	2.689394e-02	4.493627e+02	3.895169e-02	
20.000000	20.000000	111.570669	3.567171	5.707791e-01	2.692661e-02	4.494436e+02	3.911573e-02	
20.000000	24.000000	115.067411	4.539783	5.525280e-01	2.589916e-02	4.497736e+02	3.703411e-02	
20.000000	28.000000	111.667824	3.567439	5.557239e-01	2.581291e-02	4.497852e+02	3.754240e-02	
20.000000	32.000000	111.570671	3.851251	5.242351e-01	3.582853e-02	4.500638e+02	3.629445e-02	
20.000000	36.000000	111.389771	4.666993	5.867761e-01	2.683541e-02	4.503501e+02	3.943364e-02	
20.000000	40.000000	112.234517	2.800400	6.326602e-01	2.646111e-02	4.506480e+02	4.465203e-02	
20.000000	44.000000	115.742774	32.756989	5.754015e-01	2.874012e-02	4.506790e+02	3.843935e-02	
20.000000	48.000000	123.969223	2.704940	6.069550e-01	3.023195e-02	4.505026e+02	4.107832e-02	
20.000000	52.000000	93.716282	134.100329	5.497958e-01	2.568233e-02	4.496323e+02	3.765871e-02	
20.000000	56.000000	-263.187656	6.778999	6.215221e-01	2.985646e-02	4.472211e+02	4.131899e-02	
20.000000	60.000000	150.185643	9.554984	6.955247e-01	3.383450e-02	4.425629e+02	5.010331e-02	
24.000000	0.000000	138.392172	8.656677	5.749410e-01	2.753240e-02	4.365620e+02	3.867718e-02	
24.000000	4.000000	120.532794	7.383950	6.167875e-01	3.295286e-02	4.484053e+02	4.249264e-02	
24.000000	8.000000	-1309.926345	5.175894	5.499901e-01	2.731551e-02	4.483016e+02	3.677150e-02	
24.000000	12.000000	145.865740	4.980337	6.777920e-01	3.865301e-02	4.486437e+02	4.799029e-02	
24.000000	16.000000	116.285698	5.489080	5.493978e-01	2.854776e-02	4.489090e+02	3.635672e-02	
24.000000	20.000000	1474.506094	85.276690	5.642232e-01	2.917210e-02	4.492960e+02	3.760981e-02	
24.000000	24.000000	140.116823	79.088414	6.366918e-01	3.640904e-02	4.493560e+02	4.437676e-02	
24.000000	28.000000	114.257995	3.431892	5.692793e-01	2.694134e-02	4.495265e+02	3.878367e-02	
24.000000	32.000000	111.140141	2.930316	5.769990e-01	3.106981e-02	4.497384e+02	3.934032e-02	
24.000000	36.000000	76.315370	3.646856	5.475842e-01	2.978938e-02	4.500143e+02	3.500868e-02	
24.000000	40.000000	1021.445367	173.661137	5.662282e-01	3.418489e-02	4.501202e+02	3.857333e-02	
24.000000	44.000000	118.537146	3.463521	6.007094e-01	2.851995e-02	4.504282e+02	4.047972e-02	
24.000000	48.000000	125.253097	51.810609	6.376146e-01	3.216386e-02	4.503963e+02	4.287094e-02	
24.000000	52.000000	1466.874469	14.375660	5.830243e-01	2.646437e-02	4.493275e+02	3.918376e-02	
24.000000	56.000000	152.912959	8.268037	5.867220e-01	2.995339e-02	4.473499e+02	4.014538e-02	
24.000000	60.000000	157.653037	17.222191	4.923923e-01	4.050865e-02	4.429950e+02	3.829049e-02	
28.000000	0.000000	147.445168	10.007118	5.497206e-01	2.830959e-02	4.372279e+02	3.618426e-02	
28.000000	4.000000	1728.713806	332.120209	5.909847e-01	2.968846e-02	4.479360e+02	3.919585e-02	
28.000000	8.000000	152.984905	6.159859	5.844511e-01	3.060843e-02	4.480004e+02	3.878327e-02	
28.000000	12.000000	119.734592	5.037914	5.725462e-01	2.570814e-02	4.482609e+02	3.871697e-02	
28.000000	16.000000	80.212822	5.141080	5.640053e-01	2.670842e-02	4.486035e+02	3.861480e-02	
28.000000	20.000000	118.547103	5.613720	5.740975e-01	2.772588e-02	4.488432e+02	3.826900e-02	
28.000000	24.000000	118.238844	3.573657	6.245970e-01	3.300770e-02	4.489260e+02	4.742075e-02	
28.000000	28.000000	134.567651	448.905428	6.035843e-01	3.039123e-02	4.490342e+02	3.946730e-02	
28.000000	32.000000	375.385954	436.303578	5.788400e-01	3.127206e-02	4.492926e+02	3.880223e-02	
28.000000	36.000000	119.254925	3.045055	5.959722e-01	2.970854e-02	4.496696e+02	3.978460e-02	
28.000000	40.000000	117.142548	205.595933	6.363687e-01	3.029599e-02	4.498326e+02	4.255010e-02	
28.000000	44.000000	1007.723311	2.344794	5.862459e-01	2.889916e-02	4.502852e+02	3.887014e-02	
28.000000	48.000000	128.789432	3.959475	5.337752e-01	3.335446e-02	4.500793e+02	3.545575e-02	
28.000000	52.000000	138.441179	5.037000	5.491614e-01	2.590426e-02	4.492352e+02	3.659202e-02	
28.000000	56.000000	148.710600	9.940920	6.119790e-01	2.952272e-02	4.474565e+02	4.132298e-02	
28.000000	60.000000	159.380379	14.147388	6.133014e-01	3.242428e-02	4.438587e+02	5.236920e-02	
32.000000	0.000000	163.933673	11.246272	5.294318e-01	2.838716e-02	4.381992e+02	3.454685e-02	
32.000000	4.000000	86.166020	6.773303	6.167959e-01	2.908623e-02	4.475411e+02	4.105187e-02	
32.000000	8.000000	130.846859	21.578589	6.392168e-01	2.779916e-02	4.475986e+02	4.426485e-02	
32.000000	12.000000	84.775822	120.773936	6.140700e-01	3.129484e-02	4.479570e+02	4.224689e-02	
32.000000	16.000000	124.093669	6.030514	5.871411e-01	3.218076e-02	4.482611e+02	4.022554e-02	
32.000000	20.000000	95.241154	3.343711	6.072913e-01	2.735476e-02	4.486362e+02	4.079763e-02	
32.000000	24.000000	147.167072	4.331221	5.906966e-01	2.603156e-02	4.487791e+02	4.424924e-02	
32.000000	28.000000	119.256876	4.030217	5.557606e-01	2.903343e-02	4.489188e+02	3.817986e-02	
32.000000	32.000000	134.612358	3.533889	5.761939e-01	3.354079e-02	4.490993e+02	3.915775e-02	
32.000000	36.000000	115.300457	3.651729	6.329573e-01	3.260331e-02	4.494146e+02	4.257806e-02	
32.000000	40.000000	82.236157	38.683792	5.651207e-01	2.575568e-02	4.497986e+02	3.941689e-02	
32.000000	44.000000	123.978469	6.225614	5.771781e-01	2.882533e-02	4.501030e+02	3.786227e-02	
32.000000	48.000000	125.473098	3.917554	5.660049e-01	3.011699e-02	4.501788e+02	3.709250e-02	
32.000000	52.000000	138.470487	4.850215	6.279139e-01	3.144393e-02	4.493837e+02	4.165329e-02	
32.000000	56.000000	152.939341	13.334410	6.065117e-01	3.117931e-02	4.479064e+02	4.544551e-02	
32.000000	60.000000	167.408573	7.756046	6.052353e-01	3.071230e-02	4.443817e+02	4.059611e-02	
36.000000	0.000000	158.219907	8.676216	5.338859e-01	2.893393e-02	4.391233e+02	3.423057e-02	
36.000000	4.000000	133.773359	28.503174	5.691882e-01	2.847676e-02	4.472663e+02	3.765012e-02	
36.000000	8.000000	1398.404834	102.470095	6.278285e-01	3.061490e-02	4.470889e+02	4.213988e-02	
36.000000	12.000000	129.777095	55.843082	6.336410e-01	3.544918e-02	4.474087e+02	4.400000e-02	
36.000000	16.000000	99.174767	139.018761	5.572688e-01	2.989299e-02	4.479978e+02	3.603870e-02	
36.000000	20.000000	120.767404	3.812432	5.635221e-01	2.794685e-02	4.483256e+02	3.774136e-02	
36.000000	24.000000	-1362.500620	5.139285	5.985730e-01	2.945932e-02	4.484931e+02	4.049317e-02	
36.000000	28.000000	366.897973	33.448210	6.187381e-01	2.586034e-02	4.487013e+02	4.478486e-02	
36.000000	32.000000	1600.482436	37.204515	6.236104e-01	3.179613e-02	4.487868e+02	4.129870e-02	
36.000000	36.000000	1348.377560	31.637633	6.019740e-01	3.198000e-02	4.490932e+02	3.991520e-02	
36.000000	40.000000	124.598264	73.627487	5.587753e-01	2.566744e-02	4.495614e+02	3.836264e-02	
36.000000	44.000000	88.516370	65.507771	5.611563e-01	2.595183e-02	4.497289e+02	3.757840e-02	
36.000000	48.000000	1491.485437	222.864915	5.532362e-01	3.135770e-02	4.498829e+02	4.758501e-02	
36.000000	52.000000	176.724221	7.205614	5.893586e-01	2.919562e-02	4.494296e+02	4.037253e-02	
36.000000	56.000000	197.049997	124.970906	6.202496e-01	3.054575e-02	4.481036e+02	4.089947e-02	
36.000000	60.000000	193.155610	7.284323	6.057757e-01	3.257303e-02	4.449594e+02	4.118929e-02	
40.000000	0.000000	1500.124530	715.332925	5.728512e-01	3.046956e-02	4.399108e+02	4.313198e-02	
40.000000	4.000000	-1538.361149	11.015052	6.567759e-01	3.357463e-02	4.465451e+02	4.528749e-02	
40.000000	8.000000	165.755447	330.284153	5.953855e-01	2.603799e-02	4.466862e+02	4.035956e-02	
40.000000	12.000000	-53.692529	6.823722	6.102183e-01	3.109587e-02	4.469873e+02	4.079758e-02	
40.000000	16.000000	86.331029	5.982908	6.338151e-01	2.838001e-02	4.475882e+02	4.342057e-02	
40.000000	20.000000	-142.015551	6.662290	5.902473e-01	2.763361e-02	4.478110e+02	3.967164e-02	
40.000000	24.000000	90.898352	82.060265	5.969574e-01	3.079424e-02	4.483731e+02	4.093582e-02	
40.000000	28.000000	83.686176	428.606693	6.565348e-01	4.018548e-02	4.486382e+02	4.564026e-02	
40.000000	32.000000	83.253723	353.849473	5.813915e-01	2.771928e-02	4.488485e+02	3.949155e-02	
40.000000	36.000000	153.605333	4.442768	6.223188e-01	2.992671e-02	4.491262e+02	4.183046e-02	
40.000000	40.000000	88.141285	95.233825	6.240410e-01	3.346148e-02	4.494905e+02	4.300988e-02	
40.000000	44.000000	128.699219	9.094442	5.783307e-01	2.550494e-02	4.497619e+02	4.009251e-02	
40.000000	48.000000	135.908476	198.425078	5.686090e-01	2.978922e-02	4.499916e+02	3.676024e-02	
40.000000	52.000000	143.002526	4.302427	6.316279e-01	3.542377e-02	4.496410e+02	4.339023e-02	
40.000000	56.000000	-1111.263115	6.057888	6.081578e-01	2.874703e-02	4.484288e+02	4.100973e-02	
40.000000	60.000000	178.489466	12.565367	6.459887e-01	3.718122e-02	4.455965e+02	4.502246e-02	
44.000000	0.000000	172.481143	7.937887	5.283571e-01	3.675165e-02	4.410072e+02	4.038555e-02	
44.000000	4.000000	-1230.410256	9.027698	6.517708e-01	3.454227e-02	4.461943e+02	4.348810e-02	
44.000000	8.000000	110.357193	9.244914	5.642405e-01	3.072662e-02	4.460049e+02	3.749915e-02	
44.000000	12.000000	595.695153	536.451707	6.051347e-01	2.942405e-02	4.464653e+02	4.086010e-02	
44.000000	16.000000	133.570034	5.723044	5.571114e-01	3.170883e-02	4.471275e+02	3.667409e-02	
44.000000	20.000000	176.632963	33.435443	5.971120e-01	2.931619e-02	4.474348e+02	4.000325e-02	
44.000000	24.000000	162.850487	45.161877	6.128559e-01	2.748986e-02	4.476433e+02	4.155590e-02	
44.000000	28.000000	155.780343	5.925799	5.609061e-01	3.006826e-02	4.479247e+02	4.044337e-02	
44.000000	32.000000	124.849701	217.190440	5.218547e-01	2.770454e-02	4.482266e+02	3.506095e-02	
44.000000	36.000000	125.739351	215.327329	6.012212e-01	3.056661e-02	4.485656e+02	4.115601e-02	
44.000000	40.000000	157.873378	5.918686	5.459756e-01	2.951459e-02	4.489469e+02	3.497201e-02	
44.000000	44.000000	1584.555502	36.733968	5.599081e-01	2.605603e-02	4.492929e+02	3.747778e-02	
44.000000	48.000000	180.072869	77.437903	5.852504e-01	2.841358e-02	4.494859e+02	4.009921e-02	
44.000000	52.000000	174.127931	432.658508	6.275914e-01	3.436417e-02	4.495857e+02	4.337756e-02	
44.000000	56.000000	157.817229	15.324752	6.273985e-01	3.548020e-02	4.483290e+02	4.355503e-02	
44.000000	60.000000	221.443366	10.400128	6.472192e-01	4.026563e-02	4.461181e+02	4.747678e-02	
48.000000	0.000000	226.622211	94.201047	6.532131e-01	3.228024e-02	4.419083e+02	4.327011e-02	
48.000000	4.000000	99.269738	12.364541	6.370676e-01	2.968439e-02	4.453120e+02	4.309316e-02	
48.000000	8.000000	-257.695664	141.815203	6.797528e-01	4.421685e-02	4.452997e+02	4.937903e-02	
48.000000	12.000000	141.794493	41.917680	5.984007e-01	2.557736e-02	4.457419e+02	4.293018e-02	
48.000000	16.000000	94.060812	8.303943	6.540365e-01	3.189446e-02	4.465083e+02	4.500400e-02	
48.000000	20.000000	924.421872	568.793152	5.936365e-01	2.812358e-02	4.467683e+02	3.947434e-02	
48.000000	24.000000	92.822985	841.132946	6.448975e-01	3.126922e-02	4.472805e+02	4.314429e-02	
48.000000	28.000000	89.484465	27.525870	6.378508e-01	3.173478e-02	4.475419e+02	4.235598e-02	
48.000000	32.000000	133.608446	6.264511	6.398295e-01	2.944720e-02	4.478032e+02	4.427382e-02	
48.000000	36.000000	133.622682	208.593315	5.435461e-01	2.968925e-02	4.480672e+02	3.471231e-02	
48.000000	40.000000	128.249445	63.984351	6.282832e-01	2.945016e-02	4.485549e+02	4.263538e-02	
48.000000	44.000000	1353.656211	126.634129	6.228851e-01	3.120275e-02	4.489136e+02	4.096146e-02	
48.000000	48.000000	96.611179	216.156410	6.255043e-01	3.024512e-02	4.493363e+02	4.187576e-02	
48.000000	52.000000	145.330277	6.129417	5.661417e-01	2.598331e-02	4.491898e+02	4.035752e-02	
48.000000	56.000000	89.914065	4.817532	6.420379e-01	3.616525e-02	4.485385e+02	4.453410e-02	
48.000000	60.000000	177.715456	17.109770	6.047998e-01	2.996886e-02	4.466915e+02	4.012531e-02	
52.000000	0.000000	192.732019	23.308286	5.811034e-01	2.785846e-02	4.428043e+02	3.852466e-02	
52.000000	4.000000	202.847591	17.479393	6.191741e-01	3.197949e-02	4.444196e+02	4.155735e-02	
52.000000	8.000000	1729.695501	402.217644	6.321364e-01	2.907481e-02	4.444374e+02	4.293513e-02	
52.000000	12.000000	-1216.588693	28.610921	6.085758e-01	3.620126e-02	4.451667e+02	4.205940e-02	
52.000000	16.000000	158.877403	52.713708	6.460975e-01	2.661752e-02	4.456022e+02	4.412554e-02	
52.000000	20.000000	100.365419	838.572816	6.022890e-01	2.571860e-02	4.462949e+02	4.178437e-02	
52.000000	24.000000	-853.241823	72.475159	6.334137e-01	3.480835e-02	4.465096e+02	4.378090e-02	
52.000000	28.000000	1720.490854	5.522860	5.832254e-01	2.792102e-02	4.468463e+02	3.974967e-02	
52.000000	32.000000	159.369570	90.745536	6.252735e-01	3.319535e-02	4.471448e+02	4.167413e-02	
52.000000	36.000000	94.313958	6.981857	6.403550e-01	2.702527e-02	4.475922e+02	4.315113e-02	
52.000000	40.000000	97.505078	54.440397	6.004166e-01	3.097819e-02	4.480601e+02	3.946227e-02	
52.000000	44.000000	1331.195083	32.652634	6.056575e-01	2.875759e-02	4.485695e+02	4.040713e-02	
52.000000	48.000000	1525.723541	90.754420	6.243933e-01	2.608888e-02	4.486990e+02	4.608213e-02	
52.000000	52.000000	147.720986	58.044652	5.454937e-01	2.956443e-02	4.490572e+02	3.492590e-02	
52.000000	56.000000	168.147402	151.092873	5.897794e-01	2.812821e-02	4.484417e+02	3.971133e-02	
52.000000	60.000000	2365.081531	234.117823	5.909440e-01	2.962377e-02	4.469318e+02	3.905782e-02	
56.000000	0.000000	212.588116	12.595546	5.961479e-01	3.179216e-02	4.440782e+02	3.958639e-02	
56.000000	4.000000	113.796838	454.473334	6.054583e-01	3.316236e-02	4.431807e+02	4.045462e-02	
56.000000	8.000000	-1590.573618	56.232392	5.897601e-01	3.303875e-02	4.429818e+02	4.308703e-02	
56.000000	12.000000	94.613867	36.446198	6.024480e-01	3.110977e-02	4.434011e+02	4.135086e-02	
56.000000	16.000000	69.332323	38.549730	5.753758e-01	2.979792e-02	4.443177e+02	3.917616e-02	
56.000000	20.000000	112.377955	45.982912	6.154298e-01	2.968783e-02	4.448719e+02	4.380942e-02	
56.000000	24.000000	111.577067	903.789382	6.546684e-01	2.728882e-02	4.453748e+02	4.725104e-02	
56.000000	28.000000	188.153376	34.490050	6.618161e-01	3.489883e-02	4.456902e+02	4.430419e-02	
56.000000	32.000000	-565.248138	7.564423	5.670697e-01	3.237717e-02	4.460494e+02	3.836046e-02	
56.000000	36.000000	1966.209097	49.173637	6.376907e-01	3.455290e-02	4.465894e+02	4.371068e-02	
56.000000	40.000000	111.532280	77.620636	6.127008e-01	4.201193e-02	4.470886e+02	4.870290e-02	
56.000000	44.000000	1764.147286	3.961980	6.127894e-01	2.596742e-02	4.477072e+02	4.356280e-02	
56.000000	48.000000	103.775618	0.631860	6.070635e-01	3.137478e-02	4.481252e+02	3.998870e-02	
56.000000	52.000000	1754.880019	4.869145	5.576940e-01	2.739093e-02	4.483349e+02	3.745676e-02	
56.000000	56.000000	184.079607	7.847123	5.897547e-01	3.484265e-02	4.481066e+02	4.086306e-02	
56.000000	60.000000	-2001.605826	15.408918	5.762136e-01	2.997819e-02	4.469644e+02	3.734032e-02	
60.000000	0.000000	222.658618	25.331455	5.832322e-01	2.816516e-02	4.444673e+02	3.987031e-02	
60.000000	4.000000	150.618943	774.053725	5.932989e-01	2.887747e-02	4.408637e+02	4.370941e-02	
60.000000	8.000000	156.054235	310.993085	5.720576e-01	3.000306e-02	4.409201e+02	3.713842e-02	
60.000000	12.000000	-2676.162718	778.095666	6.142675e-01	2.816248e-02	4.418152e+02	4.454938e-02	
60.000000	16.000000	132.931361	812.372758	6.272607e-01	3.904627e-02	4.427813e+02	4.438705e-02	
60.000000	20.000000	-1538.800450	781.572984	5.909302e-01	2.586689e-02	4.437724e+02	4.360653e-02	
60.000000	24.000000	127.882469	142.907666	6.055234e-01	2.960732e-02	4.441979e+02	4.000513e-02	
60.000000	28.000000	1441.499695	642.921729	5.297646e-01	2.429210e-02	4.443487e+02	3.607244e-02	
60.000000	32.000000	122.215072	214.768664	5.911156e-01	2.600034e-02	4.447762e+02	4.407265e-02	
60.000000	36.000000	-181.667607	559.572624	7.292294e-01	5.158997e-02	4.454631e+02	5.302690e-02	
60.000000	40.000000	-37.325618	116.228653	7.416560e-01	3.750795e-02	4.457949e+02	5.584642e-02	
60.000000	44.000000	116.258578	824.332331	5.518255e-01	2.837205e-02	4.462235e+02	3.629609e-02	
60.000000	48.000000	2343.863539	781.852571	6.315910e-01	2.883938e-02	4.467103e+02	4.278150e-02	
60.000000	52.000000	1644.617331	95.975221	6.056677e-01	2.838881e-02	4.472603e+02	4.032724e-02	
60.000000	56.000000	140.027475	63.601869	7.469558e-01	3.945624e-02	4.471133e+02	5.039123e-02	
60.000000	60.000000	-1717.399335	42.021543	5.759301e-01	2.778601e-02	4.464548e+02	3.919632e-02	
0.000000	0.000000	300.888431	177.463527	5.536349e-01	3.093026e-02	4.450258e+02	3.642141e-02	
