0.000000	4.000000	156.333040	119.076340	9.954679e+02	5.979126e+02	1.327288e+03	1.631405e+03	
0.000000	8.000000	151.548981	3.283489	8.457450e+02	4.630156e+02	9.792569e+02	1.248808e+03	
0.000000	12.000000	151.701377	2.879871	5.061298e-01	4.797958e-02	1.980120e+02	3.583159e-02	
0.000000	16.000000	147.655710	68.233375	5.873539e+00	1.808240e+02	2.108694e+02	1.408946e+04	
0.000000	20.000000	147.057564	35.794033	5.708391e-01	2.838109e-02	1.982249e+02	3.763821e-02	
0.000000	24.000000	146.167599	2.532226	9.723792e-01	1.005050e+02	1.978430e+02	1.007298e+00	
0.000000	28.000000	145.871228	1.965964	5.907209e-01	2.572614e-02	1.982727e+02	4.089087e-02	
0.000000	32.000000	146.192955	2.554953	2.279970e+00	1.675851e+02	1.985890e+02	5.254971e-01	
0.000000	36.000000	147.039102	10.126539	5.254113e-01	2.509106e-02	1.982883e+02	3.527300e-02	
0.000000	40.000000	151.601233	11.804628	5.653738e-01	3.013675e-02	1.980633e+02	3.675762e-02	
0.000000	44.000000	154.898661	51.498731	5.040848e+00	1.648895e+02	1.986553e+02	1.000000e+00	
0.000000	48.000000	164.246234	1.978777	5.082387e-01	2.341897e-02	1.976452e+02	3.709682e-02	
0.000000	52.000000	178.293611	8.975148	5.752412e-01	2.883220e-02	4.596593e+02	3.927752e-02	
0.000000	56.000000	190.805805	30.412871	5.519305e-01	3.608651e-02	4.568923e+02	3.732349e-02	
0.000000	60.000000	178.305353	6.607187	5.770574e-01	3.250138e-02	4.520326e+02	3.960463e-02	
4.000000	0.000000	170.457822	7.451448	6.059422e-01	3.599125e-02	4.477884e+02	4.234296e-02	
4.000000	4.000000	157.602314	5.119814	2.150945e+01	3.487474e-01	3.259125e+02	5.657126e-01	
4.000000	8.000000	154.337824	61.953736	2.807664e+01	1.697613e+00	3.265147e+02	8.046103e-01	
4.000000	12.000000	151.798011	23.151883	7.972089e+01	5.067857e+02	2.493768e+03	1.414214e+00	
4.000000	16.000000	151.702914	20.141551	5.429929e-01	3.456445e-02	1.978591e+02	3.736547e-02	
4.000000	20.000000	146.725265	3.205249	5.289449e-01	4.564309e-02	1.980000e+02	3.825980e-02	
4.000000	24.000000	146.185693	1.827046	4.174298e+02	2.793025e+02	8.744134e+02	6.223647e+02	
4.000000	28.000000	146.294755	22.290424	4.501179e+02	3.854219e+02	3.327287e+02	3.688784e+02	
4.000000	32.000000	146.218878	32.658527	5.006873e-01	4.639094e-02	1.980023e+02	3.400559e-02	
4.000000	36.000000	147.696763	27.013998	5.363328e-01	4.707360e-02	1.980281e+02	4.035464e-02	
4.000000	40.000000	152.697990	1.705951	5.301314e-01	2.783068e-02	1.981195e+02	3.672945e-02	
4.000000	44.000000	158.697375	1.528810	5.067661e-01	2.786134e-02	1.982062e+02	3.392241e-02	
4.000000	48.000000	164.112599	2.328756	2.118238e+01	4.596299e-01	3.257190e+02	6.423617e-01	
4.000000	52.000000	178.304630	20.470133	5.328005e-01	3.028890e-02	4.600568e+02	3.393426e-02	
4.000000	56.000000	191.642991	5.360038	5.852504e-01	2.841358e-02	4.574859e+02	4.009921e-02	
4.000000	60.000000	184.554613	8.652366	5.547853e-01	2.685633e-02	4.528449e+02	4.037268e-02	
8.000000	0.000000	172.056007	7.002357	6.214406e-01	3.153622e-02	4.474875e+02	4.141666e-02	
8.000000	4.000000	156.415347	4.150940	2.313789e+01	4.310922e-01	3.293804e+02	4.651923e-01	
8.000000	8.000000	155.495798	4.259178	2.177788e+01	4.262351e-01	3.297805e+02	4.035482e-01	
8.000000	12.000000	151.686973	64.338851	2.523061e+01	1.477137e+00	3.257206e+02	8.304923e-01	
8.000000	16.000000	151.742843	199.905388	9.530837e+02	9.527310e+02	1.155933e+03	2.189680e+03	
8.000000	20.000000	151.566185	1.623963	6.871125e+02	5.863593e+02	2.591903e+02	7.609298e+02	
8.000000	24.000000	148.240781	222.918460	5.311743e-01	3.705934e-02	1.979013e+02	3.643430e-02	
8.000000	28.000000	147.412907	162.897426	5.591104e+02	2.799908e+02	-4.370494e+02	9.579229e+02	
8.000000	32.000000	148.376765	41.570300	6.663163e+02	4.749975e+02	9.537447e+01	6.664029e+02	
8.000000	36.000000	158.402657	9.485147	2.071191e+01	2.835822e-01	3.249738e+02	6.097689e-01	
8.000000	40.000000	151.443187	244.236671	4.187429e+02	2.381476e+02	1.829901e+01	5.006337e+02	
8.000000	44.000000	157.691703	2.025836	3.853717e+02	6.963013e+01	-1.135964e+03	4.137993e+02	
8.000000	48.000000	165.387606	83.926207	5.072440e+00	8.320373e+02	3.633431e+02	1.414214e+00	
8.000000	52.000000	178.302415	5.337055	5.561326e-01	3.036083e-02	4.597749e+02	3.754425e-02	
8.000000	56.000000	197.056403	6.089156	5.789739e-01	2.825356e-02	4.576028e+02	3.953103e-02	
8.000000	60.000000	186.304408	5.973426	7.259098e-01	3.619964e-02	4.532912e+02	5.047558e-02	
12.000000	0.000000	176.699376	563.763173	5.820749e-01	2.797429e-02	4.475164e+02	3.944353e-02	
12.000000	4.000000	156.199377	77.191345	1.181056e+03	9.616541e+02	2.484637e+03	2.421145e+03	
12.000000	8.000000	154.663303	4.013396	1.947589e+01	1.635211e-01	3.300419e+02	4.053965e-01	
12.000000	12.000000	155.669117	2.682577	2.076787e+01	5.022283e-01	3.307883e+02	5.775124e-01	
12.000000	16.000000	150.995832	3.014979	2.778657e+01	2.011513e+00	3.222760e+02	7.340472e-01	
12.000000	20.000000	151.797890	57.291182	2.026557e+01	1.434681e-01	3.261926e+02	5.507497e-01	
12.000000	24.000000	151.667472	2.297178	1.022344e+03	7.975615e+02	2.756559e+03	2.620660e+03	
12.000000	28.000000	151.429079	1.741056	1.138934e+03	9.767432e+02	2.307924e+03	2.684071e+03	
12.000000	32.000000	152.069972	2.294927	9.075483e+02	4.539687e+02	9.803021e+02	1.804302e+03	
12.000000	36.000000	151.564663	34.739855	8.589101e+02	7.127649e+02	2.039023e+02	1.049593e+03	
12.000000	40.000000	151.792913	2.120498	5.901506e-01	5.135630e-02	1.980398e+02	5.148169e-02	
12.000000	44.000000	158.042909	37.988400	6.967368e-01	6.414627e+02	1.983006e+02	1.604836e+01	
12.000000	48.000000	170.710073	663.845896	1.497040e+01	7.117769e+02	3.759149e+03	1.414214e+00	
12.000000	52.000000	178.811911	4.011813	5.072643e-01	3.376479e-02	4.600894e+02	3.268296e-02	
12.000000	56.000000	198.345413	112.386765	5.386614e-01	3.183424e-02	4.579814e+02	3.598404e-02	
12.000000	60.000000	190.794010	7.747441	4.944879e-01	3.599644e-02	4.540668e+02	3.228202e-02	
16.000000	0.000000	178.302200	6.737972	6.031925e-01	2.887482e-02	4.478618e+02	4.062743e-02	
16.000000	4.000000	160.800496	7.649236	4.567635e-01	2.023385e-02	4.603587e+02	3.601514e-02	
16.000000	8.000000	157.160489	221.283441	4.974275e-01	2.053532e-02	4.604520e+02	3.630606e-02	
16.000000	12.000000	154.825400	0.369037	2.272933e+01	5.035559e-01	3.331874e+02	7.653670e-01	
16.000000	16.000000	155.983396	476.464285	2.033767e+01	3.931267e-01	3.305764e+02	5.317145e-01	
16.000000	20.000000	151.022427	3.350303	2.040648e+01	3.037366e-01	3.249681e+02	8.834343e-01	
16.000000	24.000000	150.563123	171.734005	3.708539e+01	5.962137e+00	3.312580e+02	1.882290e+00	
16.000000	28.000000	151.089362	225.267247	2.499755e+01	8.678127e-01	3.273563e+02	4.849456e-01	
16.000000	32.000000	151.236274	232.800016	2.168884e+01	4.702182e-01	3.262315e+02	6.769457e-01	
16.000000	36.000000	151.743098	2.225006	1.925689e+01	3.487432e-01	3.261420e+02	7.963667e-01	
16.000000	40.000000	159.690046	50.328116	4.428062e-01	3.019747e-02	1.981630e+02	3.062384e-02	
16.000000	44.000000	158.564314	3.139342	5.107432e-01	3.066828e-02	1.980849e+02	3.516894e-02	
16.000000	48.000000	170.379235	3.119686	1.902643e+01	1.756231e-01	3.271995e+02	5.417554e-01	
16.000000	52.000000	179.503767	5.034158	1.394526e+00	2.830413e+02	4.586780e+02	1.120917e+03	
16.000000	56.000000	203.307344	14.340986	5.671408e-01	2.784983e-02	4.581514e+02	3.749580e-02	
16.000000	60.000000	197.055381	6.023292	5.593678e-01	2.583623e-02	4.548045e+02	3.864008e-02	
20.000000	0.000000	184.551030	10.787462	6.138823e-01	3.213289e-02	4.485378e+02	4.220978e-02	
20.000000	4.000000	160.930839	80.932581	5.655787e-01	3.062022e-02	4.602544e+02	3.898228e-02	
20.000000	8.000000	159.997058	143.351700	4.876862e-01	3.361714e-02	4.600682e+02	3.029503e-02	
20.000000	12.000000	156.402220	236.340017	1.058508e+00	3.734266e+02	4.598850e+02	5.815275e+00	
20.000000	16.000000	154.879261	4.186018	2.140657e+01	3.793713e-01	3.312330e+02	5.232778e-01	
20.000000	20.000000	156.250006	27.497583	1.947155e+01	2.668381e-01	3.292110e+02	3.882943e-01	
20.000000	24.000000	151.371652	4.078310	2.980188e+01	1.648950e+00	3.299248e+02	6.150844e-01	
20.000000	28.000000	150.629913	107.341874	1.298795e+03	1.120619e+03	4.435599e+02	2.208737e+03	
20.000000	32.000000	150.895437	186.776228	2.800858e+01	2.249203e+00	3.282984e+02	6.668213e-01	
20.000000	36.000000	155.384874	972.088291	3.514553e+01	2.721659e+00	3.246773e+02	1.871000e+00	
20.000000	40.000000	158.348680	44.953713	7.653640e+02	2.394317e+02	-2.115021e+03	1.645850e+03	
20.000000	44.000000	164.086708	25.220465	5.358603e-01	2.931475e-02	1.981250e+02	3.946685e-02	
20.000000	48.000000	170.291107	226.872954	5.230706e+02	8.100810e+02	1.545279e+03	3.985076e+03	
20.000000	52.000000	181.812290	189.724890	3.830942e+02	2.179240e+02	8.155656e+02	3.632690e+02	
20.000000	56.000000	203.304974	5.784128	5.179029e-01	2.169637e-02	4.584557e+02	3.631272e-02	
20.000000	60.000000	203.299533	20.011965	5.626765e-01	2.971324e-02	4.549564e+02	3.753113e-02	
24.000000	0.000000	190.803694	7.865966	5.498873e-01	3.101426e-02	4.490715e+02	3.576643e-02	
24.000000	4.000000	165.079201	8.346274	4.731080e-01	3.740530e-02	4.600300e+02	3.047238e-02	
24.000000	8.000000	161.204596	100.831615	5.094331e-01	3.133330e-02	4.601203e+02	3.233449e-02	
24.000000	12.000000	160.366837	69.265048	3.428848e+02	2.463312e+02	2.646210e+02	2.617562e+02	
24.000000	16.000000	153.809615	55.124867	5.595909e+02	3.387324e+02	1.409460e+03	7.282427e+02	
24.000000	20.000000	155.548702	186.208227	4.476628e-01	2.415887e-02	4.603717e+02	4.485971e-02	
24.000000	24.000000	155.175302	3.619996	2.599123e+01	8.905954e-01	3.265729e+02	1.226600e+00	
24.000000	28.000000	155.312281	3.182199	2.003331e+01	2.374028e-01	3.314502e+02	4.734569e-01	
24.000000	32.000000	155.344899	2.823688	2.439013e+01	1.280489e+00	3.315454e+02	7.598153e-01	
24.000000	36.000000	157.317318	3.440867	4.096921e+02	1.077707e+02	-1.058698e+03	6.882486e+02	
24.000000	40.000000	157.643712	2.566650	1.151081e+03	1.078534e+03	-5.187582e+02	4.487599e+00	
24.000000	44.000000	164.213746	3.158072	6.373199e+02	6.569753e+02	-1.665672e+03	2.462125e+03	
24.000000	48.000000	170.452161	3.568444	6.468151e+02	3.276704e+02	-1.408754e+03	1.093429e+03	
24.000000	52.000000	185.105519	89.008358	1.041588e+02	5.422993e+02	3.696527e+07	1.414214e+00	
24.000000	56.000000	203.295663	10.082856	5.333436e-01	2.594893e-02	4.587472e+02	3.552557e-02	
24.000000	60.000000	209.563957	19.065549	5.765058e-01	2.772634e-02	4.555751e+02	3.947556e-02	
28.000000	0.000000	197.046536	6.584957	5.253792e-01	3.395402e-02	4.500025e+02	3.728990e-02	
28.000000	4.000000	167.173663	6.933210	5.253792e-01	3.395399e-02	4.600025e+02	3.728987e-02	
28.000000	8.000000	165.810024	57.856361	5.870912e-01	3.089432e-02	4.596922e+02	4.017039e-02	
28.000000	12.000000	161.325131	79.040402	6.427451e-01	4.887610e-02	4.599660e+02	5.324995e-02	
28.000000	16.000000	160.334253	7.118441	2.980307e+02	1.596146e+02	5.451847e+02	2.178552e+02	
28.000000	20.000000	156.753250	251.701966	5.286327e-01	2.433731e-02	4.603770e+02	3.771016e-02	
28.000000	24.000000	150.081632	3.749431	8.756278e+02	8.821696e+02	-2.029732e+03	2.643618e+03	
28.000000	28.000000	154.701017	38.473056	8.457173e+02	6.952278e+02	1.274505e+02	1.253938e+03	
28.000000	32.000000	154.790665	3.040895	1.134779e+03	1.133890e+03	-5.997080e+01	2.167985e+03	
28.000000	36.000000	154.536715	3.009648	4.521526e+00	6.117492e+02	4.515971e+02	2.522294e+03	
28.000000	40.000000	164.246321	19.960590	3.417202e+01	1.825033e+00	3.254092e+02	1.626867e+00	
28.000000	44.000000	163.736647	3.402558	2.112019e+01	6.989235e-01	3.268918e+02	8.853212e-01	
28.000000	48.000000	174.361786	33.618353	2.381115e+01	9.260315e-01	3.307487e+02	8.170679e-01	
28.000000	52.000000	185.626602	4.389856	4.751937e-01	3.087806e-02	4.601577e+02	3.156985e-02	
28.000000	56.000000	204.503768	9.626084	5.748864e-01	2.941795e-02	4.586872e+02	3.920977e-02	
28.000000	60.000000	215.805648	9.354735	5.043940e-01	2.470539e-02	4.562691e+02	3.413240e-02	
32.000000	0.000000	203.298970	8.161430	6.304379e-01	3.020469e-02	4.507605e+02	4.203577e-02	
32.000000	4.000000	172.037457	34.390708	7.196633e-01	4.985471e-02	4.595730e+02	5.221559e-02	
32.000000	8.000000	170.321817	6.282725	5.867245e-01	2.631603e-02	4.593194e+02	3.952549e-02	
32.000000	12.000000	165.797002	55.072622	6.004824e-01	3.039217e-02	4.595423e+02	4.118710e-02	
32.000000	16.000000	161.659468	36.969292	5.037901e-01	3.456333e-02	4.601011e+02	3.268075e-02	
32.000000	20.000000	160.447956	208.427595	3.833863e+02	3.089701e+02	1.247367e+03	3.334818e+02	
32.000000	24.000000	160.176583	3.671524	4.562174e-01	2.015052e-02	4.603590e+02	3.593485e-02	
32.000000	28.000000	158.622743	37.798064	4.900404e-01	2.213356e-02	4.603512e+02	3.632666e-02	
32.000000	32.000000	158.623263	4.410913	7.708490e+02	5.462509e+02	1.129552e+03	1.049928e+03	
32.000000	36.000000	161.345279	60.619868	1.250485e+03	1.235928e+03	-3.961487e+02	1.262873e+03	
32.000000	40.000000	163.574697	106.310927	2.331714e+01	4.666145e-01	3.333296e+02	6.975774e-01	
32.000000	44.000000	171.006140	42.715642	1.031102e+03	6.473896e+02	-1.943819e+03	1.063893e+03	
32.000000	48.000000	176.216064	4.422143	1.202250e+03	8.485262e+02	2.328321e+03	2.521590e+03	
32.000000	52.000000	186.007202	179.926866	1.121402e+03	1.118751e+03	2.986068e+02	1.015521e+03	
32.000000	56.000000	207.949741	15.492865	5.563581e-01	2.585863e-02	4.592400e+02	3.729646e-02	
32.000000	60.000000	222.057363	5.037922	5.714718e-01	2.940449e-02	4.568653e+02	3.723576e-02	
36.000000	0.000000	209.552214	8.961388	5.239345e-01	3.011701e-02	4.521926e+02	3.427568e-02	
36.000000	4.000000	176.583326	478.285632	5.949240e-01	3.214737e-02	4.592145e+02	3.955669e-02	
36.000000	8.000000	173.318564	502.458703	5.769992e-01	3.107005e-02	4.592616e+02	3.934141e-02	
36.000000	12.000000	170.512931	4.745728	5.840709e-01	2.982524e-02	4.593406e+02	3.993821e-02	
36.000000	16.000000	164.914142	4.984694	6.691729e-01	3.155225e-02	4.596164e+02	4.594276e-02	
36.000000	20.000000	163.908130	129.790679	5.885377e-01	2.861937e-02	4.598663e+02	4.249907e-02	
36.000000	24.000000	160.756905	50.645925	2.438952e+02	1.262309e+02	5.505781e+02	1.758098e+02	
36.000000	28.000000	161.060637	3.582393	3.431696e+02	2.290515e+02	7.149079e+02	3.049537e+02	
36.000000	32.000000	160.876714	29.606126	1.985161e+01	2.607590e-01	3.336118e+02	8.931681e-01	
36.000000	36.000000	160.777684	3.706362	6.875813e+02	3.776316e+02	1.266937e+03	8.692314e+02	
36.000000	40.000000	166.478675	48.848583	2.082505e+01	3.724772e-01	3.286134e+02	4.438956e-01	
36.000000	44.000000	170.459214	193.940939	2.370327e+02	4.384544e+01	-5.757441e+02	3.126745e+02	
36.000000	48.000000	176.297373	250.817077	7.077484e+02	7.841073e+02	5.437882e+02	1.548203e-01	
36.000000	52.000000	187.238470	278.398415	2.921540e+01	1.886755e+00	3.315766e+02	8.061528e-01	
36.000000	56.000000	209.550489	6.908537	5.450332e-01	2.730197e-02	4.597162e+02	3.698486e-02	
36.000000	60.000000	229.825401	20.861452	5.711377e-01	2.858524e-02	4.572976e+02	3.804277e-02	
40.000000	0.000000	217.773640	22.572556	5.573024e-01	2.982928e-02	4.529627e+02	3.587933e-02	
40.000000	4.000000	182.836982	36.650228	5.704298e-01	3.995891e-02	4.589326e+02	4.042625e-02	
40.000000	8.000000	178.299854	6.885242	4.941940e-01	3.250100e-02	4.588718e+02	3.188905e-02	
40.000000	12.000000	174.933269	63.528996	5.747718e-01	3.712102e-02	4.588822e+02	3.990277e-02	
40.000000	16.000000	171.061172	5.968851	5.976791e-01	2.599927e-02	4.593095e+02	4.076605e-02	
40.000000	20.000000	166.674805	45.066932	5.858650e-01	2.760413e-02	4.595861e+02	3.938926e-02	
40.000000	24.000000	165.802000	223.021734	6.055533e-01	2.618413e-02	4.596757e+02	4.144410e-02	
40.000000	28.000000	164.817385	34.283074	5.963433e-01	3.137742e-02	4.596645e+02	4.090897e-02	
40.000000	32.000000	164.729836	3.867563	5.497635e-01	2.693105e-02	4.598493e+02	3.938945e-02	
40.000000	36.000000	166.079395	4.466002	5.337741e-01	3.601674e-02	4.599989e+02	4.085297e-02	
40.000000	40.000000	167.325391	222.147150	2.276641e+01	4.720087e-01	3.300168e+02	5.044223e-01	
40.000000	44.000000	174.581454	29.036108	2.337555e+01	9.304911e-01	3.294374e+02	5.688116e-01	
40.000000	48.000000	181.701398	3.591202	4.537638e+02	2.121440e+02	-9.975540e+02	1.232050e+03	
40.000000	52.000000	192.493765	4.228935	4.665376e-01	2.832387e-02	4.602579e+02	4.035070e-02	
40.000000	56.000000	209.551956	11.415287	4.956018e-01	3.151971e-02	4.600266e+02	3.050112e-02	
40.000000	60.000000	236.040775	948.879362	5.484510e-01	2.509729e-02	4.576042e+02	3.766828e-02	
44.000000	0.000000	228.325668	7.425502	5.956935e-01	2.990946e-02	4.537983e+02	3.925450e-02	
44.000000	4.000000	189.083999	507.580288	5.621489e-01	2.606087e-02	4.584790e+02	3.829882e-02	
44.000000	8.000000	185.414226	25.468071	5.297359e-01	2.312458e-02	4.585869e+02	3.673571e-02	
44.000000	12.000000	181.167046	43.369632	5.231229e-01	2.320372e-02	4.586301e+02	3.617160e-02	
44.000000	16.000000	177.069234	452.521303	4.606514e-01	3.590940e-02	4.590985e+02	2.901628e-02	
44.000000	20.000000	172.590135	6.273567	6.575781e-01	4.196042e-02	4.592445e+02	4.773861e-02	
44.000000	24.000000	172.053539	5.642772	6.043999e-01	2.648539e-02	4.592358e+02	4.716620e-02	
44.000000	28.000000	170.308188	24.363633	5.581251e-01	2.675961e-02	4.593542e+02	3.813178e-02	
44.000000	32.000000	170.174757	33.082352	5.539737e-01	2.599366e-02	4.597125e+02	3.705670e-02	
44.000000	36.000000	170.102467	3.907055	5.806556e-01	3.028007e-02	4.596966e+02	3.965025e-02	
44.000000	40.000000	172.610051	4.064187	1.673126e+00	5.990751e+02	2.933924e+02	1.414214e+00	
44.000000	44.000000	172.051011	413.918707	2.336674e+01	6.872411e-01	3.317405e+02	5.823224e-01	
44.000000	48.000000	180.353543	5.802766	7.076637e+02	4.652683e+02	2.332938e+03	2.756509e+03	
44.000000	52.000000	190.165460	4.597843	3.493735e+01	3.579313e+00	3.392051e+02	2.687858e+00	
44.000000	56.000000	211.880582	1042.889368	5.912160e-01	2.973192e-02	4.599138e+02	4.127118e-02	
44.000000	60.000000	240.800032	11.195376	5.831304e-01	3.045917e-02	4.579363e+02	4.126421e-02	
48.000000	0.000000	241.676750	9.746967	6.117069e-01	2.866668e-02	4.547436e+02	4.087635e-02	
48.000000	4.000000	198.349939	396.202414	4.926317e-01	3.219074e-02	4.578680e+02	3.184591e-02	
48.000000	8.000000	195.858400	8.789808	5.543658e-01	2.722684e-02	4.576832e+02	3.775651e-02	
48.000000	12.000000	189.731966	12.324983	5.462708e-01	2.843871e-02	4.578809e+02	3.547441e-02	
48.000000	16.000000	185.083650	179.490905	5.765058e-01	2.772634e-02	4.585751e+02	3.947556e-02	
48.000000	20.000000	180.273639	7.541360	4.659357e-01	3.605420e-02	4.590352e+02	2.834089e-02	
48.000000	24.000000	179.172311	156.823265	6.118734e-01	3.299401e-02	4.588726e+02	4.089461e-02	
48.000000	28.000000	176.704649	494.279023	5.609299e-01	3.058149e-02	4.590285e+02	3.822543e-02	
48.000000	32.000000	176.559995	795.505378	5.223813e-01	3.049575e-02	4.591711e+02	3.446819e-02	
48.000000	36.000000	176.089363	898.063304	5.891821e-01	3.007625e-02	4.596408e+02	4.033553e-02	
48.000000	40.000000	176.691348	529.178779	5.224680e-01	3.062783e-02	4.599679e+02	3.308043e-02	
48.000000	44.000000	179.503768	43.296692	6.857289e+02	5.349822e+02	2.170189e+03	1.073798e+03	
48.000000	48.000000	186.023854	36.753654	2.868254e+01	1.734898e+00	3.333227e+02	9.263993e-01	
48.000000	52.000000	198.214082	123.935630	2.260890e+01	3.564313e-01	3.345333e+02	7.010935e-01	
48.000000	56.000000	215.804269	27.817835	5.326077e-01	2.316567e-02	4.595674e+02	3.692662e-02	
48.000000	60.000000	245.811767	14.634551	6.061941e-01	3.103282e-02	4.585094e+02	4.161262e-02	
52.000000	0.000000	259.555260	12.427910	5.732650e-01	2.702789e-02	4.554812e+02	3.929828e-02	
52.000000	4.000000	210.913163	805.097413	5.461148e-01	3.021384e-02	4.569711e+02	3.515251e-02	
52.000000	8.000000	207.821261	9.186582	5.606805e-01	2.929807e-02	4.570956e+02	3.628155e-02	
52.000000	12.000000	201.675797	486.982276	5.479780e-01	2.562149e-02	4.573322e+02	3.689903e-02	
52.000000	16.000000	196.126150	10.738369	5.468359e-01	2.947772e-02	4.579591e+02	3.512750e-02	
52.000000	20.000000	192.196156	64.463287	5.606652e-01	3.056952e-02	4.580799e+02	3.644350e-02	
52.000000	24.000000	189.038493	161.699700	5.499128e-01	2.590759e-02	4.582959e+02	3.682012e-02	
52.000000	28.000000	185.913192	780.020007	5.455749e-01	2.475530e-02	4.585997e+02	3.751818e-02	
52.000000	32.000000	185.258665	51.276822	5.531870e-01	2.549767e-02	4.585993e+02	3.795766e-02	
52.000000	36.000000	183.392661	59.852726	5.860344e-01	3.032042e-02	4.590213e+02	3.830642e-02	
52.000000	40.000000	184.957220	2.309956	6.739249e-01	4.239603e-02	4.596538e+02	4.813367e-02	
52.000000	44.000000	186.166427	870.961147	5.309044e-01	2.913050e-02	4.599156e+02	3.397429e-02	
52.000000	48.000000	192.092311	5.526028	4.866032e-01	3.105552e-02	4.601499e+02	3.210432e-02	
52.000000	52.000000	204.703800	213.814262	4.510817e+02	3.706029e+02	1.457212e+03	4.666324e+02	
52.000000	56.000000	221.222438	7.108478	5.519305e-01	3.608651e-02	4.598923e+02	3.732349e-02	
52.000000	60.000000	250.674343	1043.310748	5.535671e-01	2.585752e-02	4.583374e+02	3.724898e-02	
56.000000	0.000000	282.602281	12.956286	5.058380e-01	2.420737e-02	4.562878e+02	3.443642e-02	
56.000000	4.000000	236.091870	732.528882	5.363397e-01	3.116764e-02	4.559689e+02	3.706440e-02	
56.000000	8.000000	230.630582	94.541021	5.144208e-01	3.226017e-02	4.560101e+02	3.377081e-02	
56.000000	12.000000	223.354186	636.885737	5.693514e-01	2.800924e-02	4.563500e+02	3.887451e-02	
56.000000	16.000000	215.283033	120.369006	5.473757e-01	3.486371e-02	4.569709e+02	4.330867e-02	
56.000000	20.000000	208.449681	0.356108	5.846298e-01	2.867026e-02	4.575751e+02	4.003447e-02	
56.000000	24.000000	205.344898	63.865612	5.686075e-01	2.887024e-02	4.576919e+02	3.873050e-02	
56.000000	28.000000	202.783012	102.196209	5.869495e-01	2.571748e-02	4.577184e+02	4.002778e-02	
56.000000	32.000000	200.780160	6.317273	5.351029e-01	3.339894e-02	4.580773e+02	3.567800e-02	
56.000000	36.000000	198.272767	697.366209	5.692333e-01	2.658865e-02	4.584765e+02	3.903941e-02	
56.000000	40.000000	198.430655	210.504723	5.190696e-01	2.211557e-02	4.585829e+02	3.618968e-02	
56.000000	44.000000	198.398755	768.070511	5.449779e-01	2.420292e-02	4.594476e+02	3.758956e-02	
56.000000	48.000000	203.826264	8.498277	5.711988e-01	2.779182e-02	4.596267e+02	3.904663e-02	
56.000000	52.000000	213.674881	900.073138	5.779001e-01	4.160846e-02	4.599490e+02	4.202880e-02	
56.000000	56.000000	229.662447	7.706154	5.490497e-01	2.457178e-02	4.594525e+02	3.781958e-02	
56.000000	60.000000	257.947272	10.898607	5.196099e-01	2.910137e-02	4.588370e+02	3.346477e-02	
60.000000	0.000000	301.256236	961.297172	5.918393e-01	2.898625e-02	4.568926e+02	3.998714e-02	
60.000000	4.000000	345.092153	703.559947	6.076292e-01	3.280741e-02	4.546692e+02	4.177426e-02	
60.000000	8.000000	332.582333	700.859770	6.506156e-01	3.951802e-02	4.547035e+02	4.611429e-02	
60.000000	12.000000	314.145869	706.121698	5.759897e-01	2.784909e-02	4.551340e+02	3.931287e-02	
60.000000	16.000000	294.261736	259.175190	5.557627e-01	2.929466e-02	4.560538e+02	3.605453e-02	
60.000000	20.000000	279.338582	191.028290	5.121700e-01	2.530907e-02	4.567306e+02	3.497327e-02	
60.000000	24.000000	269.130200	181.731250	5.641481e-01	2.942898e-02	4.568770e+02	3.654910e-02	
60.000000	28.000000	260.860056	720.533461	5.632465e-01	2.943482e-02	4.572674e+02	3.814521e-02	
60.000000	32.000000	253.183756	211.158247	5.994006e-01	3.283168e-02	4.572883e+02	4.125498e-02	
60.000000	36.000000	244.889968	128.502042	5.874312e-01	2.898793e-02	4.577157e+02	3.902950e-02	
60.000000	40.000000	236.975567	894.315976	5.680145e-01	3.080091e-02	4.579631e+02	3.951173e-02	
60.000000	44.000000	232.648538	135.507505	5.553347e-01	2.639286e-02	4.583587e+02	3.796802e-02	
60.000000	48.000000	232.759243	80.737097	5.422047e-01	2.646693e-02	4.588380e+02	3.700591e-02	
60.000000	52.000000	238.596615	0.002680	6.089148e-01	2.890428e-02	4.588592e+02	4.142676e-02	
60.000000	56.000000	252.230824	429.905442	6.038968e-01	3.239568e-02	4.589319e+02	4.049065e-02	
60.000000	60.000000	276.593397	576.044323	5.492913e-01	2.539190e-02	4.583817e+02	3.767430e-02	
0.000000	0.000000	320.450887	30.623578	5.285827e-01	3.094041e-02	4.571164e+02	3.394596e-02	
