0.000000	4.000000	110.062186	6.753956	5.422260e-01	2.375232e-02	4.255285e+02	3.739148e-02	
0.000000	8.000000	110.023025	6.346793	5.628398e-01	3.008819e-02	4.251847e+02	3.682868e-02	
0.000000	12.000000	109.486669	6.337072	5.802173e-01	2.955056e-02	4.251671e+02	3.792721e-02	
0.000000	16.000000	109.549868	4.721020	5.593602e-01	3.136874e-02	4.251985e+02	3.701037e-02	
0.000000	20.000000	109.549257	4.155123	5.235260e-01	2.537344e-02	4.252734e+02	3.510781e-02	
0.000000	24.000000	109.558225	5.012341	5.580513e-01	2.701990e-02	4.256408e+02	3.808990e-02	
0.000000	28.000000	109.553600	2.767331	5.375399e-01	3.172632e-02	4.261365e+02	3.500594e-02	
0.000000	32.000000	109.543843	2.530578	5.713780e-01	2.927783e-02	4.263035e+02	3.892953e-02	
0.000000	36.000000	109.486663	2.813363	5.216977e-01	2.828068e-02	4.261045e+02	3.555461e-02	
0.000000	40.000000	109.486650	2.443698	5.170135e-01	3.405451e-02	4.259292e+02	3.410090e-02	
0.000000	44.000000	115.738730	3.505574	6.073472e-01	3.233813e-02	4.256415e+02	4.178588e-02	
0.000000	48.000000	122.073428	4.052377	4.956563e-01	3.469197e-02	4.250183e+02	3.505832e-02	
0.000000	52.000000	134.555997	3.682906	6.070232e-01	3.039918e-02	4.223537e+02	4.059874e-02	
0.000000	56.000000	123.447672	730.332614	6.596189e-01	4.034775e-02	4.166756e+02	4.676205e-02	
0.000000	60.000000	111.709933	1122.352818	5.894742e-01	2.757022e-02	4.061901e+02	3.947566e-02	
4.000000	0.000000	103.294959	5.629893	5.748035e-01	2.560533e-02	3.992532e+02	3.911969e-02	
4.000000	4.000000	114.145009	195.596767	5.983854e-01	3.247666e-02	4.252438e+02	3.985003e-02	
4.000000	8.000000	113.929079	462.302388	5.759403e-01	2.841571e-02	4.248824e+02	4.045365e-02	
4.000000	12.000000	113.211940	1054.823259	6.013623e-01	2.590263e-02	4.247466e+02	4.385023e-02	
4.000000	16.000000	111.224055	981.206497	5.785633e-01	3.090980e-02	4.248674e+02	3.795624e-02	
4.000000	20.000000	109.748081	5.903082	5.650415e-01	3.050572e-02	4.249995e+02	3.740173e-02	
4.000000	24.000000	109.486682	4.109625	5.560706e-01	2.599441e-02	4.253826e+02	3.800200e-02	
4.000000	28.000000	109.486676	18.237451	5.877322e-01	2.830333e-02	4.258634e+02	4.191277e-02	
4.000000	32.000000	109.486685	3.769704	5.696493e-01	2.795056e-02	4.258230e+02	3.752921e-02	
4.000000	36.000000	109.546356	4.172140	5.458163e-01	2.929751e-02	4.258827e+02	4.257988e-02	
4.000000	40.000000	110.837990	5.747777	5.364930e-01	3.093652e-02	4.259668e+02	3.687920e-02	
4.000000	44.000000	115.774264	2.914383	5.753343e-01	2.724883e-02	4.255327e+02	3.934270e-02	
4.000000	48.000000	122.049009	3.569800	5.355156e-01	3.068373e-02	4.250991e+02	3.438136e-02	
4.000000	52.000000	134.562799	3.525147	5.786205e-01	3.081834e-02	4.227245e+02	3.947547e-02	
4.000000	56.000000	128.302228	4.010326	5.542757e-01	2.811408e-02	4.172845e+02	3.762024e-02	
4.000000	60.000000	115.795249	4.520341	6.293238e-01	3.015164e-02	4.072405e+02	4.184168e-02	
8.000000	0.000000	103.305827	4.669553	6.074248e-01	3.214362e-02	3.994514e+02	4.120967e-02	
8.000000	4.000000	115.807908	6.050517	5.970620e-01	3.151752e-02	4.251878e+02	3.940757e-02	
8.000000	8.000000	115.798019	5.347060	6.026932e-01	3.103860e-02	4.248260e+02	3.964614e-02	
8.000000	12.000000	115.779811	5.016040	6.510193e-01	3.315642e-02	4.245393e+02	4.461577e-02	
8.000000	16.000000	115.815803	4.956031	5.914805e-01	3.240031e-02	4.247299e+02	4.059140e-02	
8.000000	20.000000	114.115407	659.001681	5.232801e-01	2.955375e-02	4.248835e+02	3.335912e-02	
8.000000	24.000000	110.844709	7.768279	5.910384e-01	2.827362e-02	4.254415e+02	3.987599e-02	
8.000000	28.000000	109.553765	3.598619	5.377336e-01	2.600565e-02	4.257585e+02	3.569329e-02	
8.000000	32.000000	109.555189	3.242304	5.478324e-01	2.787337e-02	4.258674e+02	4.079357e-02	
8.000000	36.000000	109.486664	3.678679	5.175401e-01	2.986478e-02	4.259153e+02	3.260506e-02	
8.000000	40.000000	114.115393	830.120442	5.818550e-01	2.853869e-02	4.255938e+02	3.982667e-02	
8.000000	44.000000	115.800022	3.347371	6.107372e-01	2.942297e-02	4.253038e+02	4.072780e-02	
8.000000	48.000000	123.352511	70.409862	4.974993e-01	3.109155e-02	4.249943e+02	3.053129e-02	
8.000000	52.000000	134.574364	4.978684	5.896207e-01	2.826436e-02	4.227590e+02	3.901969e-02	
8.000000	56.000000	129.536253	3.994343	5.586814e-01	2.841241e-02	4.178579e+02	4.395630e-02	
8.000000	60.000000	116.255239	5.721382	6.094602e-01	3.063851e-02	4.083630e+02	4.079497e-02	
12.000000	0.000000	109.550886	5.001268	6.100827e-01	3.169513e-02	3.994432e+02	4.114129e-02	
12.000000	4.000000	115.802220	7.844084	5.848333e-01	3.060013e-02	4.250299e+02	3.839961e-02	
12.000000	8.000000	115.801915	8.126923	6.245512e-01	3.526966e-02	4.246803e+02	4.333577e-02	
12.000000	12.000000	115.806180	10.700955	5.863247e-01	2.846942e-02	4.244977e+02	3.973513e-02	
12.000000	16.000000	115.738748	12.340409	5.723370e-01	2.698973e-02	4.245376e+02	3.923017e-02	
12.000000	20.000000	115.814535	4.633687	5.981733e-01	3.635179e-02	4.248067e+02	4.164707e-02	
12.000000	24.000000	114.246234	62.765638	5.902299e-01	3.035943e-02	4.251280e+02	3.864453e-02	
12.000000	28.000000	111.007202	898.101079	6.015790e-01	3.280168e-02	4.257434e+02	4.021213e-02	
12.000000	32.000000	110.195555	62.617307	6.027195e-01	2.929969e-02	4.258197e+02	3.982427e-02	
12.000000	36.000000	112.334653	77.469116	6.056702e-01	3.156923e-02	4.258703e+02	3.995718e-02	
12.000000	40.000000	115.804172	2.743302	6.107204e-01	3.029905e-02	4.258494e+02	4.020287e-02	
12.000000	44.000000	117.048627	19.102097	5.947194e-01	2.866948e-02	4.257322e+02	3.941351e-02	
12.000000	48.000000	126.575066	910.940740	5.440090e-01	3.339628e-02	4.249705e+02	4.097671e-02	
12.000000	52.000000	135.087695	417.785469	5.549957e-01	2.792330e-02	4.232749e+02	3.679606e-02	
12.000000	56.000000	134.547126	6.495591	6.299640e-01	3.434995e-02	4.185475e+02	4.342434e-02	
12.000000	60.000000	122.057107	6.038823	6.081609e-01	2.833455e-02	4.097446e+02	4.068242e-02	
16.000000	0.000000	109.550229	6.497960	5.934636e-01	3.122105e-02	3.996737e+02	4.068137e-02	
16.000000	4.000000	116.952117	13.048305	5.778899e-01	2.885056e-02	4.249052e+02	3.813469e-02	
16.000000	8.000000	116.928650	9.771002	5.719480e-01	2.710821e-02	4.245702e+02	3.909314e-02	
16.000000	12.000000	116.612040	7.697067	5.957106e-01	2.966528e-02	4.245281e+02	4.074818e-02	
16.000000	16.000000	115.845055	5.742504	6.363557e-01	3.517107e-02	4.245143e+02	4.393399e-02	
16.000000	20.000000	115.738725	5.229811	6.064754e-01	3.179152e-02	4.246173e+02	4.159230e-02	
16.000000	24.000000	115.799613	4.963063	5.748292e-01	3.515782e-02	4.249293e+02	5.006991e-02	
16.000000	28.000000	115.790508	3.838297	5.590857e-01	2.642177e-02	4.253473e+02	3.757483e-02	
16.000000	32.000000	114.155382	60.322171	6.044212e-01	3.016739e-02	4.256556e+02	4.039177e-02	
16.000000	36.000000	115.738744	3.287148	5.181640e-01	2.540805e-02	4.257367e+02	3.471927e-02	
16.000000	40.000000	115.738716	128.816481	5.481443e-01	2.456032e-02	4.255706e+02	3.756830e-02	
16.000000	44.000000	120.297935	3.012235	5.672252e-01	2.678930e-02	4.255846e+02	3.885345e-02	
16.000000	48.000000	128.307839	3.177627	5.652624e-01	2.932311e-02	4.248812e+02	3.662155e-02	
16.000000	52.000000	139.949386	4.903223	5.045645e-01	3.141524e-02	4.231293e+02	3.154933e-02	
16.000000	56.000000	139.118888	671.086704	5.196640e-01	3.555308e-02	4.190713e+02	3.532322e-02	
16.000000	60.000000	125.831084	1125.672853	6.217481e-01	3.203552e-02	4.109230e+02	4.543889e-02	
20.000000	0.000000	112.206757	1147.807774	6.787006e-01	4.622835e-02	4.002129e+02	5.110926e-02	
20.000000	4.000000	121.217938	6.007006	5.931427e-01	2.555595e-02	4.247195e+02	4.081961e-02	
20.000000	8.000000	121.336863	4.644837	5.922234e-01	2.918734e-02	4.244953e+02	4.049980e-02	
20.000000	12.000000	121.103639	4.828891	5.518217e-01	2.518586e-02	4.244148e+02	3.790983e-02	
20.000000	16.000000	120.405259	6.153331	5.422047e-01	2.646306e-02	4.241620e+02	3.700101e-02	
20.000000	20.000000	117.178180	23.270122	6.118985e-01	3.326888e-02	4.243393e+02	4.221419e-02	
20.000000	24.000000	115.826879	5.616271	5.849788e-01	2.895266e-02	4.249043e+02	3.924048e-02	
20.000000	28.000000	115.813209	22.363819	5.404308e-01	2.721951e-02	4.252742e+02	3.662688e-02	
20.000000	32.000000	115.810794	5.074161	6.266770e-01	2.913990e-02	4.255641e+02	4.251827e-02	
20.000000	36.000000	115.803842	30.657870	6.274841e-01	3.259098e-02	4.255459e+02	4.270145e-02	
20.000000	40.000000	115.812142	4.386634	5.736856e-01	2.760685e-02	4.255939e+02	3.926514e-02	
20.000000	44.000000	121.991406	3.251711	5.711253e-01	2.850664e-02	4.256679e+02	3.887940e-02	
20.000000	48.000000	128.305576	5.357118	5.436329e-01	2.846726e-02	4.251929e+02	3.542317e-02	
20.000000	52.000000	140.796486	4.892876	5.474813e-01	2.719041e-02	4.233237e+02	3.686158e-02	
20.000000	56.000000	140.809189	4.774671	5.768005e-01	3.000258e-02	4.200022e+02	3.755819e-02	
20.000000	60.000000	128.303156	4.713852	5.953390e-01	3.013984e-02	4.120106e+02	3.878006e-02	
24.000000	0.000000	115.796063	4.673293	5.708391e-01	2.838097e-02	4.012249e+02	3.763813e-02	
24.000000	4.000000	122.054163	9.928920	6.090912e-01	3.182280e-02	4.245849e+02	4.186170e-02	
24.000000	8.000000	122.051938	10.538856	5.897538e-01	3.737201e-02	4.241384e+02	4.140271e-02	
24.000000	12.000000	122.055331	11.245031	5.709656e-01	2.928216e-02	4.240650e+02	3.807526e-02	
24.000000	16.000000	122.052619	6.931858	5.190041e-01	3.143144e-02	4.240990e+02	3.309323e-02	
24.000000	20.000000	122.051881	4.809072	5.768706e-01	3.019671e-02	4.242014e+02	3.797334e-02	
24.000000	24.000000	120.138949	4.752571	6.253158e-01	3.139390e-02	4.246228e+02	4.192431e-02	
24.000000	28.000000	116.338858	6.677252	5.932792e-01	2.959796e-02	4.251839e+02	3.902996e-02	
24.000000	32.000000	115.804743	4.686475	6.379582e-01	2.882643e-02	4.254300e+02	4.368747e-02	
24.000000	36.000000	115.794815	5.299790	5.900855e-01	2.555403e-02	4.252704e+02	4.075170e-02	
24.000000	40.000000	120.012063	157.707696	6.113309e-01	2.755538e-02	4.253854e+02	4.125203e-02	
24.000000	44.000000	122.052933	4.608222	5.152695e-01	2.267054e-02	4.253893e+02	3.582502e-02	
24.000000	48.000000	128.301972	4.014155	5.830480e-01	3.484579e-02	4.250007e+02	4.403037e-02	
24.000000	52.000000	140.806490	6.597237	5.468487e-01	2.704226e-02	4.232978e+02	3.717670e-02	
24.000000	56.000000	147.055656	9.432564	5.626347e-01	2.581482e-02	4.202213e+02	3.822851e-02	
24.000000	60.000000	134.554142	6.023803	5.600338e-01	3.044736e-02	4.129293e+02	4.078443e-02	
28.000000	0.000000	122.060617	4.650457	6.296853e-01	3.857223e-02	4.022579e+02	4.345339e-02	
28.000000	4.000000	123.354992	838.903532	6.252277e-01	3.635768e-02	4.242766e+02	4.368429e-02	
28.000000	8.000000	123.216149	8.023754	5.393006e-01	3.761307e-02	4.239213e+02	5.258288e-02	
28.000000	12.000000	122.866562	6.989347	5.577298e-01	2.814515e-02	4.238459e+02	3.648304e-02	
28.000000	16.000000	122.052043	5.084642	5.427566e-01	2.708560e-02	4.238606e+02	3.837874e-02	
28.000000	20.000000	122.057832	6.056206	5.926499e-01	3.084260e-02	4.239528e+02	3.895467e-02	
28.000000	24.000000	122.054184	5.188147	5.873185e-01	2.746605e-02	4.243696e+02	3.921849e-02	
28.000000	28.000000	120.417856	4.169623	5.885118e-01	3.319453e-02	4.249845e+02	4.310181e-02	
28.000000	32.000000	119.802568	40.351904	5.290196e-01	2.781632e-02	4.251157e+02	3.659265e-02	
28.000000	36.000000	120.315834	95.313031	5.446593e-01	2.604990e-02	4.251924e+02	3.651116e-02	
28.000000	40.000000	122.045666	3.337627	5.208770e-01	2.186787e-02	4.255390e+02	3.636912e-02	
28.000000	44.000000	122.494221	73.564188	6.024599e-01	3.141685e-02	4.256224e+02	4.136600e-02	
28.000000	48.000000	128.829700	4.820863	5.534905e-01	3.246377e-02	4.250748e+02	3.689947e-02	
28.000000	52.000000	140.795190	4.866814	5.725461e-01	2.571141e-02	4.237391e+02	3.872162e-02	
28.000000	56.000000	151.681040	751.687954	6.337688e-01	3.052955e-02	4.208202e+02	4.205674e-02	
28.000000	60.000000	139.247225	751.053822	6.101323e-01	2.913466e-02	4.142788e+02	4.046551e-02	
32.000000	0.000000	122.590508	6.249769	5.657276e-01	3.030960e-02	4.040038e+02	3.730685e-02	
32.000000	4.000000	128.295301	5.608978	5.779515e-01	2.984472e-02	4.240126e+02	3.752001e-02	
32.000000	8.000000	128.296713	5.522247	5.491980e-01	2.936697e-02	4.237660e+02	3.626874e-02	
32.000000	12.000000	128.306352	5.483743	5.800701e-01	2.859823e-02	4.235414e+02	3.933414e-02	
32.000000	16.000000	127.444253	4.771846	5.958931e-01	2.983631e-02	4.235470e+02	4.084903e-02	
32.000000	20.000000	125.619414	225.667667	5.555000e-01	2.853745e-02	4.237048e+02	3.712925e-02	
32.000000	24.000000	122.058558	4.394852	5.685632e-01	2.655517e-02	4.244272e+02	3.840776e-02	
32.000000	28.000000	122.054212	18.877197	6.022749e-01	2.676815e-02	4.246515e+02	4.074635e-02	
32.000000	32.000000	122.054727	4.159980	5.436645e-01	3.036095e-02	4.251076e+02	4.367332e-02	
32.000000	36.000000	122.053778	5.166421	5.838266e-01	3.243465e-02	4.251313e+02	3.888551e-02	
32.000000	40.000000	122.054161	3.980914	6.024237e-01	2.561082e-02	4.252919e+02	4.185033e-02	
32.000000	44.000000	128.305406	3.581284	6.054583e-01	3.316234e-02	4.251807e+02	4.045459e-02	
32.000000	48.000000	134.577390	3.170906	5.836710e-01	2.962345e-02	4.249449e+02	3.838797e-02	
32.000000	52.000000	143.215540	8.520882	5.863925e-01	2.994259e-02	4.239746e+02	3.827092e-02	
32.000000	56.000000	153.295954	5.685051	5.809835e-01	2.901216e-02	4.213117e+02	3.874016e-02	
32.000000	60.000000	140.795242	7.731134	5.544666e-01	2.526182e-02	4.154338e+02	3.809994e-02	
36.000000	0.000000	128.305337	6.190739	5.629805e-01	2.647933e-02	4.054977e+02	3.838760e-02	
36.000000	4.000000	129.086307	6.628456	5.679685e-01	3.252306e-02	4.238901e+02	3.786678e-02	
36.000000	8.000000	128.304657	6.589939	6.004824e-01	3.039227e-02	4.234577e+02	4.118738e-02	
36.000000	12.000000	128.313590	4.954704	5.274543e-01	2.754260e-02	4.232375e+02	3.543669e-02	
36.000000	16.000000	128.300541	5.801537	5.289519e-01	2.392151e-02	4.233607e+02	3.648159e-02	
36.000000	20.000000	128.301823	11.843278	5.251227e-01	2.247905e-02	4.234793e+02	3.653800e-02	
36.000000	24.000000	127.965773	4.711095	5.390647e-01	3.022151e-02	4.239556e+02	3.661826e-02	
36.000000	28.000000	123.455386	275.362125	5.842902e-01	2.844556e-02	4.244740e+02	3.958582e-02	
36.000000	32.000000	122.566886	5.340116	6.104215e-01	3.050956e-02	4.249366e+02	4.045809e-02	
36.000000	36.000000	122.865822	4.532009	5.254062e-01	3.007105e-02	4.249920e+02	3.313562e-02	
36.000000	40.000000	126.319973	163.441914	5.658701e-01	2.965936e-02	4.250519e+02	3.648022e-02	
36.000000	44.000000	128.295187	20.615016	5.788701e-01	3.400732e-02	4.251228e+02	3.939798e-02	
36.000000	48.000000	134.557516	6.060475	4.941949e-01	2.878729e-02	4.251352e+02	3.152341e-02	
36.000000	52.000000	147.044527	3.349379	5.516849e-01	3.016570e-02	4.241577e+02	3.586508e-02	
36.000000	56.000000	159.554270	8.913501	5.919036e-01	2.908217e-02	4.218968e+02	4.020998e-02	
36.000000	60.000000	147.048624	6.699349	6.095682e-01	3.247778e-02	4.166322e+02	4.195492e-02	
40.000000	0.000000	134.551764	5.330641	5.463496e-01	2.595707e-02	4.072177e+02	3.641774e-02	
40.000000	4.000000	134.554189	6.226135	5.465640e-01	2.641189e-02	4.236469e+02	3.695071e-02	
40.000000	8.000000	134.555537	5.549239	5.689645e-01	2.843800e-02	4.232482e+02	3.753410e-02	
40.000000	12.000000	134.554138	4.476864	5.984439e-01	3.191927e-02	4.230484e+02	4.009606e-02	
40.000000	16.000000	134.554138	4.033729	5.871412e-01	3.218076e-02	4.232611e+02	4.022548e-02	
40.000000	20.000000	132.802328	7.709414	5.889423e-01	3.050238e-02	4.233319e+02	4.022835e-02	
40.000000	24.000000	128.303975	5.431915	5.062332e-01	2.089169e-02	4.235602e+02	3.584211e-02	
40.000000	28.000000	128.334639	8.439072	5.849336e-01	2.553519e-02	4.242299e+02	4.177859e-02	
40.000000	32.000000	128.302037	4.323902	6.201023e-01	2.709744e-02	4.243675e+02	4.194724e-02	
40.000000	36.000000	128.300040	3.899693	6.359171e-01	3.566668e-02	4.245958e+02	4.412011e-02	
40.000000	40.000000	128.304203	23.863476	5.488471e-01	2.640346e-02	4.248387e+02	3.828686e-02	
40.000000	44.000000	129.874349	11.992247	5.805537e-01	3.056705e-02	4.251252e+02	3.792536e-02	
40.000000	48.000000	134.550079	4.673668	5.327279e-01	3.070396e-02	4.251050e+02	3.413543e-02	
40.000000	52.000000	147.058721	5.529462	5.944675e-01	3.240640e-02	4.243033e+02	4.065365e-02	
40.000000	56.000000	163.736274	1040.269450	5.836221e-01	2.898216e-02	4.221760e+02	4.987989e-02	
40.000000	60.000000	154.680532	12.116555	5.983415e-01	3.225710e-02	4.173033e+02	4.103567e-02	
44.000000	0.000000	140.805899	6.307597	5.889924e-01	2.867544e-02	4.088132e+02	5.016553e-02	
44.000000	4.000000	139.048985	691.108013	6.029578e-01	3.324244e-02	4.230503e+02	4.146491e-02	
44.000000	8.000000	139.025280	108.289455	5.992110e-01	2.829454e-02	4.225811e+02	4.036308e-02	
44.000000	12.000000	137.287085	1081.643810	6.364979e-01	3.518237e-02	4.225048e+02	4.394373e-02	
44.000000	16.000000	135.860613	101.748583	6.010253e-01	2.777830e-02	4.226080e+02	4.047430e-02	
44.000000	20.000000	134.555348	5.583715	5.355721e-01	2.978315e-02	4.230382e+02	3.396744e-02	
44.000000	24.000000	134.555176	4.875242	5.715614e-01	2.681669e-02	4.234129e+02	3.860970e-02	
44.000000	28.000000	133.036905	4.152503	6.035388e-01	2.965674e-02	4.238970e+02	3.990265e-02	
44.000000	32.000000	128.742923	5.805264	5.655879e-01	2.783633e-02	4.241567e+02	3.719084e-02	
44.000000	36.000000	128.894099	6.157322	5.707119e-01	2.790808e-02	4.243599e+02	3.890436e-02	
44.000000	40.000000	132.941640	3.901536	6.128339e-01	2.956797e-02	4.246863e+02	4.080706e-02	
44.000000	44.000000	134.554090	5.671907	5.621085e-01	3.330018e-02	4.250281e+02	3.936070e-02	
44.000000	48.000000	140.788725	3.926632	5.676400e-01	2.963273e-02	4.249708e+02	3.683300e-02	
44.000000	52.000000	151.424599	966.653684	5.900218e-01	2.614264e-02	4.243116e+02	3.989837e-02	
44.000000	56.000000	165.802201	7.881943	5.765342e-01	2.744593e-02	4.225329e+02	3.950662e-02	
44.000000	60.000000	165.793822	6.562732	5.520753e-01	2.595739e-02	4.182520e+02	3.687366e-02	
48.000000	0.000000	147.051003	6.463124	6.392866e-01	2.942935e-02	4.107993e+02	4.398301e-02	
48.000000	4.000000	145.439812	12.925390	6.229296e-01	3.402357e-02	4.223860e+02	4.304347e-02	
48.000000	8.000000	144.424348	20.105123	5.855431e-01	2.563229e-02	4.217710e+02	4.204697e-02	
48.000000	12.000000	142.893932	20.039093	5.759745e-01	2.842099e-02	4.217658e+02	3.804430e-02	
48.000000	16.000000	142.057190	7.556277	5.598714e-01	2.574755e-02	4.217717e+02	3.780145e-02	
48.000000	20.000000	140.803495	7.274543	5.823432e-01	3.006155e-02	4.219642e+02	3.888180e-02	
48.000000	24.000000	140.803267	5.416760	5.839752e-01	3.216835e-02	4.227517e+02	3.987479e-02	
48.000000	28.000000	136.185385	954.066186	5.751465e-01	2.738606e-02	4.234483e+02	3.940450e-02	
48.000000	32.000000	134.587222	4.968277	5.329458e-01	3.015884e-02	4.239456e+02	3.385048e-02	
48.000000	36.000000	134.537018	4.902917	5.612086e-01	2.789455e-02	4.241353e+02	3.695407e-02	
48.000000	40.000000	134.540656	4.451392	6.001561e-01	2.890984e-02	4.244581e+02	3.998656e-02	
48.000000	44.000000	140.125111	157.664488	5.163734e-01	2.183837e-02	4.244216e+02	3.609047e-02	
48.000000	48.000000	145.083572	22.604044	5.698273e-01	3.614515e-02	4.248720e+02	3.917752e-02	
48.000000	52.000000	153.290629	5.753536	6.235498e-01	3.109442e-02	4.241907e+02	4.121295e-02	
48.000000	56.000000	172.055923	6.608656	5.153170e-01	3.476995e-02	4.230773e+02	3.423125e-02	
48.000000	60.000000	177.077560	26.016069	5.277292e-01	2.601690e-02	4.192429e+02	3.509081e-02	
52.000000	0.000000	159.551271	5.735270	6.300080e-01	3.868554e-02	4.130546e+02	4.789463e-02	
52.000000	4.000000	153.305513	7.888691	5.688988e-01	2.980135e-02	4.217243e+02	3.868756e-02	
52.000000	8.000000	153.304875	8.779474	5.180046e-01	2.741527e-02	4.212213e+02	3.398659e-02	
52.000000	12.000000	152.258841	8.136821	6.024731e-01	3.034209e-02	4.211474e+02	3.948865e-02	
52.000000	16.000000	151.696826	580.485084	6.021479e-01	3.765445e-02	4.211596e+02	4.256349e-02	
52.000000	20.000000	148.386491	548.547349	5.449779e-01	2.420295e-02	4.214476e+02	3.758959e-02	
52.000000	24.000000	147.055417	16.531945	5.122531e-01	2.741495e-02	4.221666e+02	3.340901e-02	
52.000000	28.000000	145.798770	5.970645	5.797574e-01	3.151206e-02	4.227432e+02	3.957810e-02	
52.000000	32.000000	141.166004	5.089201	5.889106e-01	2.941152e-02	4.233404e+02	3.929502e-02	
52.000000	36.000000	141.185393	4.676913	5.449779e-01	2.420295e-02	4.234476e+02	3.758959e-02	
52.000000	40.000000	141.335837	5.044072	5.522118e-01	3.281223e-02	4.238369e+02	3.702200e-02	
52.000000	44.000000	146.278073	4.593404	5.963119e-01	2.608777e-02	4.243133e+02	4.054193e-02	
52.000000	48.000000	147.860468	79.243020	5.781629e-01	2.955655e-02	4.246780e+02	3.947097e-02	
52.000000	52.000000	159.552078	4.785452	5.709873e-01	2.586833e-02	4.241968e+02	4.095817e-02	
52.000000	56.000000	173.507198	925.598907	6.264456e-01	3.218405e-02	4.232268e+02	4.155350e-02	
52.000000	60.000000	190.797184	7.747085	5.699840e-01	2.579445e-02	4.202226e+02	3.932183e-02	
56.000000	0.000000	173.447550	673.245190	5.950364e-01	3.016960e-02	4.150233e+02	3.872795e-02	
56.000000	4.000000	166.444323	16.455874	5.634798e-01	2.818221e-02	4.208053e+02	3.691032e-02	
56.000000	8.000000	166.321531	23.687060	5.899132e-01	2.587197e-02	4.202796e+02	4.029206e-02	
56.000000	12.000000	164.923964	24.133796	6.111927e-01	3.161153e-02	4.201401e+02	4.025700e-02	
56.000000	16.000000	164.209223	159.443891	5.625768e-01	3.342468e-02	4.201670e+02	3.803491e-02	
56.000000	20.000000	163.227992	98.308049	5.827558e-01	2.916516e-02	4.206313e+02	3.985942e-02	
56.000000	24.000000	159.552114	23.349252	6.065655e-01	3.430561e-02	4.211630e+02	4.097635e-02	
56.000000	28.000000	156.605463	52.478066	4.875604e-01	3.470596e-02	4.219939e+02	3.276013e-02	
56.000000	32.000000	153.779138	7.460775	5.955884e-01	2.952853e-02	4.226834e+02	3.970122e-02	
56.000000	36.000000	153.302199	22.902070	5.488713e-01	2.745850e-02	4.228604e+02	4.024312e-02	
56.000000	40.000000	153.308579	5.958395	5.753162e-01	3.289972e-02	4.231262e+02	3.845182e-02	
56.000000	44.000000	153.824490	7.633009	5.281936e-01	2.709035e-02	4.238606e+02	3.535792e-02	
56.000000	48.000000	157.949629	4.203059	6.286615e-01	2.815047e-02	4.242203e+02	4.513915e-02	
56.000000	52.000000	165.803511	8.365834	5.806974e-01	4.854060e-02	4.239670e+02	4.754561e-02	
56.000000	56.000000	182.977223	5.898562	5.438588e-01	2.466632e-02	4.234197e+02	3.741274e-02	
56.000000	60.000000	204.560195	11.556814	6.263988e-01	3.178022e-02	4.209916e+02	4.203742e-02	
60.000000	0.000000	197.042133	11.476139	6.014616e-01	4.471494e-02	4.169674e+02	4.646446e-02	
60.000000	4.000000	218.320260	65.410086	5.940386e-01	2.797906e-02	4.192286e+02	3.945300e-02	
60.000000	8.000000	217.189787	51.243455	6.476575e-01	4.199654e-02	4.188067e+02	4.745257e-02	
60.000000	12.000000	216.104866	44.023414	6.699461e-01	4.084688e-02	4.185789e+02	4.718723e-02	
60.000000	16.000000	214.075213	809.938988	6.471232e-01	3.361986e-02	4.185525e+02	4.428616e-02	
60.000000	20.000000	210.016834	187.111360	5.563446e-01	3.431581e-02	4.191355e+02	3.745642e-02	
60.000000	24.000000	204.713636	49.049527	5.633161e-01	2.861624e-02	4.196714e+02	3.783499e-02	
60.000000	28.000000	197.585263	33.320359	5.631012e-01	2.910016e-02	4.210791e+02	3.659483e-02	
60.000000	32.000000	192.305157	67.069288	5.646358e-01	2.830002e-02	4.217072e+02	3.760260e-02	
60.000000	36.000000	186.798700	960.957752	6.556417e-01	3.006073e-02	4.222163e+02	4.635659e-02	
60.000000	40.000000	182.917534	9.126657	5.932919e-01	2.627691e-02	4.226791e+02	4.012984e-02	
60.000000	44.000000	179.687073	41.072988	5.333671e-01	3.453408e-02	4.229237e+02	4.662151e-02	
60.000000	48.000000	179.601788	33.247291	5.579665e-01	2.589214e-02	4.233708e+02	3.758104e-02	
60.000000	52.000000	184.548507	33.066746	5.404440e-01	2.575016e-02	4.237227e+02	3.605285e-02	
60.000000	56.000000	197.076043	10.960145	5.552250e-01	3.000806e-02	4.232250e+02	3.658085e-02	
60.000000	60.000000	223.224831	756.961227	5.646654e-01	2.788770e-02	4.218392e+02	3.706257e-02	
0.000000	0.000000	243.411380	22.280052	5.678296e-01	2.775370e-02	4.188553e+02	3.763358e-02	
