0.000000	4.000000	134.554125	5.176977	5.562069e-01	3.426129e-02	4.350029e+02	4.106854e-02	
0.000000	8.000000	134.552052	5.125872	6.143935e-01	3.216686e-02	4.345284e+02	4.224639e-02	
0.000000	12.000000	134.550096	4.475987	5.597304e-01	3.092903e-02	4.342172e+02	3.774826e-02	
0.000000	16.000000	134.545172	3.492273	5.813075e-01	3.197529e-02	4.342204e+02	3.869783e-02	
0.000000	20.000000	132.802328	4.633442	5.480735e-01	2.966272e-02	4.339939e+02	3.499536e-02	
0.000000	24.000000	128.305868	3.707544	6.119543e-01	3.244867e-02	4.346129e+02	4.203061e-02	
0.000000	28.000000	128.299106	3.709219	5.034182e-01	2.931300e-02	4.349173e+02	3.264174e-02	
0.000000	32.000000	128.296211	203.964932	5.670035e-01	2.719715e-02	4.353784e+02	3.868977e-02	
0.000000	36.000000	128.301935	2.198558	5.795984e-01	2.732615e-02	4.354229e+02	3.903251e-02	
0.000000	40.000000	134.552421	1.585920	5.253152e-01	3.016625e-02	4.359159e+02	3.876795e-02	
0.000000	44.000000	139.724721	91.755652	5.697093e-01	2.837191e-02	4.356449e+02	3.881680e-02	
0.000000	48.000000	151.709113	44.163662	5.591337e-01	2.622943e-02	4.346083e+02	3.829687e-02	
0.000000	52.000000	165.805402	6.047752	5.833242e-01	2.860772e-02	4.315845e+02	3.993689e-02	
0.000000	56.000000	153.300042	5.984915	5.419032e-01	2.522501e-02	4.256470e+02	3.714077e-02	
0.000000	60.000000	140.800017	8.037208	5.496912e-01	2.695687e-02	4.166919e+02	3.732973e-02	
4.000000	0.000000	134.555414	7.704796	6.085296e-01	3.103448e-02	4.165448e+02	4.121198e-02	
4.000000	4.000000	134.564253	7.779256	4.893792e-01	3.223414e-02	4.350513e+02	2.997666e-02	
4.000000	8.000000	134.556595	9.574646	6.402924e-01	4.054635e-02	4.342053e+02	4.628435e-02	
4.000000	12.000000	134.545159	6.339706	4.910853e-01	3.338447e-02	4.339407e+02	3.056241e-02	
4.000000	16.000000	134.577639	12.214675	5.547853e-01	2.685616e-02	4.338449e+02	4.037242e-02	
4.000000	20.000000	134.554273	3.802233	6.013995e-01	3.123518e-02	4.340347e+02	3.984487e-02	
4.000000	24.000000	133.017738	3.795657	5.640878e-01	3.018791e-02	4.342062e+02	3.713491e-02	
4.000000	28.000000	129.807634	3.096127	5.744505e-01	2.658707e-02	4.346559e+02	3.856588e-02	
4.000000	32.000000	128.299934	2.336105	5.197469e-01	2.934053e-02	4.350855e+02	3.641782e-02	
4.000000	36.000000	129.463095	3.072015	5.548712e-01	2.683323e-02	4.353815e+02	3.766445e-02	
4.000000	40.000000	134.557653	1.554393	5.858370e-01	2.715805e-02	4.356226e+02	3.930229e-02	
4.000000	44.000000	140.807850	2.020366	5.495063e-01	2.476706e-02	4.355127e+02	3.762139e-02	
4.000000	48.000000	153.301889	3.075093	5.916781e-01	2.960892e-02	4.345845e+02	4.053607e-02	
4.000000	52.000000	165.792820	8.733372	5.286398e-01	2.657995e-02	4.318158e+02	3.486163e-02	
4.000000	56.000000	159.551919	9.950727	5.511081e-01	2.462806e-02	4.265000e+02	3.796504e-02	
4.000000	60.000000	141.403219	8.005394	5.957106e-01	2.966528e-02	4.175281e+02	4.074819e-02	
8.000000	0.000000	134.550016	5.451778	5.464844e-01	2.423965e-02	4.164667e+02	3.769482e-02	
8.000000	4.000000	135.730649	96.989480	6.315187e-01	3.890938e-02	4.347790e+02	4.507812e-02	
8.000000	8.000000	135.891351	94.359266	6.040238e-01	2.974394e-02	4.340837e+02	4.050476e-02	
8.000000	12.000000	135.224605	4.794896	5.658766e-01	2.713291e-02	4.338345e+02	4.295071e-02	
8.000000	16.000000	134.587116	4.331971	6.457061e-01	4.223855e-02	4.338211e+02	4.754223e-02	
8.000000	20.000000	134.564412	5.587395	5.564976e-01	2.822529e-02	4.338916e+02	3.696875e-02	
8.000000	24.000000	134.550016	3.292541	5.578969e-01	3.258564e-02	4.341764e+02	3.755843e-02	
8.000000	28.000000	132.900348	2.390890	6.153019e-01	3.317078e-02	4.346278e+02	4.242598e-02	
8.000000	32.000000	132.931040	137.886075	5.465077e-01	2.953051e-02	4.350306e+02	3.517576e-02	
8.000000	36.000000	133.738300	2.064581	5.445123e-01	2.533252e-02	4.353371e+02	3.665825e-02	
8.000000	40.000000	134.555880	56.254907	5.874239e-01	2.942489e-02	4.355158e+02	3.984040e-02	
8.000000	44.000000	140.803742	4.475674	5.554749e-01	2.584135e-02	4.353475e+02	3.732892e-02	
8.000000	48.000000	153.302512	4.264667	6.003966e-01	3.022260e-02	4.345141e+02	4.109039e-02	
8.000000	52.000000	169.795000	4.671819	5.257202e-01	2.699198e-02	4.321575e+02	3.475684e-02	
8.000000	56.000000	160.237516	10.244145	5.428023e-01	2.690673e-02	4.271435e+02	3.807028e-02	
8.000000	60.000000	147.053796	7.234426	5.398400e-01	2.409067e-02	4.184093e+02	3.723182e-02	
12.000000	0.000000	140.802125	5.214664	5.190524e-01	2.966299e-02	4.161287e+02	3.310048e-02	
12.000000	4.000000	140.798058	5.025407	5.962981e-01	2.969767e-02	4.344906e+02	4.079148e-02	
12.000000	8.000000	139.936265	5.241598	5.689406e-01	2.672216e-02	4.336699e+02	3.811427e-02	
12.000000	12.000000	140.046034	86.404482	6.175701e-01	3.223476e-02	4.334432e+02	4.153866e-02	
12.000000	16.000000	139.048429	176.077192	6.497044e-01	2.981578e-02	4.333461e+02	4.333726e-02	
12.000000	20.000000	135.955386	91.916397	5.953855e-01	2.603794e-02	4.336862e+02	4.035949e-02	
12.000000	24.000000	134.543525	3.795800	6.002307e-01	2.996315e-02	4.341240e+02	3.937384e-02	
12.000000	28.000000	134.555907	3.342827	5.706792e-01	2.675232e-02	4.344461e+02	3.859034e-02	
12.000000	32.000000	134.540940	2.387605	5.879528e-01	2.965921e-02	4.349050e+02	3.830429e-02	
12.000000	36.000000	134.543316	2.307029	5.874864e-01	2.778604e-02	4.352010e+02	3.913037e-02	
12.000000	40.000000	134.551900	2.150640	5.947854e-01	3.067468e-02	4.353638e+02	4.076943e-02	
12.000000	44.000000	140.798937	2.654882	5.006511e-01	2.686525e-02	4.352188e+02	3.370951e-02	
12.000000	48.000000	153.289896	149.383548	5.739575e-01	2.719082e-02	4.345515e+02	3.924121e-02	
12.000000	52.000000	172.055331	9.927562	5.223885e-01	2.470847e-02	4.323082e+02	3.582371e-02	
12.000000	56.000000	165.800039	5.211544	5.566026e-01	2.546784e-02	4.274649e+02	3.788453e-02	
12.000000	60.000000	151.580688	666.767968	4.722509e-01	3.407488e-02	4.190081e+02	2.881346e-02	
16.000000	0.000000	140.794405	5.888232	5.722844e-01	3.088152e-02	4.157475e+02	3.893773e-02	
16.000000	4.000000	140.838012	6.115769	5.476758e-01	3.018685e-02	4.341667e+02	3.562918e-02	
16.000000	8.000000	140.805999	6.727157	6.193444e-01	3.360288e-02	4.334123e+02	4.166324e-02	
16.000000	12.000000	140.804800	19.674222	5.510058e-01	2.956342e-02	4.330884e+02	3.538799e-02	
16.000000	16.000000	140.800734	14.794084	5.334025e-01	2.857563e-02	4.331907e+02	3.474593e-02	
16.000000	20.000000	140.795836	4.126301	5.078835e-01	3.531140e-02	4.330942e+02	3.258406e-02	
16.000000	24.000000	138.589363	122.982331	6.676468e-01	4.024909e-02	4.335442e+02	4.684990e-02	
16.000000	28.000000	134.557901	3.359117	5.668061e-01	2.842108e-02	4.342526e+02	3.741368e-02	
16.000000	32.000000	134.550295	3.844627	5.758361e-01	3.038457e-02	4.347198e+02	3.924848e-02	
16.000000	36.000000	134.556277	2.676533	5.129282e-01	2.836095e-02	4.351065e+02	3.376542e-02	
16.000000	40.000000	139.968878	2.727061	5.815836e-01	3.058410e-02	4.351236e+02	3.806484e-02	
16.000000	44.000000	142.893932	192.707113	5.270507e-01	2.879686e-02	4.351768e+02	3.415837e-02	
16.000000	48.000000	153.310426	3.458538	5.895091e-01	2.554252e-02	4.347575e+02	4.200314e-02	
16.000000	52.000000	172.052692	6.883286	5.198640e-01	2.651710e-02	4.327894e+02	3.431275e-02	
16.000000	56.000000	172.050595	15.393298	5.499585e-01	3.122165e-02	4.281933e+02	3.693434e-02	
16.000000	60.000000	153.805336	7.559790	5.646653e-01	2.788647e-02	4.201608e+02	3.706122e-02	
20.000000	0.000000	147.043935	5.965013	5.712254e-01	2.633169e-02	4.158150e+02	4.220508e-02	
20.000000	4.000000	144.149670	24.368823	5.321881e-01	2.948617e-02	4.340502e+02	3.464878e-02	
20.000000	8.000000	144.074505	24.244842	5.292244e-01	2.620734e-02	4.332859e+02	3.546228e-02	
20.000000	12.000000	142.589455	25.844812	4.762655e-01	3.352104e-02	4.330929e+02	2.913671e-02	
20.000000	16.000000	142.003769	5.419995	5.550156e-01	2.589670e-02	4.332440e+02	3.714799e-02	
20.000000	20.000000	140.795142	6.145932	5.468487e-01	2.704225e-02	4.332978e+02	3.717669e-02	
20.000000	24.000000	140.804196	6.929102	5.739815e-01	2.586865e-02	4.337219e+02	3.866939e-02	
20.000000	28.000000	139.229138	64.659931	5.477050e-01	2.954027e-02	4.339364e+02	3.743290e-02	
20.000000	32.000000	135.990821	56.429218	5.664487e-01	2.793748e-02	4.346508e+02	3.805568e-02	
20.000000	36.000000	137.988864	47.402403	5.220940e-01	3.005723e-02	4.349704e+02	3.347324e-02	
20.000000	40.000000	140.806863	2.929962	5.238668e-01	2.732762e-02	4.352345e+02	3.457736e-02	
20.000000	44.000000	147.054269	2.612554	5.516661e-01	2.537501e-02	4.354642e+02	3.779150e-02	
20.000000	48.000000	154.631112	4.309871	5.580928e-01	2.958039e-02	4.349774e+02	3.582311e-02	
20.000000	52.000000	172.050307	6.694563	4.989780e-01	2.891097e-02	4.331190e+02	3.189563e-02	
20.000000	56.000000	177.380765	5.679623	5.526912e-01	3.040962e-02	4.289821e+02	3.686345e-02	
20.000000	60.000000	159.550018	5.659820	5.686107e-01	2.669958e-02	4.215655e+02	3.888275e-02	
24.000000	0.000000	147.044819	4.780825	5.612086e-01	2.789611e-02	4.158647e+02	3.695587e-02	
24.000000	4.000000	147.050419	13.797429	5.812237e-01	2.958723e-02	4.341657e+02	3.807773e-02	
24.000000	8.000000	147.050757	8.492204	5.710232e-01	3.026862e-02	4.332338e+02	3.777934e-02	
24.000000	12.000000	147.056302	7.065686	5.202924e-01	2.904797e-02	4.329103e+02	3.620005e-02	
24.000000	16.000000	147.051921	5.410391	5.811553e-01	2.885165e-02	4.327205e+02	3.859097e-02	
24.000000	20.000000	145.364966	6.083655	5.569330e-01	2.810038e-02	4.328446e+02	3.633320e-02	
24.000000	24.000000	141.310921	4.627397	5.344707e-01	2.619925e-02	4.332267e+02	3.546983e-02	
24.000000	28.000000	140.793488	6.243162	6.253260e-01	3.601375e-02	4.337090e+02	4.358468e-02	
24.000000	32.000000	140.795164	3.095693	5.545452e-01	3.017016e-02	4.340518e+02	3.574331e-02	
24.000000	36.000000	140.811283	2.850656	5.217782e-01	2.261996e-02	4.344156e+02	3.609033e-02	
24.000000	40.000000	140.798797	2.904566	5.411393e-01	2.883212e-02	4.349247e+02	3.540997e-02	
24.000000	44.000000	147.039630	4.573577	5.934797e-01	2.995919e-02	4.351150e+02	3.882925e-02	
24.000000	48.000000	158.653130	3.682591	5.736616e-01	3.031530e-02	4.347523e+02	3.803823e-02	
24.000000	52.000000	173.433756	532.879982	5.444761e-01	2.851100e-02	4.332473e+02	3.674266e-02	
24.000000	56.000000	182.163961	5.459232	5.850500e-01	3.536943e-02	4.291690e+02	4.038751e-02	
24.000000	60.000000	165.801286	8.917834	5.021337e-01	3.039176e-02	4.220593e+02	3.324760e-02	
28.000000	0.000000	153.295754	6.309827	4.893792e-01	3.223544e-02	4.149487e+02	2.997741e-02	
28.000000	4.000000	148.318960	124.225537	5.872427e-01	2.810512e-02	4.335444e+02	3.959396e-02	
28.000000	8.000000	148.320980	819.055061	5.910480e-01	3.077530e-02	4.327482e+02	3.920492e-02	
28.000000	12.000000	148.454926	110.717033	5.501392e-01	2.486936e-02	4.324289e+02	3.784206e-02	
28.000000	16.000000	147.674550	5.335436	5.765342e-01	2.744588e-02	4.324671e+02	3.950666e-02	
28.000000	20.000000	147.056601	16.314074	5.520423e-01	2.614973e-02	4.326171e+02	3.736191e-02	
28.000000	24.000000	147.058157	4.783474	5.493959e-01	2.663889e-02	4.328439e+02	3.881219e-02	
28.000000	28.000000	142.002775	5.076179	5.863026e-01	2.859774e-02	4.334533e+02	4.007748e-02	
28.000000	32.000000	140.805138	3.738007	5.576517e-01	2.978653e-02	4.339980e+02	3.599318e-02	
28.000000	36.000000	140.802230	3.518850	5.784707e-01	2.717482e-02	4.344327e+02	3.882937e-02	
28.000000	40.000000	145.328639	3.268688	5.649171e-01	2.530437e-02	4.347728e+02	3.812546e-02	
28.000000	44.000000	147.559269	89.149237	5.657240e-01	3.178698e-02	4.350799e+02	3.741840e-02	
28.000000	48.000000	159.556005	4.117096	5.691205e-01	2.933025e-02	4.347095e+02	3.864802e-02	
28.000000	52.000000	176.571316	688.306362	5.798462e-01	3.814191e-02	4.331074e+02	4.071729e-02	
28.000000	56.000000	186.709933	1103.984317	5.212877e-01	2.834122e-02	4.298980e+02	3.556847e-02	
28.000000	60.000000	172.052119	10.054807	5.505903e-01	2.579926e-02	4.233104e+02	3.685345e-02	
32.000000	0.000000	154.745135	9.189735	4.990290e-01	3.120667e-02	4.149103e+02	3.108715e-02	
32.000000	4.000000	153.298598	19.318513	5.535671e-01	2.585755e-02	4.333374e+02	3.724901e-02	
32.000000	8.000000	153.298674	20.589913	5.723025e-01	2.813159e-02	4.323782e+02	3.846949e-02	
32.000000	12.000000	153.304449	11.065089	5.113193e-01	2.985724e-02	4.320722e+02	3.494646e-02	
32.000000	16.000000	153.301913	5.670075	5.839401e-01	3.749961e-02	4.321254e+02	4.090424e-02	
32.000000	20.000000	151.585861	100.142685	5.197257e-01	2.748520e-02	4.321332e+02	3.422958e-02	
32.000000	24.000000	147.053059	4.851834	6.269870e-01	3.670753e-02	4.327247e+02	4.396661e-02	
32.000000	28.000000	147.055457	5.568848	5.257202e-01	2.699198e-02	4.331575e+02	3.475684e-02	
32.000000	32.000000	147.060127	3.307518	5.886276e-01	3.239091e-02	4.337427e+02	4.027779e-02	
32.000000	36.000000	147.049729	3.477650	5.059648e-01	3.362441e-02	4.340912e+02	3.243492e-02	
32.000000	40.000000	147.056010	163.038643	5.720379e-01	2.900104e-02	4.346826e+02	3.900305e-02	
32.000000	44.000000	152.426962	142.933271	5.563810e-01	3.699084e-02	4.349020e+02	3.796272e-02	
32.000000	48.000000	159.588037	3.531257	6.024599e-01	3.141685e-02	4.346224e+02	4.136599e-02	
32.000000	52.000000	178.298507	7.544634	5.591243e-01	2.569188e-02	4.332293e+02	3.762907e-02	
32.000000	56.000000	194.802760	7.666172	5.004376e-01	2.243377e-02	4.303317e+02	3.499877e-02	
32.000000	60.000000	178.304442	8.279669	5.006698e-01	2.456069e-02	4.242709e+02	3.447656e-02	
36.000000	0.000000	159.550037	5.321931	5.631959e-01	3.156968e-02	4.151670e+02	3.709863e-02	
36.000000	4.000000	157.949741	11.661838	5.238418e-01	3.037769e-02	4.329760e+02	3.311374e-02	
36.000000	8.000000	157.977223	12.453682	4.984875e-01	3.413927e-02	4.320500e+02	3.203093e-02	
36.000000	12.000000	157.346556	29.682464	5.421618e-01	3.414534e-02	4.318720e+02	3.606180e-02	
36.000000	16.000000	155.182682	26.788004	5.035534e-01	2.602213e-02	4.317596e+02	3.422197e-02	
36.000000	20.000000	153.300294	5.701795	5.493231e-01	2.841672e-02	4.318512e+02	3.571956e-02	
36.000000	24.000000	153.301305	6.285383	5.093361e-01	2.578587e-02	4.322518e+02	3.456363e-02	
36.000000	28.000000	148.888864	970.307254	5.416132e-01	3.003028e-02	4.329221e+02	3.470047e-02	
36.000000	32.000000	147.568999	3.608503	5.836157e-01	2.891840e-02	4.334730e+02	3.950162e-02	
36.000000	36.000000	147.052045	4.045444	5.860344e-01	3.031972e-02	4.339787e+02	3.830552e-02	
36.000000	40.000000	148.320980	56.853620	5.777576e-01	2.848141e-02	4.344074e+02	3.934698e-02	
36.000000	44.000000	153.305895	3.619545	5.303859e-01	2.576909e-02	4.347079e+02	3.605714e-02	
36.000000	48.000000	164.181040	5.704550	6.077769e-01	3.113055e-02	4.345542e+02	4.118544e-02	
36.000000	52.000000	178.305264	6.001030	6.306110e-01	3.439926e-02	4.334620e+02	4.346905e-02	
36.000000	56.000000	201.629152	896.553177	5.752412e-01	2.883220e-02	4.306593e+02	3.927754e-02	
36.000000	60.000000	184.564492	7.490316	5.893980e-01	2.890794e-02	4.254906e+02	4.038793e-02	
40.000000	0.000000	167.184617	11.114440	6.224770e-01	6.644448e-02	4.161888e+02	7.852917e-02	
40.000000	4.000000	160.913303	233.096138	5.659746e-01	2.652570e-02	4.325123e+02	3.857630e-02	
40.000000	8.000000	160.830325	734.960406	5.652258e-01	2.879529e-02	4.316755e+02	3.784433e-02	
40.000000	12.000000	160.956116	114.452568	5.510276e-01	2.462569e-02	4.314905e+02	3.795875e-02	
40.000000	16.000000	160.187875	6.538709	4.986856e-01	2.004164e-02	4.314745e+02	3.558477e-02	
40.000000	20.000000	159.541265	20.399024	5.594448e-01	2.596290e-02	4.315849e+02	3.836520e-02	
40.000000	24.000000	157.692042	31.496831	4.969668e-01	3.454298e-02	4.319792e+02	3.530879e-02	
40.000000	28.000000	153.302649	7.257100	5.657908e-01	2.627613e-02	4.323439e+02	3.792695e-02	
40.000000	32.000000	153.301899	4.283924	5.609299e-01	3.058350e-02	4.329715e+02	3.822788e-02	
40.000000	36.000000	152.449614	3.839365	5.947107e-01	2.652079e-02	4.333340e+02	4.014541e-02	
40.000000	40.000000	153.306099	182.231438	4.971140e-01	3.226321e-02	4.339655e+02	3.354588e-02	
40.000000	44.000000	158.351011	4.599647	5.917806e-01	2.916396e-02	4.345234e+02	4.046697e-02	
40.000000	48.000000	165.795217	7.537974	5.487758e-01	2.551858e-02	4.343682e+02	3.751758e-02	
40.000000	52.000000	182.895008	8.666313	6.055551e-01	3.021534e-02	4.335119e+02	4.091917e-02	
40.000000	56.000000	205.033909	13.338390	5.006085e-01	4.626995e-02	4.309912e+02	3.366949e-02	
40.000000	60.000000	197.051244	7.604354	5.517674e-01	2.686658e-02	4.263213e+02	3.760363e-02	
44.000000	0.000000	178.301999	7.763973	5.807211e-01	2.898126e-02	4.171327e+02	3.794546e-02	
44.000000	4.000000	167.039716	12.208297	5.498582e-01	3.123603e-02	4.320046e+02	3.720256e-02	
44.000000	8.000000	167.190692	9.572040	4.840940e-01	2.545154e-02	4.312354e+02	3.271317e-02	
44.000000	12.000000	167.154016	7.409200	5.212554e-01	2.959968e-02	4.309350e+02	3.291688e-02	
44.000000	16.000000	165.805606	8.260540	5.278004e-01	2.931455e-02	4.308996e+02	3.367166e-02	
44.000000	20.000000	164.919102	21.877723	5.032990e-01	2.920782e-02	4.309135e+02	3.254186e-02	
44.000000	24.000000	161.199083	144.183334	5.673349e-01	2.756338e-02	4.316162e+02	3.860778e-02	
44.000000	28.000000	159.552130	34.620499	5.313955e-01	2.662298e-02	4.321753e+02	3.524945e-02	
44.000000	32.000000	157.881841	0.025952	5.952279e-01	3.145041e-02	4.326777e+02	4.074178e-02	
44.000000	36.000000	156.415347	6.735590	5.570564e-01	3.168692e-02	4.332497e+02	3.754830e-02	
44.000000	40.000000	157.806771	3.861369	5.702367e-01	2.951611e-02	4.338610e+02	3.715637e-02	
44.000000	44.000000	160.199640	4.658092	5.312737e-01	2.725801e-02	4.342515e+02	3.579941e-02	
44.000000	48.000000	170.321792	32.627853	5.830034e-01	2.905121e-02	4.343218e+02	3.883401e-02	
44.000000	52.000000	184.557744	17.187663	5.573751e-01	2.580781e-02	4.336017e+02	3.775911e-02	
44.000000	56.000000	209.559030	6.617030	5.160775e-01	2.142588e-02	4.314802e+02	3.627005e-02	
44.000000	60.000000	207.709225	9.972394	5.331110e-01	2.950743e-02	4.271967e+02	3.482434e-02	
48.000000	0.000000	186.218386	1019.476013	5.226749e-01	2.972986e-02	4.189585e+02	3.328571e-02	
48.000000	4.000000	176.685707	147.241689	5.730073e-01	3.040895e-02	4.312674e+02	3.892370e-02	
48.000000	8.000000	176.849783	478.832066	5.209400e-01	2.401099e-02	4.306727e+02	3.581484e-02	
48.000000	12.000000	176.775170	209.653123	6.141319e-01	2.879679e-02	4.304298e+02	4.137822e-02	
48.000000	16.000000	175.115818	1030.408998	5.629102e-01	2.621566e-02	4.304203e+02	3.850422e-02	
48.000000	20.000000	172.796987	7.602402	5.463430e-01	2.411184e-02	4.305142e+02	3.761780e-02	
48.000000	24.000000	170.453120	10.852471	5.053509e-01	3.215971e-02	4.310838e+02	3.180620e-02	
48.000000	28.000000	166.423373	8.346370	5.212472e-01	2.331160e-02	4.313595e+02	3.610622e-02	
48.000000	32.000000	164.222859	547.404446	5.226596e-01	3.248859e-02	4.321396e+02	3.430711e-02	
48.000000	36.000000	162.838615	85.235032	6.439462e-01	4.126096e-02	4.328006e+02	4.685242e-02	
48.000000	40.000000	164.101231	95.429887	5.792314e-01	3.030257e-02	4.333041e+02	3.871564e-02	
48.000000	44.000000	165.796915	6.733382	5.455641e-01	3.042015e-02	4.339495e+02	3.806624e-02	
48.000000	48.000000	173.434312	80.318280	5.488063e-01	2.629865e-02	4.341680e+02	3.795154e-02	
48.000000	52.000000	189.568244	77.413127	5.398619e-01	2.356033e-02	4.335239e+02	3.735402e-02	
48.000000	56.000000	215.792875	10.103811	4.824173e-01	2.556568e-02	4.317698e+02	3.317198e-02	
48.000000	60.000000	222.083240	11.656410	5.493078e-01	2.739265e-02	4.282934e+02	3.731766e-02	
52.000000	0.000000	203.305997	11.452745	5.759403e-01	2.841569e-02	4.208824e+02	4.045361e-02	
52.000000	4.000000	189.252405	195.439193	6.043306e-01	3.566877e-02	4.307869e+02	4.206440e-02	
52.000000	8.000000	189.275170	720.527695	4.909284e-01	3.417062e-02	4.300648e+02	3.084763e-02	
52.000000	12.000000	189.056611	823.540778	5.392499e-01	2.807876e-02	4.297729e+02	3.547516e-02	
52.000000	16.000000	186.694218	997.082950	5.140149e-01	2.650189e-02	4.297571e+02	3.478027e-02	
52.000000	20.000000	184.558183	30.779765	5.379827e-01	3.058705e-02	4.298704e+02	3.475040e-02	
52.000000	24.000000	181.398429	54.509904	5.648711e-01	3.005162e-02	4.301802e+02	3.693985e-02	
52.000000	28.000000	176.556448	300.648482	5.541420e-01	3.653368e-02	4.308972e+02	3.763300e-02	
52.000000	32.000000	172.933493	6.736411	6.090310e-01	3.655285e-02	4.317938e+02	4.273514e-02	
52.000000	36.000000	172.054648	187.159768	5.181536e-01	2.695171e-02	4.321846e+02	3.400586e-02	
52.000000	40.000000	172.048435	31.413001	5.321169e-01	2.981510e-02	4.329048e+02	4.006480e-02	
52.000000	44.000000	173.278300	256.596526	5.714796e-01	2.684076e-02	4.334555e+02	3.866485e-02	
52.000000	48.000000	180.336117	7.738180	6.129779e-01	2.641737e-02	4.336671e+02	4.182732e-02	
52.000000	52.000000	196.153952	5.618679	5.749814e-01	2.557433e-02	4.332209e+02	4.028479e-02	
52.000000	56.000000	222.050017	9.719509	5.228953e-01	5.288385e-02	4.319304e+02	4.258396e-02	
52.000000	60.000000	240.801999	9.155057	5.446617e-01	2.595043e-02	4.287528e+02	3.622059e-02	
56.000000	0.000000	222.048676	19.517170	6.375214e-01	3.753138e-02	4.226973e+02	4.480307e-02	
56.000000	4.000000	213.655430	909.247134	5.767649e-01	2.449301e-02	4.297646e+02	3.903830e-02	
56.000000	8.000000	212.744767	973.477469	5.682490e-01	3.745142e-02	4.291022e+02	3.926681e-02	
56.000000	12.000000	211.070788	872.979297	5.456358e-01	3.163525e-02	4.288233e+02	3.642760e-02	
56.000000	16.000000	210.222991	427.871578	5.316472e-01	2.656785e-02	4.288274e+02	3.523922e-02	
56.000000	20.000000	207.931041	43.180504	5.114015e-01	3.028524e-02	4.289748e+02	3.195348e-02	
56.000000	24.000000	202.428271	27.694776	5.164939e-01	2.582431e-02	4.292700e+02	3.463151e-02	
56.000000	28.000000	195.294010	12.559338	5.268337e-01	2.530432e-02	4.302998e+02	3.599337e-02	
56.000000	32.000000	190.802038	41.215385	5.705684e-01	2.937311e-02	4.308638e+02	3.709083e-02	
56.000000	36.000000	186.719844	950.137680	5.347211e-01	2.320003e-02	4.315481e+02	3.706778e-02	
56.000000	40.000000	185.267039	38.900482	5.890110e-01	3.081373e-02	4.323179e+02	4.023698e-02	
56.000000	44.000000	185.795610	533.344581	5.888510e-01	2.891716e-02	4.328638e+02	3.880815e-02	
56.000000	48.000000	191.580768	11.297569	5.403868e-01	2.901945e-02	4.331122e+02	4.089134e-02	
56.000000	52.000000	203.783697	6.916688	5.347367e-01	3.239978e-02	4.331462e+02	3.511252e-02	
56.000000	56.000000	228.960880	8.789991	4.799076e-01	3.446232e-02	4.320031e+02	3.065651e-02	
56.000000	60.000000	265.806196	18.424104	5.323421e-01	2.278204e-02	4.294856e+02	3.690596e-02	
60.000000	0.000000	253.300024	22.705032	5.276468e-01	2.446020e-02	4.243324e+02	3.625715e-02	
60.000000	4.000000	323.041630	707.954790	5.466432e-01	2.947092e-02	4.289550e+02	3.507225e-02	
60.000000	8.000000	320.476611	663.140103	4.963994e-01	2.991112e-02	4.281429e+02	3.147435e-02	
60.000000	12.000000	317.346045	185.915023	5.056929e-01	3.204900e-02	4.279537e+02	3.564398e-02	
60.000000	16.000000	312.668502	760.967318	5.032060e-01	2.912883e-02	4.280927e+02	3.248383e-02	
60.000000	20.000000	305.316871	135.943031	5.095088e-01	2.518719e-02	4.282578e+02	3.414030e-02	
60.000000	24.000000	291.193692	728.412672	5.637443e-01	2.625025e-02	4.285873e+02	3.816820e-02	
60.000000	28.000000	272.750102	8.039921	5.389240e-01	2.764434e-02	4.297431e+02	3.633741e-02	
60.000000	32.000000	255.741717	122.806547	5.317804e-01	2.329132e-02	4.305643e+02	3.659723e-02	
60.000000	36.000000	241.894635	138.017146	4.975885e-01	3.495040e-02	4.310558e+02	3.227691e-02	
60.000000	40.000000	228.675071	124.344249	5.716375e-01	2.696125e-02	4.315470e+02	3.917884e-02	
60.000000	44.000000	220.535909	49.188484	5.553136e-01	3.223835e-02	4.320701e+02	3.696524e-02	
60.000000	48.000000	219.296660	65.441195	5.930901e-01	2.706526e-02	4.323649e+02	3.981094e-02	
60.000000	52.000000	226.689580	255.482863	5.807531e-01	2.663440e-02	4.323455e+02	3.891605e-02	
60.000000	56.000000	248.291159	753.493295	5.275816e-01	2.565934e-02	4.317349e+02	3.526295e-02	
60.000000	60.000000	289.964744	26.880466	5.556282e-01	2.831740e-02	4.298104e+02	3.628704e-02	
0.000000	0.000000	321.172254	32.551742	5.768814e-01	3.106957e-02	4.261371e+02	3.789434e-02	
