0.000000	4.000000	128.309412	5.917344	6.106099e-01	5.263951e-02	2.940600e+02	5.539440e-02	
0.000000	8.000000	128.296240	6.064061	5.639449e-01	2.611637e-02	2.934529e+02	3.869325e-02	
0.000000	12.000000	128.301909	6.412233	5.557239e-01	2.581001e-02	2.932148e+02	3.753855e-02	
0.000000	16.000000	128.324455	12.646466	5.376971e-01	2.748243e-02	2.932603e+02	3.635687e-02	
0.000000	20.000000	128.309604	7.710322	5.538331e-01	2.598648e-02	2.931856e+02	3.808250e-02	
0.000000	24.000000	128.302662	3.488787	5.094265e-01	2.088753e-02	2.934800e+02	3.602111e-02	
0.000000	28.000000	125.905096	34.916075	5.466432e-01	2.947090e-02	2.939550e+02	3.507224e-02	
0.000000	32.000000	123.428685	5.120922	6.800205e-01	4.264871e-02	2.944104e+02	4.822827e-02	
0.000000	36.000000	127.429887	3.525673	5.931833e-01	3.183956e-02	2.947019e+02	4.068864e-02	
0.000000	40.000000	128.305341	205.357082	5.230046e-01	2.974720e-02	2.950437e+02	3.335244e-02	
0.000000	44.000000	134.554267	200.443843	6.086720e-01	2.633889e-02	2.946665e+02	4.164516e-02	
0.000000	48.000000	147.040793	4.005007	5.421746e-01	2.460733e-02	2.934099e+02	3.731154e-02	
0.000000	52.000000	159.550035	4.272194	5.161626e-01	2.588069e-02	2.897387e+02	3.509055e-02	
0.000000	56.000000	147.055376	7.533186	5.079200e-01	2.443181e-02	2.822837e+02	3.447084e-02	
0.000000	60.000000	134.546017	4.784802	5.504104e-01	2.576607e-02	2.736722e+02	3.701427e-02	
4.000000	0.000000	129.935387	1030.214330	5.205986e-01	3.073199e-02	2.739846e+02	3.376497e-02	
4.000000	4.000000	129.570980	854.969885	5.490812e-01	2.922975e-02	2.937615e+02	3.703703e-02	
4.000000	8.000000	129.183698	699.270394	5.207212e-01	2.760374e-02	2.931281e+02	3.452184e-02	
4.000000	12.000000	128.867161	83.606753	5.366043e-01	4.183104e-02	2.929745e+02	3.708875e-02	
4.000000	16.000000	128.787048	85.784746	5.242269e-01	3.220197e-02	2.929946e+02	3.560535e-02	
4.000000	20.000000	128.305184	5.034912	5.101537e-01	3.039363e-02	2.929534e+02	3.184971e-02	
4.000000	24.000000	128.310266	14.330088	5.216475e-01	2.586947e-02	2.932715e+02	3.547952e-02	
4.000000	28.000000	128.305603	2.641381	5.333719e-01	2.480461e-02	2.936621e+02	3.659248e-02	
4.000000	32.000000	128.307909	2.436025	5.329879e-01	2.948093e-02	2.942027e+02	3.553320e-02	
4.000000	36.000000	128.304151	1.670644	5.545704e-01	2.499560e-02	2.945142e+02	3.815795e-02	
4.000000	40.000000	128.320612	1.838689	5.499128e-01	2.590882e-02	2.947041e+02	3.682149e-02	
4.000000	44.000000	134.551039	2.062158	6.275881e-01	2.825835e-02	2.945899e+02	4.274905e-02	
4.000000	48.000000	147.046156	36.698543	5.195393e-01	2.323074e-02	2.933664e+02	3.576428e-02	
4.000000	52.000000	159.955245	6.488365	5.500770e-01	3.356610e-02	2.900099e+02	3.930211e-02	
4.000000	56.000000	153.300865	8.712675	5.452808e-01	2.999887e-02	2.830141e+02	3.546008e-02	
4.000000	60.000000	139.970985	5.199899	5.412615e-01	3.109215e-02	2.739497e+02	3.513255e-02	
8.000000	0.000000	134.574838	5.552710	5.550330e-01	2.950568e-02	2.737566e+02	3.673830e-02	
8.000000	4.000000	134.555889	5.622804	5.215562e-01	2.470105e-02	2.936878e+02	3.585879e-02	
8.000000	8.000000	133.686671	6.108358	6.098475e-01	4.146603e-02	2.929009e+02	4.497269e-02	
8.000000	12.000000	133.703294	5.021424	5.816855e-01	2.626814e-02	2.926859e+02	3.912213e-02	
8.000000	16.000000	132.909514	487.310519	5.534121e-01	2.561786e-02	2.926207e+02	3.745542e-02	
8.000000	20.000000	129.935387	992.041491	5.976592e-01	3.779119e-02	2.928538e+02	4.223753e-02	
8.000000	24.000000	128.298394	4.108705	5.320906e-01	2.976965e-02	2.930443e+02	3.490827e-02	
8.000000	28.000000	128.288532	23.272135	5.862252e-01	2.838053e-02	2.934883e+02	3.970584e-02	
8.000000	32.000000	128.308327	2.446301	5.206958e-01	3.092337e-02	2.939598e+02	3.301840e-02	
8.000000	36.000000	128.305633	172.457842	5.558382e-01	2.785672e-02	2.942984e+02	3.778452e-02	
8.000000	40.000000	129.634607	60.080648	5.577992e-01	2.646713e-02	2.946318e+02	3.815230e-02	
8.000000	44.000000	135.031121	2.838353	5.436744e-01	2.471133e-02	2.943907e+02	3.738242e-02	
8.000000	48.000000	147.054145	3.927938	5.320562e-01	2.354627e-02	2.934116e+02	3.649962e-02	
8.000000	52.000000	165.800198	13.374846	5.577316e-01	2.732289e-02	2.903263e+02	3.801530e-02	
8.000000	56.000000	153.936884	8.410700	6.016372e-01	3.244587e-02	2.836875e+02	4.130016e-02	
8.000000	60.000000	140.800032	5.556392	5.776687e-01	2.777714e-02	2.745657e+02	3.956199e-02	
12.000000	0.000000	134.555412	5.133243	6.194459e-01	3.313537e-02	2.735758e+02	4.268449e-02	
12.000000	4.000000	134.550019	13.608756	5.402362e-01	2.566517e-02	2.933483e+02	3.660044e-02	
12.000000	8.000000	134.550063	12.702042	6.036284e-01	3.442753e-02	2.927500e+02	4.181166e-02	
12.000000	12.000000	134.545334	15.757468	5.739575e-01	2.719074e-02	2.924485e+02	3.924124e-02	
12.000000	16.000000	134.555112	10.487325	5.774519e-01	2.748603e-02	2.924953e+02	3.957449e-02	
12.000000	20.000000	134.551978	3.943001	5.605545e-01	2.592041e-02	2.924505e+02	3.813162e-02	
12.000000	24.000000	132.506235	634.043036	5.482235e-01	2.678098e-02	2.926883e+02	3.733353e-02	
12.000000	28.000000	128.839233	4.160317	4.962703e-01	2.459216e-02	2.932622e+02	3.371370e-02	
12.000000	32.000000	128.303810	3.930715	5.296262e-01	3.112975e-02	2.939164e+02	4.111110e-02	
12.000000	36.000000	128.306647	2.387153	5.595287e-01	2.839126e-02	2.942062e+02	3.673346e-02	
12.000000	40.000000	134.554148	2.478961	5.739825e-01	2.747113e-02	2.944159e+02	3.921184e-02	
12.000000	44.000000	139.173282	3.459697	5.682343e-01	3.002070e-02	2.942572e+02	3.772814e-02	
12.000000	48.000000	147.051769	3.311756	5.297359e-01	2.312346e-02	2.934131e+02	3.673432e-02	
12.000000	52.000000	165.803130	6.245050	6.180713e-01	3.272582e-02	2.905426e+02	4.254367e-02	
12.000000	56.000000	159.555548	5.903851	5.652063e-01	2.616188e-02	2.845283e+02	3.878566e-02	
12.000000	60.000000	147.052030	6.380541	5.806735e-01	3.189529e-02	2.752016e+02	3.856415e-02	
16.000000	0.000000	139.973963	6.392507	5.827488e-01	3.324963e-02	2.732222e+02	3.916529e-02	
16.000000	4.000000	135.791160	11.049429	5.190041e-01	3.143153e-02	2.930990e+02	3.309324e-02	
16.000000	8.000000	135.793132	10.531484	4.962334e-01	2.779334e-02	2.921993e+02	3.326131e-02	
16.000000	12.000000	134.998287	7.097942	5.371431e-01	3.320237e-02	2.921398e+02	3.563945e-02	
16.000000	16.000000	134.964998	6.738352	5.530291e-01	3.863850e-02	2.920713e+02	3.800312e-02	
16.000000	20.000000	134.555999	6.654746	5.394251e-01	2.704935e-02	2.922751e+02	3.648786e-02	
16.000000	24.000000	134.558097	4.998862	5.365515e-01	2.323265e-02	2.924808e+02	3.718821e-02	
16.000000	28.000000	133.603638	5.635202	5.187090e-01	3.498089e-02	2.930178e+02	3.660200e-02	
16.000000	32.000000	130.320850	173.311010	5.464783e-01	2.504885e-02	2.936138e+02	3.752651e-02	
16.000000	36.000000	133.035918	82.837792	5.485088e-01	2.971101e-02	2.939959e+02	3.510089e-02	
16.000000	40.000000	134.555894	6.245764	5.003940e-01	2.592258e-02	2.942277e+02	3.334830e-02	
16.000000	44.000000	140.807909	2.270397	5.458163e-01	2.928870e-02	2.941173e+02	4.256743e-02	
16.000000	48.000000	149.077456	30.627096	5.690085e-01	2.693676e-02	2.934430e+02	3.821146e-02	
16.000000	52.000000	165.805910	8.675423	5.683742e-01	2.967889e-02	2.910021e+02	3.663557e-02	
16.000000	56.000000	165.809303	12.664802	5.148764e-01	2.628096e-02	2.852225e+02	3.409212e-02	
16.000000	60.000000	148.384834	9.465002	5.335135e-01	2.903284e-02	2.761259e+02	3.428127e-02	
20.000000	0.000000	140.792612	6.875233	5.689700e-01	3.348244e-02	2.731788e+02	3.871876e-02	
20.000000	4.000000	140.801190	7.428080	5.626194e-01	2.568047e-02	2.927832e+02	3.840465e-02	
20.000000	8.000000	140.805444	5.799912	5.615410e-01	3.125139e-02	2.921153e+02	3.679247e-02	
20.000000	12.000000	140.805319	5.992226	5.228190e-01	2.992302e-02	2.919643e+02	3.347974e-02	
20.000000	16.000000	139.045908	5.627586	5.605301e-01	2.791578e-02	2.918607e+02	3.681652e-02	
20.000000	20.000000	137.483355	16.094986	4.861770e-01	3.771284e-02	2.920080e+02	3.431437e-02	
20.000000	24.000000	134.560712	5.678435	4.798863e-01	2.518600e-02	2.922368e+02	3.328578e-02	
20.000000	28.000000	134.551128	11.704665	5.204985e-01	3.016559e-02	2.928248e+02	3.436483e-02	
20.000000	32.000000	134.545209	3.583611	5.124273e-01	2.344271e-02	2.933316e+02	3.518219e-02	
20.000000	36.000000	134.552101	3.694366	5.757165e-01	2.989453e-02	2.937050e+02	3.916752e-02	
20.000000	40.000000	134.557907	3.158078	4.754645e-01	3.618579e-02	2.940202e+02	3.045639e-02	
20.000000	44.000000	140.799558	147.942108	5.113517e-01	3.004063e-02	2.940705e+02	3.512111e-02	
20.000000	48.000000	152.612332	4.272537	5.561544e-01	2.585916e-02	2.933962e+02	3.812416e-02	
20.000000	52.000000	166.655284	764.086349	5.455878e-01	2.573640e-02	2.913043e+02	3.659896e-02	
20.000000	56.000000	169.011686	1155.603331	5.179716e-01	3.408208e-02	2.858862e+02	3.372427e-02	
20.000000	60.000000	153.306004	5.826113	5.320639e-01	3.444104e-02	2.770440e+02	3.676057e-02	
24.000000	0.000000	145.496232	614.676765	5.294219e-01	2.776253e-02	2.728817e+02	3.656133e-02	
24.000000	4.000000	140.838089	7.558329	5.397676e-01	2.382298e-02	2.925669e+02	3.728778e-02	
24.000000	8.000000	140.793163	8.060087	6.009739e-01	3.961815e-02	2.918835e+02	4.326776e-02	
24.000000	12.000000	140.801909	7.315496	5.415722e-01	2.466748e-02	2.916189e+02	3.723408e-02	
24.000000	16.000000	140.795089	11.440058	5.227664e-01	2.184845e-02	2.915476e+02	3.604756e-02	
24.000000	20.000000	140.787705	7.695615	5.475517e-01	2.864920e-02	2.917747e+02	3.563898e-02	
24.000000	24.000000	140.038561	5.656908	5.583789e-01	2.965860e-02	2.920248e+02	3.592256e-02	
24.000000	28.000000	134.966447	3.949607	5.386647e-01	2.353613e-02	2.925431e+02	3.727253e-02	
24.000000	32.000000	134.557024	4.703181	4.889691e-01	3.235548e-02	2.930535e+02	3.001349e-02	
24.000000	36.000000	134.551417	3.819249	5.352992e-01	2.374054e-02	2.935959e+02	3.698164e-02	
24.000000	40.000000	139.060193	5.428724	5.086580e-01	3.360824e-02	2.939580e+02	3.794699e-02	
24.000000	44.000000	141.238559	2.937400	5.738252e-01	3.136678e-02	2.939591e+02	4.104052e-02	
24.000000	48.000000	153.294517	5.362878	5.368066e-01	2.323739e-02	2.934904e+02	3.720629e-02	
24.000000	52.000000	170.365167	645.542377	5.811169e-01	2.793304e-02	2.914812e+02	3.981682e-02	
24.000000	56.000000	173.216176	9.779615	5.565096e-01	2.596016e-02	2.866531e+02	3.746697e-02	
24.000000	60.000000	159.552054	8.612599	5.496035e-01	2.590990e-02	2.782569e+02	3.660502e-02	
28.000000	0.000000	147.052212	7.133505	5.626195e-01	2.732758e-02	2.726542e+02	3.832020e-02	
28.000000	4.000000	145.391978	127.594052	4.847380e-01	2.322950e-02	2.922859e+02	3.375071e-02	
28.000000	8.000000	145.295136	652.594054	5.424527e-01	2.427585e-02	2.916202e+02	3.609155e-02	
28.000000	12.000000	145.368226	870.272691	5.409799e-01	2.619723e-02	2.913072e+02	3.677681e-02	
28.000000	16.000000	142.610523	953.003691	5.149623e-01	2.372366e-02	2.913214e+02	3.549309e-02	
28.000000	20.000000	141.474024	7.219988	5.171642e-01	2.195455e-02	2.915786e+02	3.620226e-02	
28.000000	24.000000	140.805347	14.185521	5.342050e-01	3.473402e-02	2.918864e+02	3.534280e-02	
28.000000	28.000000	140.795204	4.117463	5.247583e-01	2.353705e-02	2.923719e+02	3.602052e-02	
28.000000	32.000000	138.716060	43.866730	5.951277e-01	2.976533e-02	2.928935e+02	3.898057e-02	
28.000000	36.000000	139.189805	4.969297	5.312707e-01	2.598869e-02	2.933001e+02	3.571689e-02	
28.000000	40.000000	140.804150	3.176051	5.373185e-01	2.499257e-02	2.936644e+02	3.634818e-02	
28.000000	44.000000	145.390300	68.965577	4.886846e-01	3.219481e-02	2.939728e+02	3.140718e-02	
28.000000	48.000000	153.298613	5.855575	5.277351e-01	2.257075e-02	2.934515e+02	3.673409e-02	
28.000000	52.000000	172.056911	8.288383	5.836829e-01	2.818666e-02	2.915234e+02	3.990337e-02	
28.000000	56.000000	178.301972	9.938283	5.433002e-01	3.009930e-02	2.872066e+02	3.643235e-02	
28.000000	60.000000	165.802098	9.674472	5.597571e-01	2.586534e-02	2.792536e+02	3.752473e-02	
32.000000	0.000000	153.295218	7.445489	5.466690e-01	2.742356e-02	2.721690e+02	3.450392e-02	
32.000000	4.000000	147.049930	7.679484	5.402937e-01	2.972284e-02	2.919470e+02	3.630299e-02	
32.000000	8.000000	147.560067	6.648468	5.658587e-01	2.847108e-02	2.913127e+02	3.854073e-02	
32.000000	12.000000	147.052081	9.199179	5.483608e-01	2.946876e-02	2.910661e+02	3.743501e-02	
32.000000	16.000000	147.049136	16.456755	4.798663e-01	3.658606e-02	2.910146e+02	3.179598e-02	
32.000000	20.000000	147.048360	7.158369	5.418495e-01	2.721744e-02	2.911341e+02	3.853106e-02	
32.000000	24.000000	144.504201	1038.263035	5.507794e-01	2.461866e-02	2.914810e+02	3.794177e-02	
32.000000	28.000000	140.790943	5.357494	4.570243e-01	3.588066e-02	2.920487e+02	2.693174e-02	
32.000000	32.000000	140.808835	9.533026	5.577567e-01	2.570360e-02	2.925221e+02	3.814211e-02	
32.000000	36.000000	140.809181	44.420664	5.461148e-01	3.021386e-02	2.929711e+02	3.515255e-02	
32.000000	40.000000	140.802812	3.897127	5.460096e-01	2.452043e-02	2.934600e+02	3.741844e-02	
32.000000	44.000000	147.045645	20.549472	5.235260e-01	2.537493e-02	2.937266e+02	3.510921e-02	
32.000000	48.000000	155.250475	298.852559	5.179775e-01	2.413280e-02	2.933166e+02	3.567222e-02	
32.000000	52.000000	172.052254	10.512809	5.694130e-01	3.176325e-02	2.917797e+02	3.868295e-02	
32.000000	56.000000	185.311718	12.186062	4.989780e-01	2.891033e-02	2.878810e+02	3.189419e-02	
32.000000	60.000000	172.045589	11.486702	6.543627e-01	3.827030e-02	2.804271e+02	4.570415e-02	
36.000000	0.000000	156.494765	1142.265098	6.025900e-01	3.074126e-02	2.719764e+02	3.955160e-02	
36.000000	4.000000	151.628892	8.997972	5.469069e-01	2.455435e-02	2.915208e+02	3.751448e-02	
36.000000	8.000000	151.638455	11.055931	5.493964e-01	2.680214e-02	2.908479e+02	3.913791e-02	
36.000000	12.000000	151.559946	10.804035	5.683485e-01	2.662204e-02	2.905495e+02	3.855789e-02	
36.000000	16.000000	151.393726	28.905122	5.500256e-01	2.447125e-02	2.905095e+02	3.782085e-02	
36.000000	20.000000	148.540775	27.189364	5.658364e-01	2.618513e-02	2.905094e+02	3.883117e-02	
36.000000	24.000000	147.049765	5.832379	5.045002e-01	3.373351e-02	2.910366e+02	3.286731e-02	
36.000000	28.000000	146.172360	6.224767	5.632465e-01	2.943489e-02	2.917326e+02	3.814463e-02	
36.000000	32.000000	142.513726	954.881481	5.556458e-01	2.803854e-02	2.923028e+02	3.777991e-02	
36.000000	36.000000	142.660638	121.274719	5.424392e-01	3.110285e-02	2.928158e+02	3.625506e-02	
36.000000	40.000000	146.160321	4.425281	5.433289e-01	2.590313e-02	2.932724e+02	3.628615e-02	
36.000000	44.000000	147.570114	7.364684	5.606619e-01	2.684016e-02	2.933637e+02	3.832301e-02	
36.000000	48.000000	158.659336	5.506454	5.239996e-01	2.463763e-02	2.933103e+02	3.548024e-02	
36.000000	52.000000	173.540775	19.966908	5.374369e-01	2.621022e-02	2.917813e+02	3.569001e-02	
36.000000	56.000000	192.003769	614.266102	5.951145e-01	2.841071e-02	2.882492e+02	3.953466e-02	
36.000000	60.000000	178.302139	6.946035	5.816964e-01	2.820870e-02	2.814786e+02	3.950524e-02	
40.000000	0.000000	161.745799	12.061801	5.141476e-01	3.157605e-02	2.721541e+02	3.327680e-02	
40.000000	4.000000	155.182682	156.272036	5.650415e-01	3.050661e-02	2.910005e+02	3.740281e-02	
40.000000	8.000000	154.954596	262.173865	5.542317e-01	2.580235e-02	2.903867e+02	3.798329e-02	
40.000000	12.000000	154.861054	105.332526	5.495797e-01	3.167147e-02	2.901115e+02	3.598817e-02	
40.000000	16.000000	154.642647	77.048740	5.553283e-01	2.926445e-02	2.900769e+02	3.842048e-02	
40.000000	20.000000	153.300091	8.839580	5.748035e-01	2.560581e-02	2.902532e+02	3.912040e-02	
40.000000	24.000000	152.234716	7.988342	5.067962e-01	2.168439e-02	2.906144e+02	3.565634e-02	
40.000000	28.000000	148.291752	9.844816	5.128326e-01	2.891686e-02	2.910884e+02	3.432240e-02	
40.000000	32.000000	147.052173	12.440133	4.891416e-01	3.010345e-02	2.919063e+02	3.070272e-02	
40.000000	36.000000	147.053800	22.073961	5.241250e-01	2.248031e-02	2.924596e+02	3.644531e-02	
40.000000	40.000000	147.055398	5.192823	5.104556e-01	3.307778e-02	2.929530e+02	3.795323e-02	
40.000000	44.000000	153.295303	4.409021	5.567533e-01	2.594020e-02	2.932616e+02	3.723854e-02	
40.000000	48.000000	160.449576	5.452661	5.367494e-01	2.885323e-02	2.931138e+02	3.453304e-02	
40.000000	52.000000	177.260796	6.363631	5.440374e-01	3.053609e-02	2.919965e+02	3.575376e-02	
40.000000	56.000000	198.386033	11.232411	5.229375e-01	2.698441e-02	2.888309e+02	3.439876e-02	
40.000000	60.000000	189.009179	8.935363	4.945075e-01	2.469279e-02	2.827401e+02	3.410481e-02	
44.000000	0.000000	172.059150	8.601333	5.258482e-01	2.647581e-02	2.732632e+02	3.564391e-02	
44.000000	4.000000	160.844741	8.069653	5.439649e-01	2.417974e-02	2.905619e+02	3.751948e-02	
44.000000	8.000000	160.756902	11.287549	5.347311e-01	2.821398e-02	2.897869e+02	3.504466e-02	
44.000000	12.000000	160.910178	10.200744	5.918941e-01	2.720195e-02	2.896314e+02	3.980382e-02	
44.000000	16.000000	160.412225	22.612463	5.670836e-01	2.706453e-02	2.896081e+02	3.880529e-02	
44.000000	20.000000	158.347766	22.702710	4.741457e-01	3.255394e-02	2.898719e+02	3.062309e-02	
44.000000	24.000000	156.841437	130.507616	5.432241e-01	2.609681e-02	2.903205e+02	3.706395e-02	
44.000000	28.000000	154.058047	16.555184	5.762486e-01	2.602682e-02	2.908011e+02	4.222528e-02	
44.000000	32.000000	151.709113	6.082582	5.500619e-01	2.489468e-02	2.914648e+02	3.763257e-02	
44.000000	36.000000	151.548992	5.445913	5.841538e-01	3.027264e-02	2.921148e+02	3.816219e-02	
44.000000	40.000000	152.321267	7.760718	6.456614e-01	3.931933e-02	2.927231e+02	4.591001e-02	
44.000000	44.000000	155.081100	77.895679	4.887721e-01	2.977497e-02	2.930613e+02	2.991330e-02	
44.000000	48.000000	164.577327	5.644315	5.091819e-01	3.100493e-02	2.930022e+02	3.207175e-02	
44.000000	52.000000	178.787463	7.826732	5.238039e-01	2.744749e-02	2.921059e+02	3.547432e-02	
44.000000	56.000000	203.298477	8.278525	5.269541e-01	2.402904e-02	2.893504e+02	3.640752e-02	
44.000000	60.000000	197.058884	7.974619	5.314514e-01	2.911137e-02	2.839195e+02	3.405338e-02	
48.000000	0.000000	179.576539	11.848523	5.411339e-01	2.973813e-02	2.747890e+02	3.628230e-02	
48.000000	4.000000	168.800317	1011.997602	5.480216e-01	3.353875e-02	2.898531e+02	3.678440e-02	
48.000000	8.000000	168.520157	1008.230622	4.614078e-01	3.233129e-02	2.891231e+02	2.882574e-02	
48.000000	12.000000	167.944219	250.341995	5.287165e-01	2.841919e-02	2.888940e+02	3.732413e-02	
48.000000	16.000000	167.178183	81.136784	4.645563e-01	3.682071e-02	2.890445e+02	2.847045e-02	
48.000000	20.000000	166.594408	21.878437	5.332919e-01	2.790635e-02	2.891043e+02	3.322928e-02	
48.000000	24.000000	164.572399	9.332826	5.048892e-01	2.014843e-02	2.894051e+02	3.388272e-02	
48.000000	28.000000	160.903527	29.726491	5.896987e-01	3.144604e-02	2.900606e+02	3.908727e-02	
48.000000	32.000000	157.840029	155.236766	5.319035e-01	2.910760e-02	2.909235e+02	3.413497e-02	
48.000000	36.000000	157.607340	108.706166	5.900632e-01	3.213697e-02	2.917288e+02	4.037528e-02	
48.000000	40.000000	158.027909	694.155448	5.733572e-01	2.479738e-02	2.922755e+02	3.756776e-02	
48.000000	44.000000	160.714083	6.122736	5.737590e-01	2.644968e-02	2.926695e+02	3.849795e-02	
48.000000	48.000000	168.816732	415.596220	5.083716e-01	2.511256e-02	2.927390e+02	3.420228e-02	
48.000000	52.000000	184.555787	7.073352	4.782890e-01	3.187336e-02	2.920451e+02	2.916192e-02	
48.000000	56.000000	209.557640	15.698527	4.689713e-01	2.777565e-02	2.898099e+02	3.205117e-02	
48.000000	60.000000	214.100400	9.369960	5.545452e-01	3.017012e-02	2.850518e+02	3.574323e-02	
52.000000	0.000000	195.457283	598.632615	5.540738e-01	3.474464e-02	2.768653e+02	3.733697e-02	
52.000000	4.000000	179.693576	259.026339	5.145851e-01	3.170943e-02	2.890610e+02	3.266841e-02	
52.000000	8.000000	179.701698	632.519913	5.526579e-01	2.631791e-02	2.883492e+02	3.776796e-02	
52.000000	12.000000	179.687625	166.465233	5.110691e-01	2.760306e-02	2.882101e+02	3.349334e-02	
52.000000	16.000000	179.752166	26.070930	4.774146e-01	3.281544e-02	2.880839e+02	2.909655e-02	
52.000000	20.000000	177.095411	28.367567	5.395588e-01	2.823490e-02	2.882206e+02	3.502590e-02	
52.000000	24.000000	172.917180	11.742880	5.791579e-01	3.119813e-02	2.887199e+02	3.946159e-02	
52.000000	28.000000	169.772409	948.577169	5.875947e-01	2.881637e-02	2.895469e+02	4.025473e-02	
52.000000	32.000000	167.056225	157.504286	5.662332e-01	2.643325e-02	2.903847e+02	3.819387e-02	
52.000000	36.000000	164.589161	9.629561	5.557627e-01	2.929477e-02	2.910538e+02	3.605464e-02	
52.000000	40.000000	164.661365	18.665163	5.740976e-01	2.847324e-02	2.917615e+02	3.792438e-02	
52.000000	44.000000	167.094735	221.500048	5.812209e-01	2.969269e-02	2.923313e+02	3.971380e-02	
52.000000	48.000000	174.983355	214.182547	5.989550e-01	3.103954e-02	2.923689e+02	4.100580e-02	
52.000000	52.000000	189.779361	5.225972	5.644531e-01	2.799154e-02	2.918365e+02	3.709464e-02	
52.000000	56.000000	214.148487	12.132860	4.898558e-01	3.011260e-02	2.899100e+02	3.076151e-02	
52.000000	60.000000	232.910645	609.524181	5.348048e-01	2.565725e-02	2.862684e+02	3.557019e-02	
56.000000	0.000000	213.589363	10.790120	5.594864e-01	2.598263e-02	2.787248e+02	3.743956e-02	
56.000000	4.000000	198.272776	33.904642	5.810227e-01	2.819607e-02	2.877786e+02	3.841446e-02	
56.000000	8.000000	198.430798	32.444905	6.108271e-01	3.182925e-02	2.871431e+02	4.036344e-02	
56.000000	12.000000	198.456694	30.140539	5.826173e-01	2.946931e-02	2.868386e+02	3.816857e-02	
56.000000	16.000000	197.042381	26.118639	4.544353e-01	3.629914e-02	2.870613e+02	2.687843e-02	
56.000000	20.000000	194.868148	934.874212	5.117588e-01	2.814910e-02	2.871155e+02	3.337254e-02	
56.000000	24.000000	189.916240	22.662841	5.576157e-01	2.536323e-02	2.875515e+02	3.814059e-02	
56.000000	28.000000	185.425748	27.442488	5.459087e-01	2.511386e-02	2.884162e+02	3.723019e-02	
56.000000	32.000000	180.023062	114.769186	5.468443e-01	2.444987e-02	2.896403e+02	3.585540e-02	
56.000000	36.000000	177.994303	40.882634	5.993867e-01	2.852758e-02	2.902585e+02	3.986798e-02	
56.000000	40.000000	176.609041	13.679074	4.877908e-01	3.247605e-02	2.909767e+02	3.137591e-02	
56.000000	44.000000	179.558627	151.095088	5.549501e-01	2.610152e-02	2.916273e+02	3.798761e-02	
56.000000	48.000000	184.550014	30.057900	5.764604e-01	2.587079e-02	2.917944e+02	4.167662e-02	
56.000000	52.000000	197.055919	26.339113	5.838895e-01	2.834773e-02	2.914578e+02	3.999881e-02	
56.000000	56.000000	222.055903	24.158228	5.728875e-01	2.988535e-02	2.900756e+02	3.717277e-02	
56.000000	60.000000	256.052274	1082.397040	5.129568e-01	3.313155e-02	2.870743e+02	3.309316e-02	
60.000000	0.000000	240.796224	12.635030	5.636784e-01	2.815112e-02	2.808863e+02	3.800444e-02	
60.000000	4.000000	270.273347	566.097177	5.814799e-01	2.894600e-02	2.863693e+02	3.968089e-02	
60.000000	8.000000	269.020180	855.086214	6.091663e-01	3.309308e-02	2.856700e+02	4.200058e-02	
60.000000	12.000000	267.988365	868.578370	5.765342e-01	2.744592e-02	2.855329e+02	3.950662e-02	
60.000000	16.000000	265.585501	226.895406	5.833242e-01	2.860773e-02	2.855845e+02	3.993694e-02	
60.000000	20.000000	260.317429	152.577563	5.803668e-01	3.219936e-02	2.857618e+02	3.965420e-02	
60.000000	24.000000	251.599800	65.946542	5.562419e-01	2.583148e-02	2.863748e+02	3.758600e-02	
60.000000	28.000000	238.777580	122.872118	5.284068e-01	2.770862e-02	2.872366e+02	3.556646e-02	
60.000000	32.000000	226.233392	155.222454	6.015176e-01	3.045269e-02	2.885235e+02	4.126282e-02	
60.000000	36.000000	217.256955	619.408623	5.399306e-01	2.423474e-02	2.893955e+02	3.711331e-02	
60.000000	40.000000	210.086471	45.852709	5.546334e-01	2.970732e-02	2.901460e+02	3.567800e-02	
60.000000	44.000000	205.833474	936.579062	5.361281e-01	2.402324e-02	2.906100e+02	3.697589e-02	
60.000000	48.000000	208.062316	120.166617	5.232732e-01	3.433205e-02	2.910075e+02	3.712852e-02	
60.000000	52.000000	217.307562	806.346237	5.592754e-01	3.178288e-02	2.908023e+02	3.776653e-02	
60.000000	56.000000	239.581028	16.330096	6.059696e-01	2.570846e-02	2.896988e+02	4.208189e-02	
60.000000	60.000000	279.636710	624.905032	5.609415e-01	2.587545e-02	2.875657e+02	3.840421e-02	
0.000000	0.000000	304.678183	853.814724	5.687860e-01	2.938977e-02	2.829064e+02	4.085258e-02	
