0.000000	4.000000	170.800691	470.593233	6.327873e-01	2.874675e-02	2.115044e+02	4.197892e-02	
0.000000	8.000000	169.353109	481.819642	6.210027e-01	3.063501e-02	2.115296e+02	4.137039e-02	
0.000000	12.000000	165.805931	7.176295	6.230062e-01	3.346247e-02	2.112690e+02	4.160524e-02	
0.000000	16.000000	164.292909	5.596431	6.122912e-01	3.190273e-02	2.114312e+02	4.163936e-02	
0.000000	20.000000	160.106424	5.834232	6.319423e-01	2.623204e-02	2.116861e+02	4.697193e-02	
0.000000	24.000000	159.548709	5.567620	5.826614e-01	2.703134e-02	2.118065e+02	4.519381e-02	
0.000000	28.000000	159.551307	4.996341	5.812171e-01	2.606691e-02	2.117951e+02	4.307897e-02	
0.000000	32.000000	158.534946	85.925321	5.486407e-01	3.212865e-02	2.119574e+02	4.057216e-02	
0.000000	36.000000	159.058459	3.708953	6.326927e-01	3.260132e-02	2.121834e+02	4.193457e-02	
0.000000	40.000000	159.535183	20.840221	5.813438e-01	2.794353e-02	2.124906e+02	3.983370e-02	
0.000000	44.000000	164.084979	20.812285	5.894431e-01	2.966642e-02	2.124774e+02	3.995277e-02	
0.000000	48.000000	171.572715	2.817057	5.767252e-01	2.829611e-02	2.122309e+02	3.801014e-02	
0.000000	52.000000	184.545387	169.998126	5.943647e-01	2.839683e-02	2.115630e+02	4.007732e-02	
0.000000	56.000000	203.223343	15.538435	6.136761e-01	2.927313e-02	2.098356e+02	4.708101e-02	
0.000000	60.000000	209.554882	16.381643	6.337345e-01	3.432414e-02	2.060743e+02	4.329032e-02	
4.000000	0.000000	197.056004	10.131622	6.806475e-01	3.407949e-02	2.010285e+02	4.509166e-02	
4.000000	4.000000	172.045139	27.567919	6.331977e-01	3.479155e-02	2.115191e+02	4.376608e-02	
4.000000	8.000000	171.061136	15.698215	6.333443e-01	3.167877e-02	2.112885e+02	4.219236e-02	
4.000000	12.000000	167.836120	148.799628	5.926709e-01	3.323421e-02	2.111836e+02	3.964980e-02	
4.000000	16.000000	165.798665	33.324372	6.809350e-01	2.456432e-02	2.114661e+02	4.573798e-02	
4.000000	20.000000	163.736274	4.476747	6.334855e-01	3.481395e-02	2.115000e+02	4.378589e-02	
4.000000	24.000000	160.364832	5.480624	6.064190e-01	3.324797e-02	2.116934e+02	4.182647e-02	
4.000000	28.000000	159.549508	34.546525	5.761450e-01	2.897746e-02	2.118862e+02	3.768353e-02	
4.000000	32.000000	159.555257	5.314739	6.096317e-01	2.801832e-02	2.118181e+02	4.360447e-02	
4.000000	36.000000	159.555729	225.333343	5.970440e-01	3.176679e-02	2.121256e+02	3.947864e-02	
4.000000	40.000000	160.368071	3.745478	5.924353e-01	3.054851e-02	2.126455e+02	4.058724e-02	
4.000000	44.000000	165.799682	4.200427	6.114606e-01	3.197443e-02	2.125661e+02	4.203506e-02	
4.000000	48.000000	172.044305	232.873600	5.427501e-01	2.755909e-02	2.122699e+02	3.675359e-02	
4.000000	52.000000	184.540338	62.803428	6.214616e-01	3.076637e-02	2.115058e+02	4.200711e-02	
4.000000	56.000000	203.304138	7.526286	6.096432e-01	2.770553e-02	2.097765e+02	4.135092e-02	
4.000000	60.000000	215.805585	9.165342	6.411415e-01	3.161088e-02	2.062889e+02	4.279833e-02	
8.000000	0.000000	202.584486	11.619290	6.095648e-01	3.043417e-02	2.011549e+02	4.011376e-02	
8.000000	4.000000	174.966578	70.961643	6.072850e-01	2.766887e-02	2.112054e+02	4.167664e-02	
8.000000	8.000000	173.307712	9.424368	5.309436e-01	3.684363e-02	2.110546e+02	3.823011e-02	
8.000000	12.000000	171.212665	13.631282	5.665110e-01	2.969557e-02	2.110501e+02	3.660729e-02	
8.000000	16.000000	167.022777	732.635456	5.927832e-01	3.565794e-02	2.110515e+02	4.314333e-02	
8.000000	20.000000	164.909336	8.007542	5.986472e-01	2.563632e-02	2.112855e+02	4.154875e-02	
8.000000	24.000000	163.795404	26.336592	6.303161e-01	2.691267e-02	2.113753e+02	4.289755e-02	
8.000000	28.000000	160.425082	5.825444	6.445181e-01	3.273734e-02	2.114106e+02	4.343476e-02	
8.000000	32.000000	161.011507	5.001291	6.342183e-01	3.519943e-02	2.115717e+02	4.391519e-02	
8.000000	36.000000	160.195555	5.102787	5.814588e-01	3.115213e-02	2.119455e+02	4.192556e-02	
8.000000	40.000000	163.119414	47.788219	5.496755e-01	2.900361e-02	2.122527e+02	3.643984e-02	
8.000000	44.000000	165.789924	41.164797	6.128583e-01	3.188971e-02	2.125282e+02	4.203521e-02	
8.000000	48.000000	172.044324	3.780227	5.935916e-01	3.763743e-02	2.120564e+02	4.493306e-02	
8.000000	52.000000	184.973985	4.157295	6.254003e-01	3.519819e-02	2.116668e+02	4.344263e-02	
8.000000	56.000000	203.779678	7.028519	5.837746e-01	3.408786e-02	2.101380e+02	3.961788e-02	
8.000000	60.000000	219.795000	1092.600454	5.956307e-01	3.022821e-02	2.070213e+02	3.885188e-02	
12.000000	0.000000	205.320850	1085.496550	6.143359e-01	2.792973e-02	2.018045e+02	4.365490e-02	
12.000000	4.000000	178.295205	21.493882	6.023436e-01	3.077495e-02	2.109422e+02	4.194351e-02	
12.000000	8.000000	176.708748	12.680688	6.379717e-01	3.793001e-02	2.107119e+02	4.497923e-02	
12.000000	12.000000	172.528947	10.607243	5.993258e-01	2.818711e-02	2.108414e+02	4.301448e-02	
12.000000	16.000000	170.536904	490.081287	5.434302e-01	3.640211e-02	2.109688e+02	4.043788e-02	
12.000000	20.000000	166.439201	6.924677	6.106659e-01	3.289087e-02	2.110840e+02	4.107274e-02	
12.000000	24.000000	165.798634	6.965389	6.261504e-01	3.211325e-02	2.113021e+02	4.173282e-02	
12.000000	28.000000	164.115171	5.395632	6.427444e-01	3.690609e-02	2.113844e+02	4.480294e-02	
12.000000	32.000000	164.210310	42.525657	6.192711e-01	2.666230e-02	2.116485e+02	4.211845e-02	
12.000000	36.000000	164.189813	25.358364	6.186174e-01	3.162755e-02	2.119695e+02	4.104452e-02	
12.000000	40.000000	165.806868	4.865738	5.457887e-01	2.540606e-02	2.123922e+02	3.709499e-02	
12.000000	44.000000	167.325401	852.270557	5.701785e-01	2.686981e-02	2.124884e+02	3.876423e-02	
12.000000	48.000000	174.600329	46.692398	5.812205e-01	3.018221e-02	2.123287e+02	3.887926e-02	
12.000000	52.000000	185.928183	5.581521	6.642266e-01	3.835660e-02	2.116461e+02	4.662184e-02	
12.000000	56.000000	204.582528	855.945642	5.682749e-01	2.972411e-02	2.100314e+02	3.691463e-02	
12.000000	60.000000	222.590658	23.075467	6.068295e-01	2.684562e-02	2.073538e+02	4.114187e-02	
16.000000	0.000000	209.549422	10.437867	6.408895e-01	3.654086e-02	2.023851e+02	4.453417e-02	
16.000000	4.000000	179.693229	675.255413	6.035423e-01	2.981729e-02	2.108951e+02	4.284849e-02	
16.000000	8.000000	178.814590	25.758055	6.168478e-01	2.870771e-02	2.104258e+02	4.160095e-02	
16.000000	12.000000	176.808014	12.267792	6.360695e-01	3.514828e-02	2.105238e+02	4.391477e-02	
16.000000	16.000000	173.370640	10.295828	6.465600e-01	3.255807e-02	2.109631e+02	4.412262e-02	
16.000000	20.000000	170.451373	130.808396	6.284167e-01	3.115641e-02	2.111402e+02	4.136894e-02	
16.000000	24.000000	166.281122	388.561144	5.569890e-01	3.660763e-02	2.109608e+02	4.767253e-02	
16.000000	28.000000	165.804139	4.529698	6.191681e-01	2.582547e-02	2.112924e+02	4.531129e-02	
16.000000	32.000000	165.802988	7.722325	6.157735e-01	3.238998e-02	2.114482e+02	4.227496e-02	
16.000000	36.000000	165.789997	5.304308	6.208987e-01	3.346103e-02	2.118985e+02	5.077451e-02	
16.000000	40.000000	165.790001	5.221985	5.630397e-01	2.649969e-02	2.124881e+02	3.836941e-02	
16.000000	44.000000	170.463747	98.054303	6.382956e-01	3.688570e-02	2.126586e+02	4.460635e-02	
16.000000	48.000000	177.284946	4.218817	6.003534e-01	2.805502e-02	2.125946e+02	4.042652e-02	
16.000000	52.000000	189.075066	3.595597	5.474438e-01	3.197284e-02	2.120460e+02	3.636087e-02	
16.000000	56.000000	207.106068	1043.519124	5.864212e-01	2.742427e-02	2.106094e+02	3.945028e-02	
16.000000	60.000000	228.295230	5.877000	6.871318e-01	4.200792e-02	2.076017e+02	4.815597e-02	
20.000000	0.000000	215.809412	10.768409	6.716664e-01	3.231716e-02	2.031674e+02	4.980781e-02	
20.000000	4.000000	183.829929	17.179661	5.864434e-01	3.192028e-02	2.107154e+02	4.004356e-02	
20.000000	8.000000	182.620739	15.739658	6.083497e-01	3.578409e-02	2.102849e+02	4.143414e-02	
20.000000	12.000000	179.816955	172.567869	5.547950e-01	2.834358e-02	2.102159e+02	3.637266e-02	
20.000000	16.000000	176.743098	8.156190	6.140166e-01	2.785062e-02	2.108007e+02	4.329948e-02	
20.000000	20.000000	172.055375	7.438658	5.722424e-01	2.555682e-02	2.107639e+02	3.921935e-02	
20.000000	24.000000	170.497225	123.123403	6.001125e-01	3.134681e-02	2.110114e+02	4.022467e-02	
20.000000	28.000000	167.869258	184.157085	5.822079e-01	3.118463e-02	2.110433e+02	3.857161e-02	
20.000000	32.000000	167.003766	540.877110	6.390099e-01	3.414235e-02	2.114619e+02	4.318172e-02	
20.000000	36.000000	167.049347	482.805423	6.221969e-01	3.154814e-02	2.115220e+02	4.213159e-02	
20.000000	40.000000	168.102951	362.482402	6.330499e-01	3.510822e-02	2.124188e+02	4.383481e-02	
20.000000	44.000000	172.050069	3.897338	6.131762e-01	3.219114e-02	2.126780e+02	4.089665e-02	
20.000000	48.000000	178.298505	84.346910	6.348852e-01	2.812611e-02	2.127487e+02	4.443036e-02	
20.000000	52.000000	190.800040	4.920660	6.057543e-01	3.387331e-02	2.122782e+02	4.187277e-02	
20.000000	56.000000	207.952123	78.415438	6.013259e-01	3.360761e-02	2.110553e+02	4.159536e-02	
20.000000	60.000000	232.403886	1057.319701	6.140850e-01	2.948699e-02	2.078370e+02	4.749158e-02	
24.000000	0.000000	222.058161	12.094822	6.276003e-01	2.617783e-02	2.036946e+02	4.598346e-02	
24.000000	4.000000	187.040535	53.261458	6.152570e-01	3.252665e-02	2.104861e+02	4.153723e-02	
24.000000	8.000000	185.845337	42.031663	7.104197e-01	3.765967e-02	2.099200e+02	5.279899e-02	
24.000000	12.000000	182.862606	201.310765	5.701040e-01	3.027656e-02	2.100885e+02	3.707514e-02	
24.000000	16.000000	179.033183	27.914245	6.303505e-01	3.200856e-02	2.101653e+02	4.167102e-02	
24.000000	20.000000	176.424599	7.515293	6.148879e-01	3.053318e-02	2.104937e+02	4.161026e-02	
24.000000	24.000000	172.417738	7.538605	5.990423e-01	2.567172e-02	2.107520e+02	4.385980e-02	
24.000000	28.000000	171.028411	8.976832	5.751172e-01	3.003564e-02	2.110251e+02	3.806607e-02	
24.000000	32.000000	170.321562	6.885454	5.661023e-01	2.935335e-02	2.111172e+02	3.676329e-02	
24.000000	36.000000	170.346947	596.646471	5.739575e-01	2.719079e-02	2.115515e+02	3.924122e-02	
24.000000	40.000000	170.838186	6.998002	5.598942e-01	2.820776e-02	2.122659e+02	3.704485e-02	
24.000000	44.000000	173.308368	30.679644	6.014565e-01	2.565977e-02	2.122955e+02	4.156974e-02	
24.000000	48.000000	178.705245	352.179943	5.632564e-01	2.698490e-02	2.124159e+02	3.821806e-02	
24.000000	52.000000	190.802922	207.307194	5.326039e-01	3.203540e-02	2.120745e+02	3.462969e-02	
24.000000	56.000000	209.553925	5.570829	5.943909e-01	3.065434e-02	2.111457e+02	3.902617e-02	
24.000000	60.000000	234.576677	10.706915	6.005452e-01	2.936681e-02	2.081858e+02	3.953108e-02	
28.000000	0.000000	228.300031	9.517425	6.440659e-01	3.138705e-02	2.044579e+02	4.264242e-02	
28.000000	4.000000	191.138492	38.515074	6.016636e-01	3.221262e-02	2.100960e+02	4.005692e-02	
28.000000	8.000000	189.936114	18.483135	6.386865e-01	3.155096e-02	2.099344e+02	4.313774e-02	
28.000000	12.000000	185.857531	46.998502	6.325935e-01	3.018689e-02	2.098472e+02	4.248277e-02	
28.000000	16.000000	182.833216	169.003898	6.249635e-01	3.493748e-02	2.099522e+02	4.414334e-02	
28.000000	20.000000	178.898165	28.265974	6.892221e-01	3.636494e-02	2.106510e+02	4.646084e-02	
28.000000	24.000000	176.708840	7.203533	5.952395e-01	3.009636e-02	2.105893e+02	4.079895e-02	
28.000000	28.000000	173.804397	42.871264	6.780932e-01	4.363192e-02	2.106847e+02	4.895942e-02	
28.000000	32.000000	173.403078	42.943271	6.071516e-01	3.016928e-02	2.110789e+02	3.976327e-02	
28.000000	36.000000	172.912373	54.129336	6.285124e-01	3.092396e-02	2.116409e+02	4.212099e-02	
28.000000	40.000000	173.286253	7.142419	5.413011e-01	2.877981e-02	2.120817e+02	3.532253e-02	
28.000000	44.000000	176.562108	7.120037	6.233263e-01	3.074737e-02	2.123542e+02	4.172530e-02	
28.000000	48.000000	183.344683	681.965613	6.374125e-01	3.627313e-02	2.126470e+02	4.403489e-02	
28.000000	52.000000	192.003769	553.259887	6.615024e-01	3.755290e-02	2.126311e+02	4.620396e-02	
28.000000	56.000000	209.547397	21.685659	6.388810e-01	3.772361e-02	2.113618e+02	4.333031e-02	
28.000000	60.000000	235.884564	23.397052	5.875181e-01	3.067454e-02	2.088631e+02	3.853225e-02	
32.000000	0.000000	235.079676	10.057885	6.637110e-01	3.285171e-02	2.050615e+02	4.426464e-02	
32.000000	4.000000	196.250550	22.130421	6.423039e-01	3.953303e-02	2.101037e+02	4.717846e-02	
32.000000	8.000000	195.025945	237.741259	6.520936e-01	2.919598e-02	2.096920e+02	4.515063e-02	
32.000000	12.000000	191.664349	130.596753	6.459938e-01	3.683792e-02	2.095530e+02	4.490257e-02	
32.000000	16.000000	186.346109	55.982051	5.821097e-01	3.358825e-02	2.100303e+02	4.112798e-02	
32.000000	20.000000	182.805559	676.025981	5.786711e-01	2.782164e-02	2.104437e+02	3.963634e-02	
32.000000	24.000000	179.665146	596.879480	6.017886e-01	3.154911e-02	2.102982e+02	4.014527e-02	
32.000000	28.000000	177.448657	36.610647	6.114118e-01	3.374200e-02	2.106642e+02	4.191353e-02	
32.000000	32.000000	176.701636	8.603491	6.465242e-01	4.068863e-02	2.107715e+02	4.660949e-02	
32.000000	36.000000	176.708840	7.625796	5.651626e-01	2.635089e-02	2.114221e+02	3.828219e-02	
32.000000	40.000000	176.738695	7.316737	6.203671e-01	3.095285e-02	2.120259e+02	4.075379e-02	
32.000000	44.000000	178.559402	5.144212	6.300050e-01	3.467748e-02	2.124098e+02	4.349881e-02	
32.000000	48.000000	184.548678	57.337299	6.243651e-01	2.804158e-02	2.127533e+02	4.286472e-02	
32.000000	52.000000	195.293809	103.344831	6.311167e-01	3.259670e-02	2.123214e+02	4.205386e-02	
32.000000	56.000000	209.982388	6.532530	6.607874e-01	3.003258e-02	2.116607e+02	4.560472e-02	
32.000000	60.000000	238.814613	17.468018	6.197396e-01	2.908110e-02	2.094348e+02	4.191319e-02	
36.000000	0.000000	244.380820	1101.094823	6.129192e-01	3.485158e-02	2.059542e+02	4.849511e-02	
36.000000	4.000000	202.256558	22.787626	6.953743e-01	4.810309e-02	2.096200e+02	4.892272e-02	
36.000000	8.000000	199.600327	55.061844	6.531156e-01	3.580990e-02	2.095042e+02	4.429289e-02	
36.000000	12.000000	195.881222	30.919439	6.783008e-01	3.191172e-02	2.093949e+02	4.697129e-02	
36.000000	16.000000	192.035005	35.437759	6.676815e-01	3.505740e-02	2.093146e+02	4.474841e-02	
36.000000	20.000000	187.302274	63.809852	5.633144e-01	3.832534e-02	2.098844e+02	6.147462e-02	
36.000000	24.000000	183.662155	17.887492	6.488435e-01	3.196718e-02	2.102320e+02	4.320797e-02	
36.000000	28.000000	182.625651	139.344905	6.304345e-01	2.789280e-02	2.104029e+02	4.304856e-02	
36.000000	32.000000	180.013725	33.002301	6.114314e-01	3.228298e-02	2.105992e+02	4.206210e-02	
36.000000	36.000000	179.540832	549.869298	5.663477e-01	3.514298e-02	2.110942e+02	3.950956e-02	
36.000000	40.000000	179.522777	711.481725	6.462966e-01	2.978339e-02	2.118027e+02	4.560078e-02	
36.000000	44.000000	183.302423	687.374840	6.121362e-01	2.634675e-02	2.123395e+02	4.187794e-02	
36.000000	48.000000	187.959465	228.320241	5.664332e-01	2.893004e-02	2.127050e+02	3.845488e-02	
36.000000	52.000000	197.045191	43.615050	6.375506e-01	2.931231e-02	2.125573e+02	4.354509e-02	
36.000000	56.000000	213.552567	0.796017	6.515968e-01	2.885766e-02	2.117509e+02	4.793513e-02	
36.000000	60.000000	240.795171	16.228423	6.397208e-01	2.721946e-02	2.094111e+02	4.310275e-02	
40.000000	0.000000	253.300985	9.849550	5.709375e-01	2.818739e-02	2.063546e+02	3.826798e-02	
40.000000	4.000000	208.604176	127.721391	5.985935e-01	3.155780e-02	2.091210e+02	3.950354e-02	
40.000000	8.000000	207.339363	911.644541	5.907943e-01	2.996717e-02	2.089182e+02	4.158069e-02	
40.000000	12.000000	203.749192	31.665851	6.152275e-01	2.608151e-02	2.087208e+02	4.517593e-02	
40.000000	16.000000	197.947205	42.791604	6.330972e-01	2.995350e-02	2.092313e+02	4.238206e-02	
40.000000	20.000000	192.675298	908.774125	6.128249e-01	3.237862e-02	2.093362e+02	4.094068e-02	
40.000000	24.000000	189.718285	43.585848	6.493988e-01	3.065320e-02	2.098276e+02	4.433098e-02	
40.000000	28.000000	187.334653	71.638057	5.770347e-01	3.221290e-02	2.100618e+02	3.877824e-02	
40.000000	32.000000	186.531463	44.423744	5.986605e-01	3.018397e-02	2.105129e+02	4.009539e-02	
40.000000	36.000000	183.662300	55.378812	5.761137e-01	2.795265e-02	2.111300e+02	3.957082e-02	
40.000000	40.000000	183.561958	37.720616	6.333956e-01	2.915278e-02	2.114374e+02	4.314894e-02	
40.000000	44.000000	185.898768	7.178234	5.537304e-01	3.134371e-02	2.122332e+02	3.700099e-02	
40.000000	48.000000	191.253583	89.457902	6.390947e-01	3.195114e-02	2.123923e+02	4.288729e-02	
40.000000	52.000000	201.370740	6.042571	6.853272e-01	4.322493e-02	2.124700e+02	4.850392e-02	
40.000000	56.000000	215.800012	24.322400	5.628256e-01	3.490728e-02	2.118786e+02	5.585116e-02	
40.000000	60.000000	240.800284	14.656404	6.664563e-01	3.475875e-02	2.101344e+02	4.440102e-02	
44.000000	0.000000	264.915724	21.186484	5.633955e-01	3.076974e-02	2.070071e+02	3.742607e-02	
44.000000	4.000000	216.954721	855.443822	5.689123e-01	2.688226e-02	2.086278e+02	3.812290e-02	
44.000000	8.000000	215.966978	26.814440	5.881667e-01	2.784754e-02	2.081516e+02	4.083952e-02	
44.000000	12.000000	211.204596	64.005710	5.937412e-01	3.377375e-02	2.082401e+02	4.000086e-02	
44.000000	16.000000	206.605463	948.726955	6.181908e-01	2.939422e-02	2.086955e+02	4.132356e-02	
44.000000	20.000000	201.275956	49.004108	5.965768e-01	3.600635e-02	2.089460e+02	5.064451e-02	
44.000000	24.000000	196.329677	335.885390	6.922473e-01	3.941720e-02	2.095480e+02	4.811878e-02	
44.000000	28.000000	194.088616	949.783548	6.025647e-01	2.607321e-02	2.096954e+02	4.126579e-02	
44.000000	32.000000	192.042259	197.950946	5.953812e-01	3.027391e-02	2.099745e+02	3.884851e-02	
44.000000	36.000000	189.783544	41.456315	6.001048e-01	3.020584e-02	2.105234e+02	4.106902e-02	
44.000000	40.000000	189.238379	10.815053	6.105498e-01	3.269159e-02	2.113787e+02	4.106079e-02	
44.000000	44.000000	191.311864	211.728048	5.846356e-01	2.552425e-02	2.117635e+02	4.133776e-02	
44.000000	48.000000	196.364165	6.382332	6.039426e-01	2.821118e-02	2.122462e+02	4.034721e-02	
44.000000	52.000000	203.808310	6.359978	5.737675e-01	2.547945e-02	2.122256e+02	3.977914e-02	
44.000000	56.000000	217.918911	162.423693	6.154951e-01	2.923922e-02	2.118594e+02	4.278641e-02	
44.000000	60.000000	243.456757	1057.966942	6.426073e-01	3.238971e-02	2.105988e+02	4.326830e-02	
48.000000	0.000000	276.729138	14.759412	6.147675e-01	3.621563e-02	2.079188e+02	5.408169e-02	
48.000000	4.000000	230.575657	870.602955	6.193260e-01	3.106299e-02	2.078842e+02	4.671125e-02	
48.000000	8.000000	228.365177	140.296370	6.410754e-01	3.428275e-02	2.073728e+02	4.293775e-02	
48.000000	12.000000	223.560379	68.176043	6.328159e-01	3.254873e-02	2.078305e+02	4.174252e-02	
48.000000	16.000000	217.325399	818.779122	6.605157e-01	3.406242e-02	2.080839e+02	4.408773e-02	
48.000000	20.000000	211.068971	67.033315	5.923223e-01	2.902761e-02	2.082900e+02	3.929654e-02	
48.000000	24.000000	205.820263	949.545391	6.312027e-01	2.968557e-02	2.088419e+02	4.511158e-02	
48.000000	28.000000	201.546968	0.506135	5.907227e-01	2.968214e-02	2.091895e+02	3.877148e-02	
48.000000	32.000000	200.780182	58.179047	5.985644e-01	2.945907e-02	2.094931e+02	4.049503e-02	
48.000000	36.000000	198.408325	61.774085	6.044385e-01	3.289669e-02	2.100454e+02	4.132816e-02	
48.000000	40.000000	197.863910	52.525978	5.759745e-01	2.842086e-02	2.107658e+02	3.804419e-02	
48.000000	44.000000	198.236584	12.251948	6.113108e-01	2.615095e-02	2.113263e+02	4.215401e-02	
48.000000	48.000000	201.664031	7.683670	5.689715e-01	3.457622e-02	2.119363e+02	4.802964e-02	
48.000000	52.000000	209.555634	37.854562	6.327590e-01	3.248861e-02	2.120374e+02	4.225559e-02	
48.000000	56.000000	222.437725	7.705470	5.879422e-01	2.664838e-02	2.117920e+02	4.497373e-02	
48.000000	60.000000	247.054899	41.747688	6.111113e-01	2.615219e-02	2.107371e+02	4.565230e-02	
52.000000	0.000000	282.786841	389.241771	6.448414e-01	3.653217e-02	2.085432e+02	4.468747e-02	
52.000000	4.000000	252.723682	185.068342	6.692140e-01	3.222720e-02	2.071870e+02	4.499419e-02	
52.000000	8.000000	249.032876	113.727507	6.337868e-01	3.072349e-02	2.068978e+02	4.255566e-02	
52.000000	12.000000	243.421651	861.795328	6.483652e-01	3.377547e-02	2.069228e+02	4.861564e-02	
52.000000	16.000000	236.111214	114.640386	6.313658e-01	3.532612e-02	2.073378e+02	4.206202e-02	
52.000000	20.000000	227.274440	116.136324	6.261931e-01	3.426062e-02	2.075952e+02	4.327837e-02	
52.000000	24.000000	220.731657	630.316468	5.856483e-01	2.881146e-02	2.082706e+02	3.885608e-02	
52.000000	28.000000	217.238179	400.322246	6.102720e-01	2.604164e-02	2.086969e+02	4.254774e-02	
52.000000	32.000000	213.429162	60.141471	5.923804e-01	3.214740e-02	2.089719e+02	4.243728e-02	
52.000000	36.000000	209.571907	94.562670	6.128338e-01	2.956779e-02	2.096863e+02	4.080682e-02	
52.000000	40.000000	207.674599	827.750083	6.390099e-01	3.414235e-02	2.104619e+02	4.318172e-02	
52.000000	44.000000	207.879159	239.595846	6.160753e-01	3.183670e-02	2.110123e+02	4.203350e-02	
52.000000	48.000000	210.823808	65.366748	6.034102e-01	2.800690e-02	2.117840e+02	5.091466e-02	
52.000000	52.000000	217.019544	0.774083	6.090180e-01	4.074053e-02	2.120100e+02	5.221807e-02	
52.000000	56.000000	228.870470	357.026995	6.387024e-01	2.660703e-02	2.116455e+02	4.578039e-02	
52.000000	60.000000	252.298861	15.811088	6.135972e-01	3.273690e-02	2.111226e+02	4.089430e-02	
56.000000	0.000000	289.275169	24.728894	6.056364e-01	3.132729e-02	2.089205e+02	3.984986e-02	
56.000000	4.000000	312.292906	171.062800	6.242135e-01	2.833325e-02	2.064140e+02	4.229571e-02	
56.000000	8.000000	306.781284	770.070491	5.399659e-01	3.129227e-02	2.060547e+02	3.509967e-02	
56.000000	12.000000	297.109277	356.391462	6.590189e-01	3.507154e-02	2.060764e+02	4.476092e-02	
56.000000	16.000000	283.655545	752.466619	5.878433e-01	2.838019e-02	2.065568e+02	3.937757e-02	
56.000000	20.000000	268.457146	783.348278	6.434169e-01	3.207340e-02	2.069978e+02	4.249247e-02	
56.000000	24.000000	256.855924	762.972605	5.636499e-01	2.780833e-02	2.073397e+02	3.783502e-02	
56.000000	28.000000	248.477044	654.079690	6.137767e-01	3.109896e-02	2.079549e+02	4.199138e-02	
56.000000	32.000000	240.203544	663.423073	6.721582e-01	3.245745e-02	2.084059e+02	4.607027e-02	
56.000000	36.000000	232.888148	716.465419	6.316141e-01	3.104692e-02	2.090671e+02	4.194401e-02	
56.000000	40.000000	227.086864	101.836698	5.956235e-01	3.092387e-02	2.095779e+02	4.057728e-02	
56.000000	44.000000	224.094901	65.056409	6.292543e-01	2.769379e-02	2.103937e+02	4.311209e-02	
56.000000	48.000000	224.408562	62.519124	6.191646e-01	3.141761e-02	2.109998e+02	4.122062e-02	
56.000000	52.000000	229.186819	636.158425	6.429393e-01	3.657908e-02	2.114182e+02	4.470123e-02	
56.000000	56.000000	240.872695	182.219090	6.185883e-01	2.846262e-02	2.115769e+02	4.126765e-02	
56.000000	60.000000	261.908559	64.500153	5.858116e-01	3.223595e-02	2.108735e+02	3.894076e-02	
60.000000	0.000000	297.773824	43.240850	6.536031e-01	2.849619e-02	2.095724e+02	4.579399e-02	
60.000000	4.000000	1374.192816	1499.339680	9.419675e+01	9.755059e+00	1.378580e+02	1.210619e+01	
60.000000	8.000000	1282.440167	611.345511	1.097674e+02	1.069273e+01	2.006990e+02	1.824449e+01	
60.000000	12.000000	1166.934778	1149.388607	1.568656e+02	2.671428e+01	1.773338e+02	4.162684e+01	
60.000000	16.000000	1045.679608	567.404977	8.296062e+00	1.373338e+01	3.850000e+02	2.259695e+00	
60.000000	20.000000	859.530960	558.485459	6.290697e+02	5.593841e+02	-7.622220e+02	8.114266e+02	
60.000000	24.000000	695.614871	488.765414	1.591381e+01	3.890281e+00	2.026487e+02	7.143047e+00	
60.000000	28.000000	586.638563	592.744600	6.166136e-01	3.361285e-02	2.132414e+02	4.183479e-02	
60.000000	32.000000	503.305230	338.039619	7.082429e-01	3.319313e-02	2.133253e+02	4.687277e-02	
60.000000	36.000000	415.620267	238.077282	6.904624e-01	3.485192e-02	2.131373e+02	4.605421e-02	
60.000000	40.000000	345.294152	740.803896	6.520980e-01	3.246283e-02	2.120044e+02	4.307675e-02	
60.000000	44.000000	298.482311	366.786918	6.958161e-01	3.480538e-02	2.108252e+02	4.658218e-02	
60.000000	48.000000	274.176052	193.939057	6.325202e-01	2.659678e-02	2.106450e+02	4.456655e-02	
60.000000	52.000000	266.286863	587.662413	6.217300e-01	2.656582e-02	2.106497e+02	4.299691e-02	
60.000000	56.000000	269.647085	841.026638	6.646232e-01	4.156932e-02	2.111825e+02	4.722883e-02	
60.000000	60.000000	286.257737	68.268238	5.866904e-01	2.997872e-02	2.110063e+02	3.809286e-02	
0.000000	0.000000	317.478788	749.630981	6.355688e-01	3.566372e-02	2.096323e+02	4.377179e-02	
