0.000000	4.000000	153.302918	13.797538	6.530394e-01	3.329519e-02	1.989607e+02	4.539568e-02	
0.000000	8.000000	153.310319	11.930921	6.380420e-01	3.166212e-02	1.984164e+02	4.229685e-02	
0.000000	12.000000	152.339096	6.699322	6.362773e-01	2.923503e-02	1.985573e+02	4.332606e-02	
0.000000	16.000000	148.977596	16.494246	5.836221e-01	2.899851e-02	1.988240e+02	4.990785e-02	
0.000000	20.000000	147.057698	6.184492	6.097357e-01	3.076258e-02	1.989399e+02	3.996413e-02	
0.000000	24.000000	147.055433	11.271898	5.576801e-01	2.971570e-02	1.992387e+02	3.689129e-02	
0.000000	28.000000	147.086297	6.072217	6.152045e-01	2.950861e-02	1.994522e+02	4.155629e-02	
0.000000	32.000000	147.049667	5.886646	6.393304e-01	3.844034e-02	1.995622e+02	4.379368e-02	
0.000000	36.000000	147.061618	30.209454	6.259110e-01	3.404787e-02	1.995853e+02	4.314129e-02	
0.000000	40.000000	148.381655	5.336866	6.215060e-01	2.727867e-02	1.996206e+02	4.233151e-02	
0.000000	44.000000	153.279414	183.537082	6.410267e-01	3.271958e-02	1.993207e+02	4.283041e-02	
0.000000	48.000000	159.551043	2.983629	6.071201e-01	2.884090e-02	1.988430e+02	4.056711e-02	
0.000000	52.000000	172.044319	5.377985	5.887004e-01	2.778379e-02	1.978619e+02	3.777852e-02	
0.000000	56.000000	187.144537	10.757450	5.806448e-01	2.578648e-02	1.952798e+02	3.932506e-02	
0.000000	60.000000	185.895963	12.928537	3.209398e+01	2.279400e+00	3.197671e+02	1.561734e+00	
4.000000	0.000000	178.306005	10.928477	5.880647e-01	3.000948e-02	4.563797e+02	3.996043e-02	
4.000000	4.000000	154.105161	121.080288	5.820454e-01	2.873526e-02	1.978787e+02	4.186755e-02	
4.000000	8.000000	153.300014	9.527948	6.030202e-01	2.800952e-02	1.975988e+02	4.062091e-02	
4.000000	12.000000	153.303551	14.178337	6.061315e-01	2.923132e-02	1.975000e+02	4.032503e-02	
4.000000	16.000000	153.307498	4.555098	6.923706e-01	3.381433e-02	1.978157e+02	4.687621e-02	
4.000000	20.000000	148.344741	15.038795	6.517372e-01	3.256076e-02	1.980131e+02	4.313080e-02	
4.000000	24.000000	147.044259	8.571531	6.585665e-01	3.291381e-02	1.980175e+02	4.391232e-02	
4.000000	28.000000	147.050189	16.989174	6.265941e-01	3.495015e-02	1.983570e+02	4.345170e-02	
4.000000	32.000000	147.059386	6.630020	6.356918e-01	2.646668e-02	1.983621e+02	4.403137e-02	
4.000000	36.000000	147.055821	5.584919	6.418251e-01	3.500281e-02	1.985946e+02	4.409451e-02	
4.000000	40.000000	151.561531	4.186728	7.157756e-01	4.934721e-02	1.986039e+02	5.207881e-02	
4.000000	44.000000	153.305764	4.051290	6.175097e-01	3.250753e-02	1.985236e+02	4.239830e-02	
4.000000	48.000000	159.535191	3.324598	6.351573e-01	3.046341e-02	1.978692e+02	4.390604e-02	
4.000000	52.000000	172.051783	43.445727	6.918436e-01	3.629662e-02	1.970629e+02	4.673310e-02	
4.000000	56.000000	189.087046	15.348991	5.995584e-01	2.811024e-02	1.947631e+02	3.999867e-02	
4.000000	60.000000	192.040806	11.215024	3.833278e+01	4.286345e+00	3.345633e+02	2.316315e+00	
8.000000	0.000000	179.570980	11.895990	5.549731e-01	3.062105e-02	4.562271e+02	3.678765e-02	
8.000000	4.000000	158.285942	136.446060	6.104158e-01	3.041603e-02	1.970782e+02	4.218374e-02	
8.000000	8.000000	156.859218	1107.171431	6.997711e-01	3.917238e-02	1.966790e+02	4.967583e-02	
8.000000	12.000000	153.696528	125.517159	6.316863e-01	3.448150e-02	1.964905e+02	4.354237e-02	
8.000000	16.000000	153.305682	11.682130	5.736397e-01	2.620160e-02	1.966865e+02	3.840558e-02	
8.000000	20.000000	153.304258	6.730385	6.035265e-01	3.054580e-02	1.969872e+02	3.974578e-02	
8.000000	24.000000	149.613891	17.922315	6.476238e-01	3.061478e-02	1.973527e+02	4.381097e-02	
8.000000	28.000000	148.291752	8.027265	6.619097e-01	3.785496e-02	1.974202e+02	4.388549e-02	
8.000000	32.000000	148.560417	6.902612	6.181936e-01	3.304877e-02	1.975853e+02	4.259427e-02	
8.000000	36.000000	151.111136	18.354213	6.314608e-01	2.838361e-02	1.977310e+02	4.322105e-02	
8.000000	40.000000	153.298584	4.692020	6.324269e-01	3.347751e-02	1.977316e+02	4.217133e-02	
8.000000	44.000000	154.607531	124.237770	6.611952e-01	2.957188e-02	1.976345e+02	4.408765e-02	
8.000000	48.000000	161.388858	161.025358	5.932792e-01	2.959804e-02	1.971839e+02	3.903002e-02	
8.000000	52.000000	172.057288	104.273323	6.504684e-01	3.899942e-02	1.963251e+02	4.591918e-02	
8.000000	56.000000	189.198797	10.786003	5.935377e-01	3.042756e-02	1.946018e+02	4.039795e-02	
8.000000	60.000000	195.016596	8.914704	5.023526e+02	2.199993e+02	1.836702e+03	1.323631e+03	
12.000000	0.000000	184.553781	12.422137	6.347418e-01	2.845419e-02	4.564210e+02	4.333030e-02	
12.000000	4.000000	159.555412	14.326447	6.224040e-01	2.895197e-02	1.962898e+02	3.889443e-02	
12.000000	8.000000	159.557231	10.094745	6.108026e-01	3.046272e-02	1.959594e+02	4.000967e-02	
12.000000	12.000000	157.966190	565.453561	5.609482e-01	2.659721e-02	1.958321e+02	4.092848e-02	
12.000000	16.000000	154.634848	11.524566	6.559791e-01	3.263635e-02	1.959301e+02	4.338857e-02	
12.000000	20.000000	153.300027	12.110826	5.619399e-01	2.561956e-02	1.962177e+02	3.821601e-02	
12.000000	24.000000	153.295208	5.773536	6.103513e-01	2.783188e-02	1.963863e+02	4.086665e-02	
12.000000	28.000000	152.066206	7.162066	6.280850e-01	2.888153e-02	1.964911e+02	4.160541e-02	
12.000000	32.000000	152.137958	5.380241	6.041994e-01	2.767777e-02	1.967819e+02	4.074883e-02	
12.000000	36.000000	153.292731	5.376981	5.759244e-01	3.071003e-02	1.968452e+02	5.170199e-02	
12.000000	40.000000	153.302486	18.232424	6.003354e-01	3.081738e-02	1.969745e+02	4.045585e-02	
12.000000	44.000000	158.795986	5.395402	6.338860e-01	3.110543e-02	1.970853e+02	4.345623e-02	
12.000000	48.000000	164.855902	4.253785	6.418703e-01	3.425136e-02	1.965752e+02	4.390916e-02	
12.000000	52.000000	172.044351	4.951984	6.038166e-01	2.961435e-02	1.959079e+02	4.015422e-02	
12.000000	56.000000	189.850980	7.522142	6.235502e-01	3.109972e-02	1.940820e+02	4.100345e-02	
12.000000	60.000000	197.565190	10.643346	5.777579e-01	2.957266e-02	4.603252e+02	3.961743e-02	
16.000000	0.000000	190.805587	11.444035	6.238593e-01	3.089611e-02	4.561876e+02	4.114493e-02	
16.000000	4.000000	160.772072	11.275112	6.427689e-01	3.048202e-02	1.953475e+02	4.336035e-02	
16.000000	8.000000	159.555681	10.673755	6.774472e-01	3.328280e-02	1.950884e+02	4.348365e-02	
16.000000	12.000000	159.586133	14.713652	6.491900e-01	3.327047e-02	1.950137e+02	4.385481e-02	
16.000000	16.000000	158.722421	7.627323	6.336165e-01	3.109431e-02	1.953641e+02	4.252159e-02	
16.000000	20.000000	154.631113	628.451856	5.871416e-01	2.749937e-02	1.954002e+02	3.943435e-02	
16.000000	24.000000	153.305908	13.457975	5.806448e-01	2.578794e-02	1.957202e+02	3.932720e-02	
16.000000	28.000000	153.303941	12.277862	5.971960e-01	3.066927e-02	1.959102e+02	3.911596e-02	
16.000000	32.000000	153.298434	13.022268	5.693615e-01	3.102244e-02	1.961256e+02	3.725692e-02	
16.000000	36.000000	153.309611	14.765263	6.001038e-01	2.899126e-02	1.961587e+02	3.975350e-02	
16.000000	40.000000	153.717920	158.104385	6.605840e-01	3.541912e-02	1.963248e+02	4.418225e-02	
16.000000	44.000000	159.538532	7.303134	5.601225e-01	2.501043e-02	1.964624e+02	3.695535e-02	
16.000000	48.000000	165.805296	7.544181	6.103418e-01	3.049946e-02	1.960491e+02	3.990714e-02	
16.000000	52.000000	173.257021	6.840101	6.177836e-01	3.088449e-02	1.953632e+02	4.135512e-02	
16.000000	56.000000	190.793494	6.910541	5.985716e-01	2.767246e-02	1.937873e+02	4.014986e-02	
16.000000	60.000000	202.379483	178.465259	3.042263e+02	1.566531e+02	6.935789e+02	2.442885e+02	
20.000000	0.000000	195.816301	11.958504	6.124171e-01	3.203654e-02	4.565567e+02	4.210427e-02	
20.000000	4.000000	164.895662	12.891042	5.636109e-01	2.573072e-02	1.947582e+02	3.801869e-02	
20.000000	8.000000	164.048982	10.562084	6.193812e-01	3.281645e-02	1.945142e+02	4.263658e-02	
20.000000	12.000000	160.928685	11.177756	6.502142e-01	3.127530e-02	1.942825e+02	4.316305e-02	
20.000000	16.000000	159.552849	11.543300	6.044799e-01	2.948663e-02	1.944747e+02	4.075059e-02	
20.000000	20.000000	159.552212	8.052416	5.801979e-01	2.593158e-02	1.947329e+02	3.945453e-02	
20.000000	24.000000	155.409469	1067.517523	5.999524e-01	3.611943e-02	1.950411e+02	4.444385e-02	
20.000000	28.000000	153.829956	8.801325	6.350326e-01	3.241710e-02	1.949817e+02	4.296173e-02	
20.000000	32.000000	153.299433	8.740732	6.015710e-01	2.913829e-02	1.952896e+02	4.003130e-02	
20.000000	36.000000	154.503767	607.317344	5.640207e-01	2.623848e-02	1.954458e+02	3.830344e-02	
20.000000	40.000000	158.813359	86.396409	5.975194e-01	3.073376e-02	1.955966e+02	4.057553e-02	
20.000000	44.000000	158.761715	6.747290	6.336172e-01	3.496082e-02	1.955242e+02	4.295546e-02	
20.000000	48.000000	165.798719	8.839981	5.969136e-01	3.163778e-02	1.952807e+02	3.955350e-02	
20.000000	52.000000	176.689804	7.054738	6.277174e-01	3.322929e-02	1.948167e+02	4.155633e-02	
20.000000	56.000000	190.800072	9.161526	5.805226e-01	3.031957e-02	1.932151e+02	3.830051e-02	
20.000000	60.000000	203.818699	9.883162	5.885870e-01	2.850878e-02	4.598722e+02	4.206098e-02	
24.000000	0.000000	198.202057	828.234865	6.240995e-01	2.906142e-02	4.561767e+02	4.243837e-02	
24.000000	4.000000	165.799138	14.506682	5.810307e-01	2.553505e-02	1.937448e+02	3.990782e-02	
24.000000	8.000000	165.803777	17.802382	6.564684e-01	3.836956e-02	1.933394e+02	4.438782e-02	
24.000000	12.000000	164.917344	14.182898	6.212926e-01	3.176459e-02	1.932938e+02	4.128310e-02	
24.000000	16.000000	163.201298	20.453294	6.112394e-01	2.582831e-02	1.933064e+02	4.281871e-02	
24.000000	20.000000	159.546651	12.020656	6.166524e-01	3.053527e-02	1.939126e+02	4.293211e-02	
24.000000	24.000000	159.558877	11.469752	6.363416e-01	2.953523e-02	1.942163e+02	4.297438e-02	
24.000000	28.000000	158.612540	176.769082	6.739249e-01	4.239587e-02	1.943462e+02	4.813407e-02	
24.000000	32.000000	157.868347	119.374689	6.037936e-01	2.778448e-02	1.948225e+02	4.250229e-02	
24.000000	36.000000	158.586199	7.407495	6.700215e-01	3.425060e-02	1.948583e+02	5.351898e-02	
24.000000	40.000000	159.556594	19.467731	5.970511e-01	3.034489e-02	1.951369e+02	3.915333e-02	
24.000000	44.000000	162.680798	19.618514	5.737724e-01	2.907417e-02	1.951236e+02	3.733880e-02	
24.000000	48.000000	167.028293	129.496035	5.823823e-01	2.732407e-02	1.948106e+02	4.582639e-02	
24.000000	52.000000	178.308534	6.005147	5.619986e-01	3.247576e-02	1.942191e+02	3.761921e-02	
24.000000	56.000000	190.802043	16.196807	6.031297e-01	3.042264e-02	1.929851e+02	3.958130e-02	
24.000000	60.000000	200.244340	10.631895	9.204906e-01	1.861098e+02	4.601136e+02	5.863875e+00	
28.000000	0.000000	204.543132	17.198252	6.186542e-01	3.276612e-02	4.564668e+02	4.258529e-02	
28.000000	4.000000	171.054442	148.085667	6.609235e-01	3.430575e-02	1.932959e+02	4.418949e-02	
28.000000	8.000000	170.025945	991.996626	5.782736e-01	2.625862e-02	1.927979e+02	4.249423e-02	
28.000000	12.000000	167.062185	13.780618	6.176044e-01	2.832172e-02	1.925873e+02	4.169427e-02	
28.000000	16.000000	165.798834	16.539355	6.383288e-01	2.983875e-02	1.927975e+02	5.065173e-02	
28.000000	20.000000	164.256156	10.359295	5.741691e-01	2.859417e-02	1.933217e+02	3.828357e-02	
28.000000	24.000000	160.063669	8.128785	6.227427e-01	2.917698e-02	1.934400e+02	4.207097e-02	
28.000000	28.000000	159.549916	11.480189	6.289493e-01	3.034506e-02	1.937563e+02	4.187573e-02	
28.000000	32.000000	159.555528	14.871640	6.452976e-01	3.012249e-02	1.938165e+02	4.605280e-02	
28.000000	36.000000	159.555352	12.108984	5.720816e-01	3.303026e-02	1.941563e+02	3.829331e-02	
28.000000	40.000000	160.942235	8.785707	6.250078e-01	3.411742e-02	1.942213e+02	4.183713e-02	
28.000000	44.000000	165.804156	8.982800	6.387623e-01	3.671584e-02	1.944039e+02	4.309775e-02	
28.000000	48.000000	171.335240	125.569731	6.085611e-01	3.028984e-02	1.943498e+02	4.059734e-02	
28.000000	52.000000	178.295180	14.640161	6.077323e-01	2.661320e-02	1.937551e+02	4.690817e-02	
28.000000	56.000000	190.004839	8.084180	3.042402e+02	1.629963e+02	2.409310e+02	2.236677e+02	
28.000000	60.000000	208.620600	11.101155	6.102517e-01	2.814707e-02	4.598192e+02	4.389767e-02	
32.000000	0.000000	211.129261	1026.308784	6.616602e-01	4.276062e-02	4.567616e+02	4.834168e-02	
32.000000	4.000000	172.533029	12.178735	6.205462e-01	3.321238e-02	1.924336e+02	4.276354e-02	
32.000000	8.000000	170.939875	15.499521	5.867638e-01	3.232301e-02	1.920543e+02	4.414817e-02	
32.000000	12.000000	170.436831	18.245445	4.316975e+01	8.836957e+00	3.203557e+02	3.252654e+00	
32.000000	16.000000	170.156962	949.416350	5.836421e-01	3.004506e-02	1.920404e+02	3.896418e-02	
32.000000	20.000000	165.799499	15.292697	5.985045e-01	3.006067e-02	1.923537e+02	4.004794e-02	
32.000000	24.000000	165.802031	12.153788	5.861674e-01	2.696818e-02	1.928020e+02	4.597445e-02	
32.000000	28.000000	164.569974	13.098716	5.649875e-01	3.033398e-02	1.930017e+02	3.723674e-02	
32.000000	32.000000	163.674868	19.626748	6.111068e-01	2.910910e-02	1.931771e+02	4.071719e-02	
32.000000	36.000000	164.028934	19.838174	6.432608e-01	3.639894e-02	1.934377e+02	4.458426e-02	
32.000000	40.000000	165.055021	9.665389	6.385313e-01	3.621494e-02	1.936104e+02	4.439993e-02	
32.000000	44.000000	166.149403	10.287531	6.036624e-01	3.020214e-02	1.938570e+02	3.956483e-02	
32.000000	48.000000	172.064499	20.008972	5.607890e-01	2.613363e-02	1.938201e+02	3.981560e-02	
32.000000	52.000000	179.464081	791.803855	5.868372e-01	2.936182e-02	1.933874e+02	4.017150e-02	
32.000000	56.000000	195.484673	985.653377	1.200913e+01	2.775159e+02	2.029760e+02	5.276091e+03	
32.000000	60.000000	209.554135	11.074339	5.861090e-01	2.566473e-02	4.597177e+02	3.983918e-02	
36.000000	0.000000	220.844665	11.798933	6.368146e-01	2.854381e-02	4.567321e+02	4.367249e-02	
36.000000	4.000000	176.727223	22.210529	4.916110e+02	2.203321e+02	1.803825e+03	1.261083e+03	
36.000000	8.000000	176.201910	22.486821	4.017574e+02	1.875843e+02	-1.040592e+03	1.220438e+03	
36.000000	12.000000	176.262023	18.746340	7.785817e+02	1.043813e+03	2.130812e+03	4.744753e+03	
36.000000	16.000000	169.927468	18.075369	2.342712e+01	5.194018e-01	3.213166e+02	7.705265e-01	
36.000000	20.000000	170.496232	14.041489	6.189821e+02	3.351465e+02	6.308448e+02	5.747443e+02	
36.000000	24.000000	167.301107	820.826878	1.195549e+02	1.413118e+02	1.963519e+02	1.768162e+03	
36.000000	28.000000	164.789771	10.468949	6.002622e-01	2.576448e-02	1.922843e+02	4.199493e-02	
36.000000	32.000000	165.794541	28.181624	6.459118e-01	3.699327e-02	1.923526e+02	4.472240e-02	
36.000000	36.000000	165.813822	17.536148	6.382479e-01	2.838619e-02	1.927328e+02	4.435776e-02	
36.000000	40.000000	167.174661	254.669546	6.279438e-01	3.078099e-02	1.928966e+02	4.433818e-02	
36.000000	44.000000	170.451578	462.717636	6.458398e-01	3.145083e-02	1.931037e+02	4.470483e-02	
36.000000	48.000000	175.630820	19.521907	5.680105e-01	3.042471e-02	1.930946e+02	3.691294e-02	
36.000000	52.000000	183.321187	128.144176	5.593494e-01	3.107489e-02	1.928724e+02	4.862273e-02	
36.000000	56.000000	195.372392	9.801249	4.344656e+02	9.410426e+01	-1.309111e+03	5.672124e+02	
36.000000	60.000000	209.551963	15.343373	6.571487e-01	3.100522e-02	4.594916e+02	4.532149e-02	
40.000000	0.000000	228.305355	18.595979	6.463351e-01	2.898821e-02	4.566971e+02	4.435999e-02	
40.000000	4.000000	180.164143	20.304782	7.031363e+02	3.097020e+02	2.700654e+03	2.003246e+03	
40.000000	8.000000	177.708050	849.292386	9.134942e+02	7.118471e+02	2.423582e+03	1.143156e+03	
40.000000	12.000000	173.490821	754.982016	7.729863e+02	6.770991e+02	-1.301470e+03	3.448989e+03	
40.000000	16.000000	173.413303	18.354362	4.374370e+02	1.254156e+02	2.043157e+03	8.850310e+02	
40.000000	20.000000	173.062894	26.515871	1.339549e+03	8.634451e+02	2.408578e+03	1.658690e+03	
40.000000	24.000000	170.392469	15.304554	2.928413e+01	1.836753e+00	3.166486e+02	1.346208e+00	
40.000000	28.000000	178.059240	14.783821	2.120469e+01	3.665368e-01	3.250277e+02	3.270408e-01	
40.000000	32.000000	170.403186	482.561040	2.720317e+02	2.857717e+02	1.447525e+02	9.849027e+02	
40.000000	36.000000	170.449522	13.982169	3.067141e+02	6.045226e+01	-7.978542e+02	4.029957e+02	
40.000000	40.000000	171.206956	17.943501	6.120777e-01	2.726774e-02	1.926279e+02	4.149727e-02	
40.000000	44.000000	172.555379	11.961660	5.978336e-01	2.554503e-02	1.927383e+02	4.256460e-02	
40.000000	48.000000	178.305363	19.183539	6.553729e-01	3.666917e-02	1.925152e+02	4.465897e-02	
40.000000	52.000000	183.317725	11.849550	3.030343e+02	1.684638e+02	-4.797139e+01	2.510950e+02	
40.000000	56.000000	194.803740	12.442293	3.260855e+01	2.059367e+00	3.159073e+02	1.483293e+00	
40.000000	60.000000	211.142660	993.573981	6.164411e-01	3.370319e-02	4.596557e+02	4.250244e-02	
44.000000	0.000000	235.208552	16.057499	5.629163e-01	2.902840e-02	4.570767e+02	3.653512e-02	
44.000000	4.000000	183.829107	26.554996	5.605353e-01	2.814448e-02	4.592050e+02	3.688132e-02	
44.000000	8.000000	182.960320	23.074910	6.027408e-01	3.307019e-02	4.590221e+02	4.201264e-02	
44.000000	12.000000	179.558360	25.893817	5.969496e-01	2.952234e-02	4.590872e+02	3.933428e-02	
44.000000	16.000000	178.288707	22.776735	6.270917e-01	3.170674e-02	4.589389e+02	4.388711e-02	
44.000000	20.000000	173.018430	993.274097	1.583212e+00	5.146464e+02	4.578761e+02	7.278079e+01	
44.000000	24.000000	173.839450	25.128816	5.363507e+02	1.616747e+02	2.363896e+03	9.980930e+02	
44.000000	28.000000	174.299472	16.066647	1.334860e+03	1.102682e+03	5.456695e+02	1.604996e+03	
44.000000	32.000000	175.463473	26.336786	2.349140e+01	5.996444e-01	3.253703e+02	4.066227e-01	
44.000000	36.000000	174.583177	26.393326	1.952836e+01	2.812771e-01	3.220592e+02	7.342423e-01	
44.000000	40.000000	178.448092	19.602187	5.359952e-01	3.393540e-02	1.920117e+02	3.927268e-02	
44.000000	44.000000	177.447491	17.434993	3.257229e+00	1.641467e+02	1.998023e+02	5.192768e+02	
44.000000	48.000000	197.865684	585.410395	3.814430e+02	7.137846e+01	-1.131221e+03	5.398194e+02	
44.000000	52.000000	189.249389	12.397151	9.506842e+00	4.136895e+02	2.168860e+02	4.226582e+03	
44.000000	56.000000	201.471278	9.388971	2.177013e+01	3.997241e-01	3.266005e+02	4.555491e-01	
44.000000	60.000000	215.038500	12.389884	6.172389e-01	3.045637e-02	4.594892e+02	4.168076e-02	
48.000000	0.000000	240.807170	14.345975	5.100855e-01	2.700624e-02	4.572255e+02	3.428528e-02	
48.000000	4.000000	191.425833	26.205957	5.860346e-01	2.936313e-02	4.583964e+02	3.945810e-02	
48.000000	8.000000	189.909578	22.873481	5.907558e-01	2.989364e-02	4.580555e+02	3.950659e-02	
48.000000	12.000000	189.089810	862.425812	5.526218e-01	2.976980e-02	4.582307e+02	3.719886e-02	
48.000000	16.000000	185.441426	25.612681	6.773372e-01	3.646213e-02	4.581935e+02	4.535896e-02	
48.000000	20.000000	182.806611	24.300430	6.024599e-01	3.141684e-02	4.586224e+02	4.136596e-02	
48.000000	24.000000	178.925948	30.299476	6.037838e-01	3.065503e-02	4.589828e+02	3.960526e-02	
48.000000	28.000000	177.073120	658.948763	3.038416e+02	2.570395e+02	7.424968e+02	2.244479e+02	
48.000000	32.000000	175.384571	1053.031832	7.093751e+01	3.555900e+02	3.853247e+02	4.729486e+02	
48.000000	36.000000	175.160314	1054.812875	2.594389e+01	2.356534e+00	3.240544e+02	8.938642e-01	
48.000000	40.000000	179.814636	1048.511088	4.507324e+02	4.221860e+02	-9.585454e+02	2.552035e+03	
48.000000	44.000000	182.454313	17.167847	4.202250e+02	1.155599e+02	-1.212610e+03	8.178390e+02	
48.000000	48.000000	186.358054	21.906671	3.211744e+02	5.672768e+01	-9.033750e+02	3.876824e+02	
48.000000	52.000000	200.734687	785.511142	9.961651e+02	1.000153e+03	-2.161500e+01	1.837886e+03	
48.000000	56.000000	196.751874	725.883124	8.798594e+02	9.210802e+02	-2.419561e+03	3.986840e+03	
48.000000	60.000000	217.221066	19.628326	6.178747e-01	3.063724e-02	4.589464e+02	4.058072e-02	
52.000000	0.000000	246.162500	20.352092	5.721799e-01	2.665158e-02	4.573620e+02	3.846545e-02	
52.000000	4.000000	204.138839	29.679297	6.766231e-01	3.312978e-02	4.571636e+02	4.540677e-02	
52.000000	8.000000	201.706467	189.624105	6.192020e-01	2.905495e-02	4.568298e+02	4.197189e-02	
52.000000	12.000000	199.168911	1016.484324	5.625595e-01	2.968187e-02	4.571300e+02	3.654466e-02	
52.000000	16.000000	195.906834	27.243046	5.718499e-01	2.691444e-02	4.574458e+02	3.874002e-02	
52.000000	20.000000	191.964098	34.406235	6.587700e-01	3.089321e-02	4.577201e+02	4.397609e-02	
52.000000	24.000000	189.247046	758.175894	6.546281e-01	3.288109e-02	4.581591e+02	4.330824e-02	
52.000000	28.000000	185.846062	194.432624	6.062678e-01	3.103746e-02	4.585000e+02	4.161807e-02	
52.000000	32.000000	183.671523	29.309644	5.688482e-01	3.049519e-02	4.589585e+02	3.928488e-02	
52.000000	36.000000	184.127531	23.551798	2.480802e+02	2.393616e+02	7.875328e+02	1.858537e+02	
52.000000	40.000000	185.120468	19.654518	2.777574e+02	4.512804e+01	1.247475e+03	3.179108e+02	
52.000000	44.000000	185.964708	24.947850	5.668293e-01	2.807510e-02	4.597439e+02	4.050695e-02	
52.000000	48.000000	191.822910	471.030035	4.203628e+02	1.189206e+02	1.910653e+03	8.062765e+02	
52.000000	52.000000	197.734606	11.190144	2.192775e+01	1.266993e+00	3.277893e+02	1.221757e+00	
52.000000	56.000000	202.809951	21.324071	5.735967e-01	3.204989e-02	4.598458e+02	3.848493e-02	
52.000000	60.000000	223.584711	17.018375	6.091098e-01	3.087323e-02	4.590644e+02	3.995351e-02	
56.000000	0.000000	251.727223	799.603388	5.852521e-01	2.830615e-02	4.574573e+02	3.924842e-02	
56.000000	4.000000	225.534459	977.052819	6.569604e-01	3.350154e-02	4.560004e+02	4.446885e-02	
56.000000	8.000000	223.320925	774.121566	6.100888e-01	3.126384e-02	4.559568e+02	4.025693e-02	
56.000000	12.000000	220.785157	50.826776	5.733889e-01	2.774783e-02	4.558392e+02	3.810213e-02	
56.000000	16.000000	217.193733	48.905415	5.989104e-01	3.105914e-02	4.560187e+02	4.059889e-02	
56.000000	20.000000	211.019793	866.721632	6.392165e-01	3.075997e-02	4.565172e+02	4.348022e-02	
56.000000	24.000000	206.183269	58.460648	5.668064e-01	3.163121e-02	4.571606e+02	3.741200e-02	
56.000000	28.000000	201.791124	478.922023	5.854760e-01	2.855717e-02	4.574439e+02	4.001646e-02	
56.000000	32.000000	199.086066	974.038960	6.048781e-01	2.555049e-02	4.577187e+02	4.280563e-02	
56.000000	36.000000	198.299077	287.210118	5.719034e-01	2.810866e-02	4.583593e+02	3.907070e-02	
56.000000	40.000000	197.719433	27.974981	6.714758e-01	3.359732e-02	4.587694e+02	4.475535e-02	
56.000000	44.000000	198.592573	201.080046	5.666835e-01	3.661051e-02	4.590987e+02	4.052932e-02	
56.000000	48.000000	201.512977	886.008229	6.367589e-01	3.553246e-02	4.594237e+02	4.404889e-02	
56.000000	52.000000	206.109695	30.935456	2.486966e+02	2.374477e+02	6.316565e+02	1.898198e+02	
56.000000	56.000000	215.798994	24.177174	5.892323e-01	3.094923e-02	4.593179e+02	3.943358e-02	
56.000000	60.000000	232.827727	23.763233	6.032379e-01	2.567994e-02	4.587087e+02	4.208378e-02	
60.000000	0.000000	259.552209	19.556509	6.023711e-01	2.731553e-02	4.573751e+02	4.052251e-02	
60.000000	4.000000	306.208155	245.442503	6.185214e-01	3.304405e-02	4.553372e+02	4.103729e-02	
60.000000	8.000000	302.032257	769.394860	6.030758e-01	3.062286e-02	4.550192e+02	3.950236e-02	
60.000000	12.000000	296.514566	477.238028	6.365680e-01	3.028669e-02	4.553428e+02	4.271422e-02	
60.000000	16.000000	287.183135	826.740168	6.190528e-01	2.799729e-02	4.553995e+02	4.197149e-02	
60.000000	20.000000	275.761463	839.876839	5.853873e-01	2.897843e-02	4.559018e+02	3.925308e-02	
60.000000	24.000000	263.312270	858.223404	6.053912e-01	3.036044e-02	4.565213e+02	4.093285e-02	
60.000000	28.000000	254.918216	153.557583	5.560971e-01	2.517915e-02	4.574623e+02	3.814903e-02	
60.000000	32.000000	247.321212	674.799143	6.119854e-01	3.251318e-02	4.573979e+02	4.172338e-02	
60.000000	36.000000	240.989046	643.679897	6.267120e-01	2.971614e-02	4.573188e+02	4.201026e-02	
60.000000	40.000000	235.014181	645.507606	5.770484e-01	3.026484e-02	4.577790e+02	3.801997e-02	
60.000000	44.000000	231.666435	106.899648	5.852240e-01	2.898928e-02	4.584015e+02	4.006293e-02	
60.000000	48.000000	230.153443	86.147738	5.935370e-01	2.923160e-02	4.583036e+02	3.942830e-02	
60.000000	52.000000	232.540310	69.985305	6.070232e-01	3.039918e-02	4.583537e+02	4.059874e-02	
60.000000	56.000000	239.437694	190.197331	6.045603e-01	3.067748e-02	4.580986e+02	3.963589e-02	
60.000000	60.000000	254.552285	40.141647	6.271047e-01	3.455223e-02	4.577646e+02	4.206188e-02	
0.000000	0.000000	278.998785	29.599809	6.010339e-01	3.161871e-02	4.569534e+02	4.286578e-02	
