0.000000	4.000000	159.554743	4.589196	5.719034e-01	2.810878e-02	2.046407e+02	3.907049e-02	
0.000000	8.000000	159.548615	3.853930	5.484510e-01	2.509706e-02	2.046042e+02	3.766806e-02	
0.000000	12.000000	153.302084	28.396137	6.154608e-01	2.852375e-02	2.045822e+02	4.116153e-02	
0.000000	16.000000	152.323200	16.305431	6.196590e-01	3.726509e-02	2.047765e+02	4.371051e-02	
0.000000	20.000000	147.056005	2.080773	5.723934e-01	2.799214e-02	2.046272e+02	3.921313e-02	
0.000000	24.000000	147.045543	141.162380	5.889745e-01	2.958985e-02	2.046321e+02	3.951340e-02	
0.000000	28.000000	147.054143	1.406688	5.817215e-01	2.927914e-02	2.046412e+02	3.986159e-02	
0.000000	32.000000	145.480066	4.485014	5.442956e-01	2.434431e-02	2.045160e+02	3.748056e-02	
0.000000	36.000000	145.361732	23.248037	6.173283e-01	2.788608e-02	2.047768e+02	4.268784e-02	
0.000000	40.000000	147.054203	1.159422	6.187563e-01	2.638690e-02	2.046589e+02	4.281606e-02	
0.000000	44.000000	152.060996	7.351642	5.762834e-01	3.040660e-02	2.042429e+02	3.818689e-02	
0.000000	48.000000	160.185716	1.583096	5.664035e-01	2.818947e-02	2.043209e+02	3.788673e-02	
0.000000	52.000000	183.385360	3.207609	5.901221e-01	2.776893e-02	2.041957e+02	4.839872e-02	
0.000000	56.000000	197.055379	5.615463	5.135750e-01	2.882252e-02	2.009067e+02	3.434723e-02	
0.000000	60.000000	185.081068	7.742626	5.139857e-01	2.185762e-02	1.954293e+02	3.594713e-02	
4.000000	0.000000	178.302182	7.736365	6.131647e-01	2.947357e-02	1.928014e+02	4.068618e-02	
4.000000	4.000000	163.468099	237.629898	5.917324e-01	2.891877e-02	2.041182e+02	3.960120e-02	
4.000000	8.000000	159.551349	3.016770	4.984465e-01	2.047700e-02	2.045572e+02	3.552291e-02	
4.000000	12.000000	155.444214	942.367472	6.646852e-01	4.069987e-02	2.046425e+02	4.707775e-02	
4.000000	16.000000	153.303786	197.163247	5.548509e-01	2.554546e-02	2.044102e+02	3.807799e-02	
4.000000	20.000000	151.420064	26.560062	5.964487e-01	3.003029e-02	2.045566e+02	4.097859e-02	
4.000000	24.000000	147.045223	2.305790	5.848063e-01	2.912819e-02	2.043916e+02	4.011359e-02	
4.000000	28.000000	147.054721	268.527580	5.474824e-01	2.426515e-02	2.044952e+02	3.776436e-02	
4.000000	32.000000	147.059702	1.857949	5.641692e-01	2.704719e-02	2.045839e+02	3.860764e-02	
4.000000	36.000000	147.054730	37.386474	5.905323e-01	2.740925e-02	2.048000e+02	4.764493e-02	
4.000000	40.000000	147.038971	14.420510	6.214967e-01	3.327936e-02	2.044431e+02	4.283104e-02	
4.000000	44.000000	153.301711	1.097127	5.507794e-01	2.461867e-02	2.044810e+02	3.794179e-02	
4.000000	48.000000	162.007181	45.861555	5.272522e-01	2.487342e-02	2.043176e+02	3.622049e-02	
4.000000	52.000000	183.711116	3.692507	5.340935e-01	2.890740e-02	2.041601e+02	3.454432e-02	
4.000000	56.000000	203.302237	152.697788	6.036642e-01	2.934455e-02	2.011790e+02	3.999729e-02	
4.000000	60.000000	190.802264	11.414282	6.113299e-01	3.098707e-02	1.960344e+02	4.017577e-02	
8.000000	0.000000	178.786408	6.358391	6.320973e-01	2.929815e-02	1.926933e+02	4.261053e-02	
8.000000	4.000000	165.805400	92.521149	5.507168e-01	2.855257e-02	2.041777e+02	3.600797e-02	
8.000000	8.000000	160.847128	54.562612	5.677536e-01	3.426047e-02	2.041182e+02	3.879565e-02	
8.000000	12.000000	159.552140	3.815691	5.841018e-01	2.906331e-02	2.045463e+02	3.955699e-02	
8.000000	16.000000	153.943819	25.172521	5.769137e-01	2.713845e-02	2.044455e+02	3.884990e-02	
8.000000	20.000000	153.305441	2.208647	5.583014e-01	2.622106e-02	2.044448e+02	3.806776e-02	
8.000000	24.000000	151.652872	1.770198	6.272012e-01	3.071951e-02	2.044808e+02	4.261415e-02	
8.000000	28.000000	148.290887	47.518530	5.937194e-01	3.001390e-02	2.044014e+02	4.068514e-02	
8.000000	32.000000	147.085975	26.193216	5.150062e-01	2.253197e-02	2.046105e+02	3.583663e-02	
8.000000	36.000000	147.057217	1.733321	5.674062e-01	2.568062e-02	2.047707e+02	3.879382e-02	
8.000000	40.000000	149.119258	244.796143	6.624702e-01	3.367984e-02	2.049694e+02	4.551077e-02	
8.000000	44.000000	153.298578	1.264298	5.515424e-01	2.996491e-02	2.047904e+02	3.634768e-02	
8.000000	48.000000	165.043506	24.725076	5.552811e-01	2.514777e-02	2.044762e+02	3.827828e-02	
8.000000	52.000000	184.552982	3.552024	5.232732e-01	3.433238e-02	2.040075e+02	3.712886e-02	
8.000000	56.000000	203.308714	189.405077	6.224385e-01	2.919427e-02	2.014909e+02	4.135826e-02	
8.000000	60.000000	195.291602	873.692081	6.010745e-01	3.042671e-02	1.965329e+02	4.123048e-02	
12.000000	0.000000	184.555350	5.459168	5.686075e-01	2.887021e-02	1.926919e+02	3.873065e-02	
12.000000	4.000000	167.056207	149.929715	5.023551e-01	3.669368e-02	2.039784e+02	3.880095e-02	
12.000000	8.000000	164.036780	4.775532	5.690147e-01	2.782437e-02	2.038607e+02	3.798374e-02	
12.000000	12.000000	159.557215	3.536197	5.743718e-01	2.795854e-02	2.041904e+02	3.790961e-02	
12.000000	16.000000	157.845929	581.317531	6.363261e-01	3.257035e-02	2.044101e+02	4.280882e-02	
12.000000	20.000000	153.296042	2.856033	5.090162e-01	2.488332e-02	2.042768e+02	3.497603e-02	
12.000000	24.000000	153.301267	2.303551	6.193486e-01	3.431587e-02	2.042843e+02	4.128922e-02	
12.000000	28.000000	152.575091	2.045986	5.414341e-01	2.486098e-02	2.043731e+02	3.688156e-02	
12.000000	32.000000	151.505341	25.322756	5.923053e-01	2.774734e-02	2.046048e+02	3.993893e-02	
12.000000	36.000000	151.689812	206.322574	5.975969e-01	4.028506e-02	2.049020e+02	4.329380e-02	
12.000000	40.000000	153.299947	1.487810	5.945053e-01	3.424170e-02	2.050959e+02	4.092092e-02	
12.000000	44.000000	154.999659	782.481575	5.042846e-01	3.033243e-02	2.048743e+02	3.193380e-02	
12.000000	48.000000	165.796582	164.483491	5.206898e-01	2.697924e-02	2.048231e+02	3.419176e-02	
12.000000	52.000000	184.551821	3.812854	5.314853e-01	2.917945e-02	2.040828e+02	3.410958e-02	
12.000000	56.000000	209.553956	6.332356	5.364766e-01	2.746736e-02	2.021282e+02	3.764111e-02	
12.000000	60.000000	197.923627	9.484559	6.047537e-01	3.551343e-02	1.972095e+02	4.130841e-02	
16.000000	0.000000	185.894973	6.548846	6.964233e-01	3.522790e-02	1.925852e+02	5.022404e-02	
16.000000	4.000000	170.375867	412.962322	5.229829e-01	3.654982e-02	2.040690e+02	3.653087e-02	
16.000000	8.000000	166.621571	153.808022	6.423822e-01	3.455891e-02	2.037484e+02	7.070854e-02	
16.000000	12.000000	163.789821	25.427807	5.320521e-01	3.115526e-02	2.040233e+02	3.458168e-02	
16.000000	16.000000	159.555296	209.150032	5.646608e-01	2.575433e-02	2.042081e+02	3.907674e-02	
16.000000	20.000000	157.418303	70.643472	5.292810e-01	2.297118e-02	2.044272e+02	3.683312e-02	
16.000000	24.000000	153.813169	3.072393	5.971413e-01	2.925011e-02	2.041712e+02	3.936023e-02	
16.000000	28.000000	153.301169	246.325375	5.618797e-01	2.802806e-02	2.041366e+02	3.714630e-02	
16.000000	32.000000	153.302399	27.212183	5.755247e-01	2.843802e-02	2.043871e+02	3.878663e-02	
16.000000	36.000000	153.293626	98.337389	5.982161e-01	3.020456e-02	2.048674e+02	3.922130e-02	
16.000000	40.000000	153.307213	25.960101	4.787508e-01	3.196749e-02	2.050456e+02	2.933045e-02	
16.000000	44.000000	159.557544	1.644113	5.560185e-01	2.598000e-02	2.053330e+02	3.737142e-02	
16.000000	48.000000	165.801889	1.894282	5.435261e-01	3.070692e-02	2.050416e+02	3.516261e-02	
16.000000	52.000000	184.548984	38.256964	4.706264e-01	2.716108e-02	2.041980e+02	3.158533e-02	
16.000000	56.000000	209.550384	4.260138	5.861456e-01	2.571924e-02	2.022282e+02	4.229976e-02	
16.000000	60.000000	203.291913	6.419982	6.168222e-01	3.359630e-02	1.976421e+02	4.258965e-02	
20.000000	0.000000	190.801900	10.608258	6.573323e-01	3.050725e-02	1.923500e+02	4.501594e-02	
20.000000	4.000000	173.307450	5.027632	5.390093e-01	3.851631e-02	2.039352e+02	3.634249e-02	
20.000000	8.000000	170.457354	727.387718	6.107258e-01	3.338465e-02	2.036709e+02	4.223118e-02	
20.000000	12.000000	165.801892	213.813585	6.653127e-01	4.395603e-02	2.037829e+02	4.925728e-02	
20.000000	16.000000	160.958906	34.795364	5.993944e-01	3.555151e-02	2.041390e+02	4.147269e-02	
20.000000	20.000000	159.550431	44.618717	5.607183e-01	3.162697e-02	2.041472e+02	3.692264e-02	
20.000000	24.000000	157.809175	623.774740	5.217911e-01	2.414234e-02	2.043267e+02	3.592798e-02	
20.000000	28.000000	154.582520	697.234551	5.564186e-01	2.532096e-02	2.044527e+02	3.824094e-02	
20.000000	32.000000	153.985660	2.537771	5.887834e-01	2.916116e-02	2.042980e+02	3.917646e-02	
20.000000	36.000000	153.986936	22.240490	5.919036e-01	2.908137e-02	2.048968e+02	4.020889e-02	
20.000000	40.000000	155.054404	100.524764	6.161264e-01	2.863254e-02	2.052739e+02	4.130199e-02	
20.000000	44.000000	159.554189	13.873981	5.979552e-01	2.991717e-02	2.055307e+02	4.054973e-02	
20.000000	48.000000	167.325396	829.191014	5.111665e-01	3.026330e-02	2.051071e+02	3.226796e-02	
20.000000	52.000000	185.050881	3.195544	5.849292e-01	2.639541e-02	2.043234e+02	3.935168e-02	
20.000000	56.000000	210.205260	20.997408	6.816654e-01	3.072577e-02	2.024938e+02	4.889739e-02	
20.000000	60.000000	209.550184	6.962482	5.700068e-01	2.720503e-02	1.984231e+02	3.847581e-02	
24.000000	0.000000	197.054236	6.435440	5.477809e-01	2.583406e-02	1.926999e+02	3.670891e-02	
24.000000	4.000000	176.551921	6.670356	5.537192e-01	2.649129e-02	2.033486e+02	3.791508e-02	
24.000000	8.000000	173.118677	5.418838	6.609425e-01	4.148791e-02	2.032837e+02	4.749831e-02	
24.000000	12.000000	168.899706	959.783053	5.972763e-01	3.007667e-02	2.034528e+02	4.103984e-02	
24.000000	16.000000	164.710132	4.251861	5.740849e-01	3.039350e-02	2.039835e+02	3.832509e-02	
24.000000	20.000000	160.832526	52.275399	6.515259e-01	2.883114e-02	2.037120e+02	4.583285e-02	
24.000000	24.000000	159.555585	231.221598	5.141702e-01	2.748510e-02	2.041616e+02	3.362014e-02	
24.000000	28.000000	159.554868	3.072374	5.249104e-01	3.423790e-02	2.041016e+02	3.490145e-02	
24.000000	32.000000	157.946413	469.552411	5.472647e-01	2.561946e-02	2.043581e+02	3.747281e-02	
24.000000	36.000000	158.376405	646.178149	6.002604e-01	3.054600e-02	2.045614e+02	4.126239e-02	
24.000000	40.000000	159.558035	2.403470	5.230046e-01	2.974695e-02	2.049563e+02	3.335203e-02	
24.000000	44.000000	160.962471	66.787807	6.044378e-01	2.921942e-02	2.051502e+02	4.574185e-02	
24.000000	48.000000	170.400088	436.172241	5.696389e-01	3.046079e-02	2.052572e+02	3.872276e-02	
24.000000	52.000000	185.857531	37.894139	5.571384e-01	2.616677e-02	2.046178e+02	3.814953e-02	
24.000000	56.000000	211.694219	11.144478	4.849905e-01	3.070749e-02	2.028493e+02	3.174948e-02	
24.000000	60.000000	215.804258	5.451747	6.407391e-01	3.226110e-02	1.989696e+02	4.342066e-02	
28.000000	0.000000	202.283742	6.110825	6.615439e-01	3.485400e-02	1.930497e+02	4.506096e-02	
28.000000	4.000000	179.795027	831.228194	5.023917e-01	2.904608e-02	2.028974e+02	3.233825e-02	
28.000000	8.000000	176.721862	6.289474	5.798014e-01	3.685302e-02	2.031303e+02	4.111689e-02	
28.000000	12.000000	171.174103	0.099517	5.857751e-01	2.872602e-02	2.035657e+02	4.011985e-02	
28.000000	16.000000	167.343048	835.242984	5.785072e-01	2.809884e-02	2.034108e+02	3.959838e-02	
28.000000	20.000000	164.615013	35.597683	5.865525e-01	2.846086e-02	2.034571e+02	3.940490e-02	
28.000000	24.000000	162.317654	257.302807	5.884427e-01	2.820096e-02	2.037745e+02	3.911300e-02	
28.000000	28.000000	160.367848	4.334989	5.761450e-01	2.897745e-02	2.038862e+02	3.768352e-02	
28.000000	32.000000	159.541895	223.365032	4.838712e-01	3.192480e-02	2.041367e+02	3.083937e-02	
28.000000	36.000000	159.555422	236.302150	5.699152e-01	2.675680e-02	2.044669e+02	3.916324e-02	
28.000000	40.000000	160.172424	3.569266	5.867245e-01	2.631779e-02	2.046806e+02	3.952803e-02	
28.000000	44.000000	165.005927	17.554467	5.909687e-01	2.552297e-02	2.052667e+02	4.102623e-02	
28.000000	48.000000	172.055577	252.928929	5.969574e-01	3.079417e-02	2.053731e+02	4.093560e-02	
28.000000	52.000000	189.071852	201.924900	6.273607e-01	2.869544e-02	2.045770e+02	4.263719e-02	
28.000000	56.000000	214.087651	19.349856	5.979750e-01	2.938308e-02	2.031041e+02	4.146241e-02	
28.000000	60.000000	222.689871	19.283599	6.220096e-01	2.627240e-02	1.997187e+02	4.736492e-02	
32.000000	0.000000	209.553273	6.979959	6.304100e-01	2.928126e-02	1.938192e+02	4.339508e-02	
32.000000	4.000000	183.747422	7.306574	5.472647e-01	2.561989e-02	2.026419e+02	3.747317e-02	
32.000000	8.000000	180.418882	926.938090	6.043619e-01	3.153073e-02	2.023869e+02	4.151026e-02	
32.000000	12.000000	176.612519	25.938303	5.374711e-01	2.889392e-02	2.031123e+02	3.467030e-02	
32.000000	16.000000	172.667979	166.662515	5.959981e-01	3.396826e-02	2.031391e+02	4.038113e-02	
32.000000	20.000000	168.048702	930.771432	6.560723e-01	3.756783e-02	2.034587e+02	4.444963e-02	
32.000000	24.000000	165.772446	35.039688	6.182905e-01	2.945751e-02	2.034480e+02	4.179102e-02	
32.000000	28.000000	164.148842	29.758101	6.545113e-01	3.466582e-02	2.035682e+02	4.522724e-02	
32.000000	32.000000	163.814613	26.880172	6.018397e-01	2.978526e-02	2.038845e+02	3.955610e-02	
32.000000	36.000000	162.916434	62.814134	5.638904e-01	2.625691e-02	2.043339e+02	3.785494e-02	
32.000000	40.000000	164.155259	47.860622	6.189377e-01	2.602685e-02	2.046784e+02	4.353658e-02	
32.000000	44.000000	166.637710	8.078592	5.973319e-01	3.512421e-02	2.052082e+02	4.145802e-02	
32.000000	48.000000	173.611054	235.896589	6.611532e-01	3.517222e-02	2.054215e+02	4.583756e-02	
32.000000	52.000000	189.758585	3.891922	5.742843e-01	3.034497e-02	2.047346e+02	3.826828e-02	
32.000000	56.000000	215.802264	7.538227	5.697318e-01	2.702929e-02	2.034245e+02	3.911268e-02	
32.000000	60.000000	232.934103	609.752617	4.924613e-01	2.878664e-02	2.001415e+02	3.152401e-02	
36.000000	0.000000	215.809689	10.993753	5.521141e-01	2.574334e-02	1.946228e+02	3.782857e-02	
36.000000	4.000000	189.811597	23.539555	5.569379e-01	3.192932e-02	2.022058e+02	3.706960e-02	
36.000000	8.000000	185.801851	7.463538	5.606652e-01	3.056941e-02	2.020799e+02	3.644331e-02	
36.000000	12.000000	179.812351	830.139010	5.627407e-01	2.665454e-02	2.026576e+02	3.784898e-02	
36.000000	16.000000	176.525279	26.350390	5.600338e-01	3.044608e-02	2.029293e+02	4.078276e-02	
36.000000	20.000000	172.797477	45.516033	6.370259e-01	3.456365e-02	2.031861e+02	4.269619e-02	
36.000000	24.000000	170.351231	762.187032	6.117346e-01	3.088401e-02	2.033723e+02	4.098063e-02	
36.000000	28.000000	167.379259	839.294681	6.034712e-01	2.866487e-02	2.032677e+02	4.018645e-02	
36.000000	32.000000	166.584091	4.357810	6.020504e-01	2.874807e-02	2.034375e+02	4.058939e-02	
36.000000	36.000000	164.918978	0.473510	5.772543e-01	3.040756e-02	2.041043e+02	3.773394e-02	
36.000000	40.000000	166.535755	4.132515	6.239272e-01	2.977695e-02	2.044530e+02	4.233501e-02	
36.000000	44.000000	170.449722	717.746484	5.759397e-01	2.962587e-02	2.049579e+02	3.764370e-02	
36.000000	48.000000	177.073024	3.384346	5.397556e-01	2.870838e-02	2.050977e+02	3.489278e-02	
36.000000	52.000000	190.804600	6.543748	5.742531e-01	2.825313e-02	2.047836e+02	3.787267e-02	
36.000000	56.000000	215.797948	8.875391	6.566797e-01	3.787861e-02	2.034685e+02	4.453913e-02	
36.000000	60.000000	240.795375	5.967229	5.707791e-01	2.692672e-02	2.005564e+02	3.911573e-02	
40.000000	0.000000	225.534460	16.336558	5.970206e-01	2.885470e-02	1.955469e+02	3.989534e-02	
40.000000	4.000000	195.885139	11.648238	5.963780e-01	2.706485e-02	2.016396e+02	4.016189e-02	
40.000000	8.000000	191.749567	41.091794	6.662421e-01	3.255884e-02	2.015250e+02	4.633796e-02	
40.000000	12.000000	185.869607	6.508992	6.041207e-01	2.779116e-02	2.022210e+02	4.073800e-02	
40.000000	16.000000	180.614253	933.882682	5.669311e-01	2.840668e-02	2.026940e+02	3.791261e-02	
40.000000	20.000000	176.655046	5.433151	5.790760e-01	3.267998e-02	2.027769e+02	3.965293e-02	
40.000000	24.000000	174.031903	57.170881	5.760047e-01	3.056636e-02	2.031087e+02	3.769301e-02	
40.000000	28.000000	172.682759	87.180808	6.286479e-01	2.928155e-02	2.031928e+02	4.263050e-02	
40.000000	32.000000	170.397694	5.276139	5.876231e-01	2.811008e-02	2.035539e+02	3.967598e-02	
40.000000	36.000000	170.549247	679.889395	5.961480e-01	3.243600e-02	2.039999e+02	4.172360e-02	
40.000000	40.000000	170.337850	37.173216	5.767919e-01	2.695763e-02	2.046193e+02	3.881112e-02	
40.000000	44.000000	173.204120	24.884856	5.657276e-01	3.031032e-02	2.049962e+02	3.730773e-02	
40.000000	48.000000	179.173065	656.143471	5.844003e-01	2.852548e-02	2.054481e+02	4.011758e-02	
40.000000	52.000000	195.078298	892.080047	6.037924e-01	2.974751e-02	2.051055e+02	3.995349e-02	
40.000000	56.000000	216.333248	6.708561	5.539702e-01	3.494595e-02	2.040497e+02	3.943170e-02	
40.000000	60.000000	248.316656	19.697662	6.131763e-01	3.289650e-02	2.013765e+02	4.233232e-02	
44.000000	0.000000	235.078618	8.706253	6.062456e-01	3.291078e-02	1.966792e+02	4.177055e-02	
44.000000	4.000000	203.300182	36.000034	5.979253e-01	2.893091e-02	2.011275e+02	4.023877e-02	
44.000000	8.000000	198.272776	11.201286	6.273520e-01	3.049238e-02	2.012479e+02	4.172196e-02	
44.000000	12.000000	192.097126	743.843372	6.283154e-01	3.528110e-02	2.016437e+02	4.370397e-02	
44.000000	16.000000	187.113886	50.502651	5.768706e-01	3.019661e-02	2.022014e+02	3.797315e-02	
44.000000	20.000000	182.826257	4.241129	6.143935e-01	3.216688e-02	2.025284e+02	4.224645e-02	
44.000000	24.000000	179.570966	202.373485	6.215798e-01	2.911686e-02	2.025272e+02	4.132473e-02	
44.000000	28.000000	177.062558	51.649995	5.650586e-01	2.629526e-02	2.025473e+02	3.884658e-02	
44.000000	32.000000	177.109651	24.159739	6.245942e-01	3.095918e-02	2.029266e+02	4.112012e-02	
44.000000	36.000000	175.293243	57.634997	5.713733e-01	2.732841e-02	2.034499e+02	3.893139e-02	
44.000000	40.000000	175.663299	36.049983	5.103900e-01	2.815497e-02	2.041281e+02	3.321502e-02	
44.000000	44.000000	178.303621	212.791975	5.966116e-01	2.734324e-02	2.046264e+02	4.015379e-02	
44.000000	48.000000	184.548938	211.523462	5.488713e-01	2.745285e-02	2.051396e+02	4.023515e-02	
44.000000	52.000000	197.059536	58.302301	5.744175e-01	3.163213e-02	2.051694e+02	3.797028e-02	
44.000000	56.000000	220.187649	58.471109	5.430589e-01	2.662019e-02	2.041568e+02	3.742751e-02	
44.000000	60.000000	253.304861	11.223965	6.153001e-01	3.709700e-02	2.019591e+02	5.166464e-02	
48.000000	0.000000	249.420392	30.318513	5.916851e-01	3.099190e-02	1.976697e+02	4.062324e-02	
48.000000	4.000000	214.099582	38.311027	6.475276e-01	2.717571e-02	2.003820e+02	4.623376e-02	
48.000000	8.000000	208.001934	449.535505	6.646617e-01	4.032819e-02	2.004559e+02	4.527213e-02	
48.000000	12.000000	201.681831	6.980473	6.355756e-01	3.328930e-02	2.007997e+02	4.233085e-02	
48.000000	16.000000	195.402679	37.952119	6.441057e-01	3.667729e-02	2.014278e+02	4.477889e-02	
48.000000	20.000000	191.037619	113.648984	6.265905e-01	2.687919e-02	2.017253e+02	5.003767e-02	
48.000000	24.000000	188.063132	67.061468	5.631011e-01	2.910062e-02	2.019209e+02	3.659527e-02	
48.000000	28.000000	185.354238	129.133284	5.774074e-01	3.036984e-02	2.022758e+02	3.844642e-02	
48.000000	32.000000	182.917518	632.906171	5.702892e-01	2.652098e-02	2.026616e+02	3.836026e-02	
48.000000	36.000000	182.106069	922.426980	6.360337e-01	3.152340e-02	2.031042e+02	4.196864e-02	
48.000000	40.000000	181.447727	948.388665	5.512970e-01	2.490109e-02	2.035616e+02	3.792564e-02	
48.000000	44.000000	183.310927	207.710801	5.697599e-01	2.694149e-02	2.045169e+02	3.879677e-02	
48.000000	48.000000	189.854416	4.516854	5.730838e-01	3.212564e-02	2.049017e+02	3.814535e-02	
48.000000	52.000000	203.309171	4.328608	5.881125e-01	3.206059e-02	2.050104e+02	4.047737e-02	
48.000000	56.000000	222.051890	5.874481	5.812634e-01	3.072979e-02	2.043457e+02	3.917448e-02	
48.000000	60.000000	257.677092	309.746789	6.221724e-01	3.364623e-02	2.024098e+02	4.293080e-02	
52.000000	0.000000	267.060188	134.823861	6.222985e-01	3.333631e-02	1.984525e+02	4.288769e-02	
52.000000	4.000000	229.156413	527.048009	6.415206e-01	2.970032e-02	1.993206e+02	4.355396e-02	
52.000000	8.000000	222.806798	46.296840	6.144061e-01	3.028959e-02	1.994843e+02	4.155359e-02	
52.000000	12.000000	214.218504	5.322404	5.992758e-01	3.007669e-02	2.001283e+02	3.929469e-02	
52.000000	16.000000	207.879157	729.788766	6.226114e-01	3.499550e-02	2.006760e+02	4.322885e-02	
52.000000	20.000000	201.780750	41.155327	5.854866e-01	3.044866e-02	2.010256e+02	3.834972e-02	
52.000000	24.000000	198.344678	24.601076	6.030328e-01	3.693452e-02	2.011786e+02	4.239414e-02	
52.000000	28.000000	195.344129	574.842977	6.582820e-01	3.863125e-02	2.014854e+02	4.594613e-02	
52.000000	32.000000	192.624272	867.941389	5.807614e-01	2.564438e-02	2.017741e+02	4.122868e-02	
52.000000	36.000000	190.732927	55.584160	6.252981e-01	3.467318e-02	2.024601e+02	4.231484e-02	
52.000000	40.000000	189.514928	6.755052	5.761480e-01	2.807938e-02	2.031259e+02	3.984471e-02	
52.000000	44.000000	192.197077	372.922307	6.228125e-01	2.670139e-02	2.037290e+02	4.907903e-02	
52.000000	48.000000	195.541785	45.528049	5.682377e-01	2.725454e-02	2.043915e+02	3.896513e-02	
52.000000	52.000000	208.790263	137.380758	6.044124e-01	3.266416e-02	2.046751e+02	4.169278e-02	
52.000000	56.000000	227.420293	6.828390	5.440565e-01	2.827581e-02	2.042832e+02	3.648468e-02	
52.000000	60.000000	261.243765	31.896288	5.925037e-01	2.549991e-02	2.027406e+02	4.162543e-02	
56.000000	0.000000	292.070980	108.134936	6.833381e-01	4.300648e-02	1.995599e+02	4.840376e-02	
56.000000	4.000000	259.143034	151.318206	6.096309e-01	2.639312e-02	1.983331e+02	4.184708e-02	
56.000000	8.000000	250.351176	116.403870	5.676891e-01	2.947372e-02	1.983545e+02	3.853249e-02	
56.000000	12.000000	238.837688	115.019942	5.834701e-01	3.035854e-02	1.990594e+02	3.805851e-02	
56.000000	16.000000	229.191848	587.554934	6.303746e-01	2.775928e-02	1.996064e+02	4.333359e-02	
56.000000	20.000000	222.016427	86.096572	6.272393e-01	3.149332e-02	2.001474e+02	4.138281e-02	
56.000000	24.000000	217.072999	679.182941	6.325620e-01	3.560645e-02	2.006249e+02	4.401349e-02	
56.000000	28.000000	213.585949	43.570811	5.997442e-01	3.195530e-02	2.007952e+02	3.978441e-02	
56.000000	32.000000	209.671594	363.077947	6.119264e-01	2.958797e-02	2.012028e+02	4.054461e-02	
56.000000	36.000000	205.803546	892.501215	5.939471e-01	2.561295e-02	2.017202e+02	4.102593e-02	
56.000000	40.000000	204.179682	3.699827	5.889020e-01	2.849464e-02	2.024527e+02	3.944323e-02	
56.000000	44.000000	204.626071	371.101894	6.144965e-01	3.049329e-02	2.030929e+02	4.051125e-02	
56.000000	48.000000	208.207043	449.534980	6.228851e-01	3.120278e-02	2.039136e+02	4.096150e-02	
56.000000	52.000000	218.947728	947.217960	5.908951e-01	3.344912e-02	2.040726e+02	4.049476e-02	
56.000000	56.000000	237.113891	3.833881	6.276728e-01	3.129190e-02	2.040260e+02	4.154749e-02	
56.000000	60.000000	270.020205	347.708205	6.244409e-01	3.256072e-02	2.030552e+02	4.184947e-02	
60.000000	0.000000	320.351232	829.751687	6.514913e-01	2.974475e-02	2.003282e+02	4.456433e-02	
60.000000	4.000000	491.367975	742.117419	6.811428e-01	4.284413e-02	1.977196e+02	4.957927e-02	
60.000000	8.000000	455.615083	349.478789	5.434521e-01	3.322403e-02	1.979045e+02	4.777688e-02	
60.000000	12.000000	410.474557	766.851573	6.604546e-01	3.446972e-02	1.988745e+02	4.402097e-02	
60.000000	16.000000	369.455951	622.919886	6.738494e-01	4.252479e-02	1.996681e+02	4.817891e-02	
60.000000	20.000000	342.128724	312.716160	5.857146e-01	2.938093e-02	2.003343e+02	3.923737e-02	
60.000000	24.000000	319.918407	747.185370	6.683798e-01	3.354743e-02	2.004268e+02	4.565138e-02	
60.000000	28.000000	302.313725	777.973980	6.518899e-01	2.864006e-02	2.005692e+02	4.546599e-02	
60.000000	32.000000	283.184498	774.818114	5.764676e-01	2.674933e-02	2.006830e+02	3.870835e-02	
60.000000	36.000000	264.492377	546.823975	6.074085e-01	3.185796e-02	2.010568e+02	4.044208e-02	
60.000000	40.000000	250.067745	201.630135	6.164628e-01	3.261608e-02	2.015615e+02	4.242872e-02	
60.000000	44.000000	241.922481	689.357512	5.665127e-01	3.917006e-02	2.020749e+02	4.336460e-02	
60.000000	48.000000	239.802749	173.247584	6.393043e-01	3.020213e-02	2.026610e+02	4.262300e-02	
60.000000	52.000000	245.199901	760.558985	5.514875e-01	3.172928e-02	2.031386e+02	3.621804e-02	
60.000000	56.000000	260.314509	76.666642	5.650020e-01	3.432200e-02	2.031236e+02	3.856742e-02	
60.000000	60.000000	288.852283	59.190630	6.136155e-01	3.249904e-02	2.025926e+02	4.181261e-02	
0.000000	0.000000	342.095347	124.746981	5.637719e-01	2.825167e-02	2.008904e+02	3.821683e-02	
