0.000000	4.000000	164.826850	31.991437	5.934814e-01	3.409324e-02	2.067620e+02	4.073233e-02	
0.000000	8.000000	160.077655	3.310191	5.392415e-01	2.627891e-02	2.068214e+02	3.606765e-02	
0.000000	12.000000	157.914774	391.301186	5.579696e-01	2.804133e-02	2.071514e+02	3.644436e-02	
0.000000	16.000000	153.304897	114.284896	5.481722e-01	2.964110e-02	2.070020e+02	3.499211e-02	
0.000000	20.000000	153.307235	2.378534	5.304743e-01	3.021936e-02	2.070337e+02	3.506699e-02	
0.000000	24.000000	151.708496	22.669806	5.253152e-01	3.016526e-02	2.069159e+02	3.876680e-02	
0.000000	28.000000	149.723660	29.326822	5.709656e-01	2.928361e-02	2.069350e+02	3.807705e-02	
0.000000	32.000000	148.306575	213.376407	5.765411e-01	2.988090e-02	2.070000e+02	3.741481e-02	
0.000000	36.000000	148.839448	41.265471	5.420951e-01	3.033532e-02	2.071180e+02	3.491078e-02	
0.000000	40.000000	153.304368	0.812723	5.238132e-01	3.026367e-02	2.069782e+02	3.301830e-02	
0.000000	44.000000	157.865172	446.516456	5.537416e-01	3.162808e-02	2.071615e+02	3.645639e-02	
0.000000	48.000000	170.381841	745.215530	5.056159e-01	3.074881e-02	2.070677e+02	3.145956e-02	
0.000000	52.000000	190.804185	4.468802	5.903972e-01	3.877503e-02	2.068887e+02	4.190417e-02	
0.000000	56.000000	208.668223	154.246101	5.681019e-01	2.675500e-02	2.035264e+02	3.863234e-02	
0.000000	60.000000	197.055334	9.402179	5.581187e-01	2.963873e-02	1.979897e+02	3.591233e-02	
4.000000	0.000000	185.430026	12.073925	5.875739e-01	3.094804e-02	1.959689e+02	4.049521e-02	
4.000000	4.000000	166.314832	26.622632	5.750253e-01	2.700200e-02	2.065819e+02	3.874616e-02	
4.000000	8.000000	164.032586	14.439635	6.433371e-01	3.722123e-02	2.066434e+02	4.480187e-02	
4.000000	12.000000	159.555383	241.975106	5.698273e-01	3.614493e-02	2.068720e+02	3.917758e-02	
4.000000	16.000000	156.977918	940.307754	5.037116e-01	2.954842e-02	2.069227e+02	3.288462e-02	
4.000000	20.000000	153.308485	16.983273	5.981777e-01	2.820848e-02	2.067590e+02	3.983712e-02	
4.000000	24.000000	153.307911	172.733773	5.857672e-01	2.679654e-02	2.068009e+02	4.559493e-02	
4.000000	28.000000	153.301734	1.780949	5.693445e-01	2.813660e-02	2.067960e+02	3.739089e-02	
4.000000	32.000000	152.187538	1.550858	5.324511e-01	3.903601e-02	2.070054e+02	4.356621e-02	
4.000000	36.000000	153.295220	1.504756	5.674597e-01	2.974407e-02	2.071476e+02	3.699719e-02	
4.000000	40.000000	153.303501	22.767694	6.042113e-01	3.357996e-02	2.072793e+02	4.163367e-02	
4.000000	44.000000	159.539615	54.519969	5.598207e-01	2.695064e-02	2.073503e+02	3.814756e-02	
4.000000	48.000000	172.087222	1.265596	4.771458e-01	3.271032e-02	2.069840e+02	2.919063e-02	
4.000000	52.000000	190.801804	140.154488	5.194810e-01	2.850706e-02	2.067946e+02	3.461176e-02	
4.000000	56.000000	210.307175	180.468805	6.379717e-01	3.793001e-02	2.037119e+02	4.497924e-02	
4.000000	60.000000	199.261689	15.245048	5.467767e-01	2.465669e-02	1.984489e+02	3.750291e-02	
8.000000	0.000000	190.797440	9.919588	5.716980e-01	2.628575e-02	1.956683e+02	3.819706e-02	
8.000000	4.000000	169.353106	955.944727	5.858080e-01	2.955943e-02	2.064820e+02	3.974935e-02	
8.000000	8.000000	164.918852	5.975384	5.977420e-01	2.747261e-02	2.063832e+02	4.014619e-02	
8.000000	12.000000	160.884830	48.916417	6.487892e-01	3.777296e-02	2.066113e+02	4.534100e-02	
8.000000	16.000000	159.555845	2.991047	5.762716e-01	3.476422e-02	2.068375e+02	3.940096e-02	
8.000000	20.000000	155.658563	41.964809	6.396122e-01	3.292420e-02	2.067458e+02	4.254724e-02	
8.000000	24.000000	153.305796	2.458838	5.471946e-01	2.484323e-02	2.065875e+02	3.721426e-02	
8.000000	28.000000	153.308315	22.978807	6.113866e-01	3.210108e-02	2.065893e+02	4.195703e-02	
8.000000	32.000000	153.302033	35.326262	5.937079e-01	2.646420e-02	2.066655e+02	3.997313e-02	
8.000000	36.000000	153.300031	27.040150	5.799844e-01	2.552718e-02	2.072240e+02	4.107767e-02	
8.000000	40.000000	154.585199	52.811809	5.807154e-01	2.728338e-02	2.073994e+02	3.911096e-02	
8.000000	44.000000	159.558751	1.623500	5.534334e-01	2.509981e-02	2.074340e+02	3.795788e-02	
8.000000	48.000000	172.057908	247.717536	5.190488e-01	2.643739e-02	2.072116e+02	3.419215e-02	
8.000000	52.000000	190.807911	234.791529	5.747584e-01	2.828853e-02	2.065877e+02	3.915849e-02	
8.000000	56.000000	215.803785	3.750901	5.717176e-01	3.713487e-02	2.040601e+02	4.261601e-02	
8.000000	60.000000	203.820505	8.142200	5.403298e-01	3.111244e-02	1.989478e+02	3.500805e-02	
12.000000	0.000000	192.179019	89.294330	6.256266e-01	3.370741e-02	1.955426e+02	4.306163e-02	
12.000000	4.000000	172.045401	220.688213	5.372833e-01	2.702734e-02	2.062908e+02	3.591910e-02	
12.000000	8.000000	167.162723	579.540104	5.372369e-01	3.044830e-02	2.061913e+02	3.514220e-02	
12.000000	12.000000	164.193529	29.431631	6.095415e-01	2.914443e-02	2.064474e+02	4.104500e-02	
12.000000	16.000000	159.968717	3.210888	6.199018e-01	2.588223e-02	2.066848e+02	4.395938e-02	
12.000000	20.000000	159.550631	2.941865	5.795918e-01	2.574717e-02	2.067577e+02	4.009868e-02	
12.000000	24.000000	157.512064	49.596973	6.209364e-01	3.467373e-02	2.066751e+02	4.297699e-02	
12.000000	28.000000	154.690094	243.324382	5.392802e-01	2.342810e-02	2.064857e+02	3.724777e-02	
12.000000	32.000000	154.622269	3.103020	5.886276e-01	3.239100e-02	2.067427e+02	4.027812e-02	
12.000000	36.000000	154.713951	107.970552	5.665170e-01	3.047126e-02	2.070798e+02	4.200335e-02	
12.000000	40.000000	158.849927	1.606493	6.082382e-01	3.129079e-02	2.074671e+02	4.168052e-02	
12.000000	44.000000	162.500000	37.028340	6.080787e-01	3.463051e-02	2.077437e+02	4.202864e-02	
12.000000	48.000000	172.557335	24.622032	5.450981e-01	2.422040e-02	2.074339e+02	3.741028e-02	
12.000000	52.000000	190.808859	188.850118	5.496912e-01	2.695669e-02	2.066919e+02	3.732966e-02	
12.000000	56.000000	216.646952	171.201999	5.275551e-01	2.271477e-02	2.044277e+02	3.659405e-02	
12.000000	60.000000	209.550280	10.725471	5.876178e-01	2.715562e-02	1.998001e+02	4.619406e-02	
16.000000	0.000000	197.048886	17.686853	6.287677e-01	3.697805e-02	1.957288e+02	4.409014e-02	
16.000000	4.000000	173.718386	9.941910	5.960579e-01	3.031884e-02	2.061385e+02	3.900492e-02	
16.000000	8.000000	170.193424	5.649750	5.829632e-01	2.797456e-02	2.062142e+02	3.851587e-02	
16.000000	12.000000	165.801120	71.481905	5.569726e-01	2.596721e-02	2.062977e+02	3.720934e-02	
16.000000	16.000000	163.776056	62.505432	5.484510e-01	2.509669e-02	2.063958e+02	3.766770e-02	
16.000000	20.000000	160.189074	3.357817	5.378033e-01	2.351935e-02	2.065527e+02	3.721391e-02	
16.000000	24.000000	159.585696	193.107276	6.300672e-01	3.568117e-02	2.066618e+02	4.375509e-02	
16.000000	28.000000	158.700219	33.212452	6.223187e-01	3.672398e-02	2.067480e+02	4.369424e-02	
16.000000	32.000000	157.936500	95.027078	5.671729e-01	2.776821e-02	2.068513e+02	3.747659e-02	
16.000000	36.000000	158.455097	2.329425	5.703411e-01	2.954476e-02	2.072896e+02	3.882482e-02	
16.000000	40.000000	159.554725	33.715480	5.998399e-01	3.090499e-02	2.078724e+02	4.836558e-02	
16.000000	44.000000	165.788909	1.780924	5.074130e-01	3.696110e-02	2.079704e+02	4.085085e-02	
16.000000	48.000000	173.440005	215.493737	5.762484e-01	2.728819e-02	2.075047e+02	3.940970e-02	
16.000000	52.000000	190.792944	23.702349	5.783124e-01	2.538243e-02	2.067676e+02	4.022402e-02	
16.000000	56.000000	219.296671	1169.538558	5.718301e-01	2.973913e-02	2.047142e+02	3.885034e-02	
16.000000	60.000000	215.805657	18.243046	5.622283e-01	2.861030e-02	2.002655e+02	3.719369e-02	
20.000000	0.000000	201.647864	6.212059	5.952021e-01	3.041749e-02	1.954363e+02	3.975387e-02	
20.000000	4.000000	177.417735	10.576075	5.907227e-01	2.968219e-02	2.058105e+02	3.877147e-02	
20.000000	8.000000	173.367213	4.907919	5.773794e-01	2.966645e-02	2.059345e+02	3.945109e-02	
20.000000	12.000000	169.630738	924.730596	5.962341e-01	3.170584e-02	2.061911e+02	3.947523e-02	
20.000000	16.000000	165.805908	239.038076	5.898508e-01	3.232994e-02	2.063346e+02	3.977191e-02	
20.000000	20.000000	164.089821	38.030277	5.488173e-01	2.587747e-02	2.062787e+02	3.660086e-02	
20.000000	24.000000	160.940154	53.095277	5.822367e-01	2.805373e-02	2.064930e+02	3.947638e-02	
20.000000	28.000000	160.034222	40.910921	6.132502e-01	2.816996e-02	2.065924e+02	4.133783e-02	
20.000000	32.000000	159.554194	25.674123	6.777002e-01	4.657180e-02	2.068086e+02	5.123139e-02	
20.000000	36.000000	159.555337	29.292865	6.291719e-01	3.429025e-02	2.074431e+02	4.336999e-02	
20.000000	40.000000	160.788832	0.777567	5.777183e-01	3.242243e-02	2.077756e+02	3.943711e-02	
20.000000	44.000000	165.805192	23.894936	5.655879e-01	2.783669e-02	2.081567e+02	3.719124e-02	
20.000000	48.000000	176.615170	2.154542	5.253275e-01	3.558756e-02	2.079033e+02	3.443839e-02	
20.000000	52.000000	192.164146	52.442540	4.933492e-01	3.232564e-02	2.071295e+02	3.178485e-02	
20.000000	56.000000	221.297424	80.845302	5.664756e-01	2.937288e-02	2.052776e+02	3.833605e-02	
20.000000	60.000000	222.056001	22.515385	6.017091e-01	2.933036e-02	2.013040e+02	3.998533e-02	
24.000000	0.000000	204.580325	864.232208	5.867292e-01	2.963453e-02	1.956061e+02	3.985426e-02	
24.000000	4.000000	180.312281	307.550755	5.940913e-01	2.551177e-02	2.057232e+02	4.108491e-02	
24.000000	8.000000	176.647086	36.180020	6.552580e-01	4.069922e-02	2.057241e+02	4.687191e-02	
24.000000	12.000000	172.602108	68.277891	5.263769e-01	3.190585e-02	2.060404e+02	3.422336e-02	
24.000000	16.000000	167.788735	908.735721	5.715398e-01	3.004059e-02	2.061892e+02	3.745262e-02	
24.000000	20.000000	165.804894	66.087477	5.722844e-01	3.088164e-02	2.062525e+02	3.893845e-02	
24.000000	24.000000	164.214067	20.200183	6.287179e-01	3.626732e-02	2.063001e+02	4.385449e-02	
24.000000	28.000000	163.254206	38.161849	5.625674e-01	2.634359e-02	2.065895e+02	3.855002e-02	
24.000000	32.000000	161.586069	98.402388	5.885118e-01	3.319326e-02	2.069845e+02	4.310016e-02	
24.000000	36.000000	161.650143	12.799353	6.088051e-01	3.269479e-02	2.073409e+02	4.176226e-02	
24.000000	40.000000	164.201480	2.502260	5.529480e-01	2.643515e-02	2.076314e+02	3.732530e-02	
24.000000	44.000000	167.527786	117.452528	5.956596e-01	3.054479e-02	2.079955e+02	3.906339e-02	
24.000000	48.000000	178.305027	29.678352	5.104555e-01	3.307801e-02	2.079530e+02	3.795352e-02	
24.000000	52.000000	193.799883	987.964904	5.863665e-01	2.932910e-02	2.073826e+02	3.933306e-02	
24.000000	56.000000	222.050488	9.061686	5.888487e-01	2.959574e-02	2.056168e+02	4.023041e-02	
24.000000	60.000000	228.300109	38.510707	6.390487e-01	3.638970e-02	2.016244e+02	4.440577e-02	
28.000000	0.000000	210.298026	8.862576	5.283043e-01	3.055368e-02	1.961516e+02	3.410051e-02	
28.000000	4.000000	185.417808	54.103048	6.242129e-01	2.639097e-02	2.056566e+02	4.358589e-02	
28.000000	8.000000	179.176025	284.322199	6.096839e-01	3.061289e-02	2.055167e+02	4.121480e-02	
28.000000	12.000000	176.375813	49.648847	5.864987e-01	3.002467e-02	2.059895e+02	3.810942e-02	
28.000000	16.000000	171.161974	4.970581	5.741024e-01	3.142549e-02	2.061677e+02	3.775905e-02	
28.000000	20.000000	169.380824	938.518393	5.660398e-01	2.588059e-02	2.062774e+02	3.788433e-02	
28.000000	24.000000	166.391653	347.333971	5.625595e-01	2.968184e-02	2.061300e+02	3.654455e-02	
28.000000	28.000000	165.804112	49.027643	6.059357e-01	2.603794e-02	2.066788e+02	4.148722e-02	
28.000000	32.000000	165.016751	3.554307	5.779671e-01	2.904460e-02	2.068334e+02	4.902860e-02	
28.000000	36.000000	164.669277	43.028711	5.864212e-01	2.742386e-02	2.073906e+02	3.944971e-02	
28.000000	40.000000	166.313225	27.775201	6.096307e-01	2.871520e-02	2.078343e+02	4.536066e-02	
28.000000	44.000000	170.355673	394.160479	5.568063e-01	2.593112e-02	2.082800e+02	3.716184e-02	
28.000000	48.000000	179.177763	14.958052	6.157609e-01	3.397152e-02	2.082189e+02	4.121253e-02	
28.000000	52.000000	196.216878	3.263456	5.636685e-01	3.493487e-02	2.078604e+02	3.828975e-02	
28.000000	56.000000	222.046019	13.125341	5.453269e-01	3.154865e-02	2.060850e+02	3.558992e-02	
28.000000	60.000000	234.554131	6.460898	5.801023e-01	3.101970e-02	2.027282e+02	3.951448e-02	
32.000000	0.000000	217.668018	1035.690697	5.686742e-01	3.009332e-02	1.969545e+02	3.882845e-02	
32.000000	4.000000	189.080845	8.402209	5.492965e-01	3.084627e-02	2.050708e+02	3.554592e-02	
32.000000	8.000000	185.060988	186.358007	5.726562e-01	2.613154e-02	2.053142e+02	3.825244e-02	
32.000000	12.000000	179.562414	417.706950	5.684061e-01	2.641713e-02	2.055141e+02	3.890560e-02	
32.000000	16.000000	176.242384	36.786415	5.759943e-01	2.547701e-02	2.057535e+02	3.938257e-02	
32.000000	20.000000	173.558560	52.509860	5.524452e-01	3.489644e-02	2.060111e+02	4.095397e-02	
32.000000	24.000000	170.310179	14.190428	5.314204e-01	3.101451e-02	2.060231e+02	3.436343e-02	
32.000000	28.000000	169.795002	897.015621	5.658258e-01	3.003350e-02	2.062432e+02	3.748116e-02	
32.000000	32.000000	167.750469	903.053660	6.097832e-01	3.217719e-02	2.066086e+02	4.193983e-02	
32.000000	36.000000	167.253254	46.659871	5.344542e-01	2.994298e-02	2.070463e+02	3.391372e-02	
32.000000	40.000000	169.824697	899.362402	5.807017e-01	2.568078e-02	2.077835e+02	4.180664e-02	
32.000000	44.000000	172.652418	4.439679	5.785981e-01	3.300979e-02	2.081665e+02	3.867325e-02	
32.000000	48.000000	182.492263	883.200618	5.256298e-01	2.627358e-02	2.082724e+02	3.504738e-02	
32.000000	52.000000	197.055536	85.025948	5.819090e-01	2.550646e-02	2.077486e+02	4.016043e-02	
32.000000	56.000000	222.050331	17.883413	5.636109e-01	2.572927e-02	2.062418e+02	3.801671e-02	
32.000000	60.000000	243.488314	1117.821345	5.371431e-01	3.320238e-02	2.031398e+02	3.563934e-02	
36.000000	0.000000	227.458829	8.921157	6.002788e-01	3.565386e-02	1.977970e+02	4.181558e-02	
36.000000	4.000000	195.497045	703.839827	5.591455e-01	3.096472e-02	2.049784e+02	3.836485e-02	
36.000000	8.000000	189.213582	7.702813	6.089148e-01	2.890323e-02	2.048592e+02	4.142528e-02	
36.000000	12.000000	182.797041	180.936571	6.404814e-01	2.805893e-02	2.055344e+02	4.254419e-02	
36.000000	16.000000	179.452059	673.002035	6.331287e-01	2.857104e-02	2.057172e+02	4.303137e-02	
36.000000	20.000000	176.686873	1.464131	5.286847e-01	3.512612e-02	2.060016e+02	3.905256e-02	
36.000000	24.000000	174.140910	57.743618	6.163570e-01	3.622414e-02	2.060659e+02	4.438985e-02	
36.000000	28.000000	173.249459	45.129146	6.072594e-01	2.922432e-02	2.062945e+02	4.046043e-02	
36.000000	32.000000	170.948995	289.913935	6.043855e-01	2.785600e-02	2.066026e+02	4.064127e-02	
36.000000	36.000000	170.833457	339.186004	6.127709e-01	3.841337e-02	2.072031e+02	4.305021e-02	
36.000000	40.000000	172.748459	38.545960	6.237509e-01	3.527464e-02	2.076691e+02	4.288856e-02	
36.000000	44.000000	176.581509	3.671763	5.388212e-01	3.643461e-02	2.080815e+02	3.803700e-02	
36.000000	48.000000	184.556269	26.370272	5.107854e-01	2.417703e-02	2.082983e+02	3.476249e-02	
36.000000	52.000000	198.318717	5.047617	6.174692e-01	3.760551e-02	2.081157e+02	4.426246e-02	
36.000000	56.000000	223.292282	7.155192	5.998545e-01	2.769181e-02	2.066076e+02	4.030115e-02	
36.000000	60.000000	253.299867	87.150398	6.000549e-01	2.607833e-02	2.036807e+02	4.079798e-02	
40.000000	0.000000	235.796605	11.432260	6.023833e-01	3.154508e-02	1.986359e+02	4.128266e-02	
40.000000	4.000000	201.541096	6.306348	6.095682e-01	3.247806e-02	2.043678e+02	4.195561e-02	
40.000000	8.000000	195.485318	5.619019	6.024157e-01	2.559506e-02	2.047324e+02	4.317536e-02	
40.000000	12.000000	189.127100	38.746417	5.014630e-01	3.997030e-02	2.049877e+02	4.129574e-02	
40.000000	16.000000	185.173678	54.360346	6.991564e-01	4.043113e-02	2.053716e+02	4.726995e-02	
40.000000	20.000000	182.014352	920.051361	6.081805e-01	2.974666e-02	2.056776e+02	4.048483e-02	
40.000000	24.000000	179.538246	488.807865	5.977564e-01	3.077421e-02	2.054845e+02	4.057509e-02	
40.000000	28.000000	176.743824	0.013321	5.658025e-01	2.670883e-02	2.058290e+02	4.212663e-02	
40.000000	32.000000	176.783833	29.990090	6.347243e-01	3.157708e-02	2.059652e+02	4.223384e-02	
40.000000	36.000000	176.281671	29.801199	5.993576e-01	3.075881e-02	2.066077e+02	4.102558e-02	
40.000000	40.000000	176.743013	2.072105	5.897538e-01	3.737219e-02	2.071384e+02	4.140259e-02	
40.000000	44.000000	179.099105	665.605812	5.995993e-01	2.551184e-02	2.077210e+02	4.191852e-02	
40.000000	48.000000	188.674869	23.150781	6.233661e-01	3.499793e-02	2.080741e+02	4.345520e-02	
40.000000	52.000000	202.440210	2.831565	5.911021e-01	3.634962e-02	2.078912e+02	4.193562e-02	
40.000000	56.000000	226.281614	74.534239	6.090890e-01	2.618596e-02	2.066697e+02	4.168928e-02	
40.000000	60.000000	259.552136	10.634595	5.596269e-01	3.160682e-02	2.041751e+02	3.695067e-02	
44.000000	0.000000	247.710765	8.003651	5.659143e-01	2.618808e-02	1.995000e+02	3.883712e-02	
44.000000	4.000000	207.787551	121.014030	6.062553e-01	2.966870e-02	2.037905e+02	5.506888e-02	
44.000000	8.000000	202.470869	49.535651	5.113655e-01	3.071142e-02	2.039903e+02	3.225097e-02	
44.000000	12.000000	197.478878	263.140785	5.808622e-01	2.747117e-02	2.044322e+02	3.913775e-02	
44.000000	16.000000	191.714764	490.367535	6.141477e-01	3.137980e-02	2.049136e+02	4.043514e-02	
44.000000	20.000000	188.695611	45.901398	6.131480e-01	2.775079e-02	2.052071e+02	4.264706e-02	
44.000000	24.000000	184.999046	6.976234	6.461156e-01	2.990142e-02	2.055375e+02	4.425101e-02	
44.000000	28.000000	183.298770	648.871487	6.095810e-01	2.900419e-02	2.055619e+02	4.112403e-02	
44.000000	32.000000	182.187719	903.515264	5.985837e-01	3.115185e-02	2.059335e+02	3.937469e-02	
44.000000	36.000000	180.880701	939.997571	5.888592e-01	2.849599e-02	2.064837e+02	3.976918e-02	
44.000000	40.000000	181.649670	949.237507	5.712212e-01	2.614788e-02	2.071890e+02	4.175541e-02	
44.000000	44.000000	183.418190	23.242719	6.354208e-01	3.859902e-02	2.077543e+02	4.507853e-02	
44.000000	48.000000	191.187547	293.368035	5.464936e-01	3.295505e-02	2.081235e+02	3.623022e-02	
44.000000	52.000000	204.599233	402.862039	5.872463e-01	2.893181e-02	2.081418e+02	3.851833e-02	
44.000000	56.000000	228.305233	8.651666	5.588862e-01	2.948077e-02	2.071040e+02	3.614853e-02	
44.000000	60.000000	264.126593	21.055036	5.644999e-01	3.433718e-02	2.049899e+02	4.270351e-02	
48.000000	0.000000	261.982070	38.527113	6.242241e-01	2.731809e-02	2.006139e+02	4.196963e-02	
48.000000	4.000000	220.479140	671.121992	6.003371e-01	2.983041e-02	2.033358e+02	4.000316e-02	
48.000000	8.000000	213.929080	52.462866	6.115870e-01	2.964920e-02	2.034658e+02	4.122344e-02	
48.000000	12.000000	205.384685	910.084163	5.933238e-01	3.063059e-02	2.041473e+02	3.887941e-02	
48.000000	16.000000	201.300922	5.551880	6.076556e-01	3.125439e-02	2.044577e+02	4.163845e-02	
48.000000	20.000000	197.579935	50.857579	5.659569e-01	2.613927e-02	2.048169e+02	4.084426e-02	
48.000000	24.000000	193.438818	933.429612	6.649742e-01	4.116580e-02	2.047105e+02	4.751800e-02	
48.000000	28.000000	190.567978	70.371606	6.143657e-01	3.024419e-02	2.049164e+02	4.046015e-02	
48.000000	32.000000	189.297925	42.049072	5.899077e-01	2.663526e-02	2.053425e+02	3.960983e-02	
48.000000	36.000000	188.552579	47.088933	5.621956e-01	2.990891e-02	2.059607e+02	3.768931e-02	
48.000000	40.000000	188.781614	38.562470	6.132502e-01	2.816996e-02	2.065924e+02	4.133783e-02	
48.000000	44.000000	189.164782	41.459996	5.810148e-01	2.902664e-02	2.073539e+02	3.895692e-02	
48.000000	48.000000	197.369293	97.939896	5.362546e-01	3.076671e-02	2.079051e+02	4.241642e-02	
48.000000	52.000000	209.575053	229.037272	5.454723e-01	3.249163e-02	2.080118e+02	3.758427e-02	
48.000000	56.000000	231.738865	74.966603	5.696232e-01	2.556256e-02	2.072445e+02	3.859351e-02	
48.000000	60.000000	266.375820	288.639435	5.736397e-01	2.620079e-02	2.053135e+02	3.840450e-02	
52.000000	0.000000	282.257481	1006.018046	6.363557e-01	3.517111e-02	2.014857e+02	4.393408e-02	
52.000000	4.000000	237.206756	110.088554	5.719034e-01	2.810871e-02	2.023593e+02	3.907062e-02	
52.000000	8.000000	228.505189	449.567618	6.799642e-01	3.715522e-02	2.026156e+02	4.801670e-02	
52.000000	12.000000	220.294612	756.419514	6.251592e-01	3.431694e-02	2.033816e+02	4.315256e-02	
52.000000	16.000000	213.963461	71.215327	5.870939e-01	3.678869e-02	2.038439e+02	6.548584e-02	
52.000000	20.000000	209.110421	2.742552	5.855070e-01	3.028710e-02	2.039917e+02	3.857865e-02	
52.000000	24.000000	204.645611	745.129930	5.659481e-01	2.958012e-02	2.042771e+02	3.760792e-02	
52.000000	28.000000	202.058746	55.926199	5.804955e-01	2.708282e-02	2.043861e+02	3.897420e-02	
52.000000	32.000000	200.674347	65.440040	5.815410e-01	2.601170e-02	2.047031e+02	3.922095e-02	
52.000000	36.000000	197.964909	81.959324	6.114606e-01	3.197452e-02	2.054339e+02	4.203530e-02	
52.000000	40.000000	197.831324	280.036759	6.081100e-01	3.469860e-02	2.062969e+02	4.111486e-02	
52.000000	44.000000	198.523658	45.134966	5.327749e-01	2.926893e-02	2.069395e+02	3.449633e-02	
52.000000	48.000000	204.519560	20.845171	6.225885e-01	2.967493e-02	2.074531e+02	4.213580e-02	
52.000000	52.000000	216.436589	130.054303	5.999709e-01	2.836957e-02	2.077448e+02	3.984839e-02	
52.000000	56.000000	236.469836	50.140694	6.151149e-01	2.843400e-02	2.074167e+02	4.147242e-02	
52.000000	60.000000	272.051573	31.257570	4.937159e-01	3.755780e-02	2.059950e+02	3.662021e-02	
56.000000	0.000000	307.694351	282.003265	5.890984e-01	2.902482e-02	2.025608e+02	4.026937e-02	
56.000000	4.000000	272.057921	156.943154	6.380998e-01	2.772901e-02	2.014014e+02	4.402536e-02	
56.000000	8.000000	261.030247	123.584305	6.199018e-01	2.588219e-02	2.016848e+02	4.395931e-02	
56.000000	12.000000	247.732642	136.710633	6.129184e-01	3.393577e-02	2.023773e+02	4.129482e-02	
56.000000	16.000000	238.179850	114.265934	5.751289e-01	3.457678e-02	2.028342e+02	3.933914e-02	
56.000000	20.000000	231.239432	857.985535	6.177908e-01	2.898715e-02	2.031754e+02	4.153196e-02	
56.000000	24.000000	226.247840	162.487018	5.931594e-01	2.550532e-02	2.032557e+02	4.194443e-02	
56.000000	28.000000	222.602239	63.699645	6.140878e-01	3.159060e-02	2.035850e+02	4.120530e-02	
56.000000	32.000000	218.383713	867.814977	6.614048e-01	3.309025e-02	2.039329e+02	4.355244e-02	
56.000000	36.000000	214.896773	21.631640	6.288682e-01	2.622503e-02	2.046989e+02	4.730677e-02	
56.000000	40.000000	212.838618	63.837766	5.848737e-01	2.573122e-02	2.052860e+02	3.962240e-02	
56.000000	44.000000	213.567322	46.725752	5.471110e-01	2.601095e-02	2.062167e+02	3.656968e-02	
56.000000	48.000000	217.127208	534.698261	6.166439e-01	2.864415e-02	2.067146e+02	4.102450e-02	
56.000000	52.000000	226.619607	37.457073	5.904675e-01	3.018970e-02	2.071252e+02	3.855782e-02	
56.000000	56.000000	245.304004	140.622574	5.972578e-01	2.754083e-02	2.071837e+02	4.083432e-02	
56.000000	60.000000	279.600506	10.231718	5.789203e-01	3.107652e-02	2.059051e+02	4.490512e-02	
60.000000	0.000000	333.416146	39.188385	6.177393e-01	3.376527e-02	2.036352e+02	4.220460e-02	
60.000000	4.000000	636.075776	361.157244	7.302981e-01	5.188113e-02	2.015737e+02	5.326242e-02	
60.000000	8.000000	565.204607	635.900398	5.515944e-01	3.120787e-02	2.020323e+02	3.635444e-02	
60.000000	12.000000	497.256892	791.306140	6.158874e-01	2.916514e-02	2.027159e+02	4.091171e-02	
60.000000	16.000000	438.408968	429.587856	6.425180e-01	2.696174e-02	2.036239e+02	4.546391e-02	
60.000000	20.000000	405.093419	751.949527	6.365515e-01	3.396803e-02	2.040216e+02	4.421792e-02	
60.000000	24.000000	373.904771	630.122078	5.814281e-01	3.166703e-02	2.041782e+02	3.847647e-02	
60.000000	28.000000	346.414253	767.352101	6.456014e-01	3.614606e-02	2.043488e+02	4.342861e-02	
60.000000	32.000000	316.865976	751.652476	6.058382e-01	2.944258e-02	2.041949e+02	3.995962e-02	
60.000000	36.000000	290.112522	768.269307	5.858650e-01	2.835965e-02	2.045047e+02	3.921247e-02	
60.000000	40.000000	268.543418	781.187402	6.314791e-01	3.531892e-02	2.048135e+02	4.238133e-02	
60.000000	44.000000	256.720628	763.895934	6.298338e-01	2.996624e-02	2.053280e+02	4.225303e-02	
60.000000	48.000000	253.156356	405.922645	6.513421e-01	4.492921e-02	2.058687e+02	4.975983e-02	
60.000000	52.000000	255.923776	848.346402	5.420182e-01	2.784222e-02	2.062420e+02	3.571089e-02	
60.000000	56.000000	270.370444	632.938815	5.927261e-01	2.866280e-02	2.062567e+02	3.942038e-02	
60.000000	60.000000	300.261687	71.312979	7.399881e-01	5.501205e-02	2.056666e+02	5.591717e-02	
0.000000	0.000000	355.475632	938.888870	6.060268e-01	3.664386e-02	2.038097e+02	4.240176e-02	
