0.000000	4.000000	153.307277	33.240898	5.629161e-01	2.875452e-02	1.939054e+02	3.897027e-02	
0.000000	8.000000	153.301975	3.208577	6.282024e-01	5.752337e-02	1.941023e+02	6.378592e-02	
0.000000	12.000000	148.207049	3.804614	5.513212e-01	2.845022e-02	1.941748e+02	3.596490e-02	
0.000000	16.000000	147.051894	27.289439	5.538948e-01	2.593151e-02	1.946268e+02	3.784203e-02	
0.000000	20.000000	147.052816	1.755517	5.898759e-01	2.645864e-02	1.946713e+02	3.974952e-02	
0.000000	24.000000	143.882720	973.229811	5.155930e-01	2.142405e-02	1.945297e+02	3.624451e-02	
0.000000	28.000000	142.131775	3.105138	5.836829e-01	2.818666e-02	1.945234e+02	3.990338e-02	
0.000000	32.000000	143.832954	53.566071	5.679381e-01	2.835535e-02	1.942302e+02	3.737296e-02	
0.000000	36.000000	147.047134	1.585197	5.465914e-01	3.063034e-02	1.948010e+02	3.658695e-02	
0.000000	40.000000	147.045756	1.537707	5.290061e-01	2.365114e-02	1.946251e+02	3.655435e-02	
0.000000	44.000000	153.302215	18.307349	5.261943e-01	3.117308e-02	1.941627e+02	3.469914e-02	
0.000000	48.000000	165.803579	2.427614	5.427061e-01	2.456109e-02	1.936089e+02	3.724981e-02	
0.000000	52.000000	176.673772	1110.199438	4.939063e+02	1.190028e+02	-1.305673e+03	8.176530e+02	
0.000000	56.000000	184.550963	3.970642	5.664087e-01	2.648105e-02	4.534388e+02	3.883223e-02	
0.000000	60.000000	172.516597	8.423116	6.022229e-01	3.264499e-02	4.481636e+02	4.003157e-02	
4.000000	0.000000	165.805823	10.602651	5.809643e-01	2.805903e-02	4.434392e+02	3.970304e-02	
4.000000	4.000000	153.836807	4.300676	5.624257e-01	3.101967e-02	1.939884e+02	3.751762e-02	
4.000000	8.000000	152.475119	26.472836	3.244603e+00	8.661415e+01	1.863714e+02	1.255672e+02	
4.000000	12.000000	152.122127	2.753463	5.787533e-01	3.191296e-02	1.940253e+02	3.930540e-02	
4.000000	16.000000	147.058527	2.478112	5.343387e-01	2.426615e-02	1.943688e+02	3.635264e-02	
4.000000	20.000000	147.051168	30.713616	5.621320e-01	2.577987e-02	1.945047e+02	3.860577e-02	
4.000000	24.000000	147.055721	1.931015	5.677031e-01	2.694261e-02	1.945983e+02	3.877860e-02	
4.000000	28.000000	147.051916	1.698817	5.659437e-01	2.687762e-02	1.946076e+02	3.864782e-02	
4.000000	32.000000	147.039759	1.575094	6.075219e-01	3.141787e-02	1.944387e+02	4.172546e-02	
4.000000	36.000000	147.086668	38.005675	5.659746e-01	2.652566e-02	1.945123e+02	3.857629e-02	
4.000000	40.000000	148.447672	169.317460	5.647248e-01	2.600749e-02	1.944906e+02	3.867872e-02	
4.000000	44.000000	153.295143	1.689888	5.859919e-01	3.083835e-02	1.941414e+02	3.847465e-02	
4.000000	48.000000	164.970185	198.683846	1.721502e+02	1.657089e+02	-1.185556e+02	2.444458e+02	
4.000000	52.000000	178.776422	673.012092	4.501656e+02	2.159450e+02	-1.191057e+03	1.399613e+03	
4.000000	56.000000	189.052328	767.094321	5.746936e-01	2.790014e-02	4.535781e+02	3.906405e-02	
4.000000	60.000000	178.304471	8.618215	5.984578e-01	2.782936e-02	4.486038e+02	4.028472e-02	
8.000000	0.000000	166.472233	7.102771	5.880027e-01	3.022334e-02	4.434190e+02	3.977199e-02	
8.000000	4.000000	157.810180	44.728745	5.750507e-01	2.551178e-02	1.937497e+02	3.915516e-02	
8.000000	8.000000	154.602271	65.964867	6.024583e-01	2.841554e-02	1.934241e+02	4.050854e-02	
8.000000	12.000000	153.296115	5.053525	5.742784e-01	3.063823e-02	1.937337e+02	3.911166e-02	
8.000000	16.000000	151.429079	194.084850	5.218738e-01	3.442160e-02	1.940100e+02	3.689196e-02	
8.000000	20.000000	147.042294	2.382905	5.771246e-01	3.289738e-02	1.941462e+02	3.859960e-02	
8.000000	24.000000	147.055906	59.945538	5.587394e-01	2.808720e-02	1.941501e+02	3.659721e-02	
8.000000	28.000000	147.053806	165.724430	5.492283e-01	2.847714e-02	1.940950e+02	3.620647e-02	
8.000000	32.000000	147.053801	26.822518	5.792899e-01	2.767856e-02	1.941702e+02	3.866078e-02	
8.000000	36.000000	147.045479	1.745257	5.282135e-01	2.663935e-02	1.941870e+02	3.488421e-02	
8.000000	40.000000	152.581753	20.196024	5.598499e-01	2.841142e-02	1.942903e+02	3.795824e-02	
8.000000	44.000000	156.511686	960.220530	5.540825e-01	2.871608e-02	1.942810e+02	3.693820e-02	
8.000000	48.000000	165.809828	146.832580	6.002600e-01	3.067859e-02	1.935847e+02	4.117693e-02	
8.000000	52.000000	179.792214	5.701752	4.501436e+02	1.865849e+02	-1.269056e+03	1.247685e+03	
8.000000	56.000000	190.800013	4.041297	5.149806e-01	3.155256e-02	4.539385e+02	3.764896e-02	
8.000000	60.000000	183.578904	7.640020	6.002737e-01	3.392221e-02	4.493079e+02	4.056816e-02	
12.000000	0.000000	172.051647	7.071416	5.846806e-01	2.810184e-02	4.434790e+02	3.950186e-02	
12.000000	4.000000	158.355227	71.148884	3.119657e+02	9.395863e+01	-7.825287e+02	6.930628e+02	
12.000000	8.000000	157.900652	79.088539	3.440040e+02	3.344158e+02	-7.498205e+02	1.830028e+02	
12.000000	12.000000	153.705853	3.941401	6.027169e-01	3.014018e-02	1.934834e+02	4.082997e-02	
12.000000	16.000000	153.305155	4.485070	6.571612e-01	4.232602e-02	1.937705e+02	4.797033e-02	
12.000000	20.000000	151.575066	32.180679	5.858149e-01	3.018711e-02	1.939810e+02	3.816651e-02	
12.000000	24.000000	147.550850	3.288189	5.785516e-01	2.929591e-02	1.939235e+02	3.902128e-02	
12.000000	28.000000	147.088421	2.158515	5.706578e-01	2.891809e-02	1.940857e+02	3.735488e-02	
12.000000	32.000000	147.056005	2.236712	5.226246e-01	3.250931e-02	1.940517e+02	3.407152e-02	
12.000000	36.000000	149.706757	240.503192	4.845029e-01	3.007093e-02	1.941120e+02	3.043777e-02	
12.000000	40.000000	153.296141	33.023537	5.625326e-01	3.004350e-02	1.941608e+02	3.673449e-02	
12.000000	44.000000	158.691653	1.819445	5.619703e-01	2.610386e-02	1.943208e+02	3.760948e-02	
12.000000	48.000000	165.809675	2.232200	5.913358e-01	2.914055e-02	1.935327e+02	4.043434e-02	
12.000000	52.000000	180.658562	4.505767	9.896407e+02	3.254708e+02	-2.137502e+03	1.200046e+03	
12.000000	56.000000	195.930184	4.650000	5.286624e-01	2.567572e-02	4.542618e+02	3.522320e-02	
12.000000	60.000000	184.992474	11.287994	6.061825e-01	3.043962e-02	4.500900e+02	3.972471e-02	
16.000000	0.000000	174.119263	1096.861771	6.263893e-01	2.626322e-02	4.436634e+02	4.423028e-02	
16.000000	4.000000	159.541321	5.931779	3.210215e+02	4.143511e+01	-9.068095e+02	2.970507e+02	
16.000000	8.000000	158.011734	76.852766	6.066464e+02	3.093063e+02	-9.452069e+02	8.924565e+02	
16.000000	12.000000	158.002218	4.572579	5.406151e-01	2.451772e-02	1.933815e+02	3.710190e-02	
16.000000	16.000000	153.300029	2.961319	5.951857e-01	2.981466e-02	1.935494e+02	4.032231e-02	
16.000000	20.000000	153.301936	4.151116	5.969081e-01	3.438921e-02	1.937728e+02	4.128043e-02	
16.000000	24.000000	152.533175	2.125912	5.604225e-01	2.769798e-02	1.936782e+02	3.818306e-02	
16.000000	28.000000	151.691632	183.007173	5.722686e-01	3.961761e-02	1.938718e+02	6.643094e-02	
16.000000	32.000000	151.589125	4.469986	6.263967e-01	3.851498e-02	1.937877e+02	4.461554e-02	
16.000000	36.000000	153.302888	2.256214	5.417280e-01	3.426256e-02	1.941055e+02	3.657990e-02	
16.000000	40.000000	153.324527	1.861655	5.779089e-01	3.249351e-02	1.939603e+02	4.301587e-02	
16.000000	44.000000	159.554264	202.088158	5.295171e-01	2.786260e-02	1.942333e+02	3.553435e-02	
16.000000	48.000000	167.180534	206.011368	5.447008e-01	2.626898e-02	1.936832e+02	3.705576e-02	
16.000000	52.000000	182.317318	4.429481	2.081538e+01	5.067523e-01	3.245238e+02	5.635773e-01	
16.000000	56.000000	197.050048	4.575854	5.247153e-01	2.227501e-02	4.545438e+02	3.660675e-02	
16.000000	60.000000	190.803293	5.401894	5.763576e-01	2.904365e-02	4.507245e+02	3.813292e-02	
20.000000	0.000000	178.313262	8.237714	5.912278e-01	3.690291e-02	4.441339e+02	4.183948e-02	
20.000000	4.000000	164.237683	5.853174	5.385019e-01	2.953371e-02	1.931210e+02	3.536609e-02	
20.000000	8.000000	160.345435	8.848902	7.444412e+02	6.692377e+02	2.323299e+03	3.143965e+03	
20.000000	12.000000	158.323643	40.575521	3.342308e+02	5.912674e+01	-9.281423e+02	3.604803e+02	
20.000000	16.000000	157.726145	48.386424	5.731246e-01	2.730133e-02	1.935705e+02	3.925498e-02	
20.000000	20.000000	153.305896	2.983019	5.711988e-01	2.779176e-02	1.936267e+02	3.904668e-02	
20.000000	24.000000	153.301891	4.168120	5.581725e-01	2.866532e-02	1.937236e+02	3.778873e-02	
20.000000	28.000000	153.292021	3.482695	5.883620e-01	2.548854e-02	1.937502e+02	4.133295e-02	
20.000000	32.000000	153.301884	3.357420	5.491449e-01	2.720667e-02	1.938562e+02	3.984929e-02	
20.000000	36.000000	153.305495	42.908769	5.193655e-01	3.664857e-02	1.939509e+02	4.458653e-02	
20.000000	40.000000	154.631774	763.705033	4.962099e-01	3.132048e-02	1.940207e+02	3.046154e-02	
20.000000	44.000000	159.549100	2.468630	5.159380e-01	2.441731e-02	1.943023e+02	3.546135e-02	
20.000000	48.000000	170.571357	488.924369	5.555254e-01	3.107500e-02	1.939050e+02	3.618407e-02	
20.000000	52.000000	182.545405	76.837250	1.186438e+03	6.001114e+02	1.958262e+03	2.604022e+03	
20.000000	56.000000	198.293133	607.368464	4.889691e-01	3.235663e-02	4.549465e+02	3.001413e-02	
20.000000	60.000000	197.059405	7.539427	5.809643e-01	2.805903e-02	4.514392e+02	3.970304e-02	
24.000000	0.000000	184.551710	11.504679	6.017304e-01	3.111146e-02	4.449953e+02	4.015843e-02	
24.000000	4.000000	164.122586	6.354522	1.940292e+01	2.754065e-01	3.202585e+02	6.594519e-01	
24.000000	8.000000	164.009179	7.287130	3.177479e+02	8.475249e+01	-7.723723e+02	5.519696e+02	
24.000000	12.000000	160.381732	4.514586	7.070517e+02	5.004531e+02	2.440773e+03	2.675185e+03	
24.000000	16.000000	158.338321	28.215814	3.514279e+02	5.810429e+01	-1.003956e+03	2.955634e+02	
24.000000	20.000000	157.860166	81.794727	6.324724e-01	3.486624e-02	1.935713e+02	4.367029e-02	
24.000000	24.000000	154.434962	78.202010	5.917337e-01	2.743608e-02	1.933820e+02	3.979533e-02	
24.000000	28.000000	153.851088	182.251674	5.765058e-01	2.772628e-02	1.934249e+02	3.947566e-02	
24.000000	32.000000	153.305167	2.352196	6.059973e-01	3.194051e-02	1.936273e+02	4.165526e-02	
24.000000	36.000000	154.683818	154.213693	5.749554e-01	3.131162e-02	1.937522e+02	3.916450e-02	
24.000000	40.000000	159.587222	2.849978	5.210593e-01	2.854740e-02	1.940980e+02	3.577167e-02	
24.000000	44.000000	162.824506	236.416173	6.132097e-01	5.757762e-02	1.941111e+02	6.247858e-02	
24.000000	48.000000	172.053789	3.102938	5.915703e-01	3.804725e-02	1.939591e+02	5.232744e-02	
24.000000	52.000000	182.854205	5.228748	1.066186e+03	5.351948e+02	-9.427454e+02	2.471229e+03	
24.000000	56.000000	201.634104	8.652761	5.364250e-01	2.980723e-02	4.550100e+02	3.417338e-02	
24.000000	60.000000	203.304266	18.096862	6.548234e-01	4.524415e-02	4.518439e+02	4.935672e-02	
28.000000	0.000000	190.805811	8.679061	5.763917e-01	2.655837e-02	4.456858e+02	3.855062e-02	
28.000000	4.000000	170.313300	0.407926	5.347131e+01	9.037035e+02	1.380309e+03	1.414214e+00	
28.000000	8.000000	163.467096	63.470881	2.096411e+01	5.492658e-01	3.223591e+02	5.076187e-01	
28.000000	12.000000	164.086697	19.060374	9.905624e+01	1.410513e+02	3.996073e+02	2.260279e+02	
28.000000	16.000000	160.263294	182.353268	1.564566e+01	9.310918e+00	2.339270e+02	1.795618e+01	
28.000000	20.000000	158.538811	182.611571	2.421064e+02	1.620971e+02	-5.605465e+02	2.080797e+02	
28.000000	24.000000	158.553165	3.748184	5.152282e-01	2.223909e-02	1.935992e+02	3.519346e-02	
28.000000	28.000000	157.905581	378.884699	2.437714e+02	2.215811e+02	-3.700021e+02	3.587255e+02	
28.000000	32.000000	158.090471	115.925299	5.659307e-01	3.051349e-02	1.937531e+02	3.848376e-02	
28.000000	36.000000	159.550507	3.168206	5.267231e-01	3.096322e-02	1.938793e+02	3.381501e-02	
28.000000	40.000000	159.555385	18.648172	5.415084e-01	2.893152e-02	1.939264e+02	3.557375e-02	
28.000000	44.000000	165.805352	3.381468	5.295008e-01	3.647074e-02	1.940042e+02	4.045319e-02	
28.000000	48.000000	172.050401	41.326869	5.552534e-01	3.912294e-02	1.939337e+02	3.840737e-02	
28.000000	52.000000	183.969375	4.844672	5.363813e+02	5.047202e+02	-9.924459e+02	1.024115e+03	
28.000000	56.000000	203.302124	7.931497	5.659437e-01	2.687739e-02	4.553924e+02	3.864779e-02	
28.000000	60.000000	209.555222	7.743761	4.060528e-01	3.411522e-02	4.528428e+02	3.238647e-02	
32.000000	0.000000	197.056007	10.669716	5.843551e-01	2.848792e-02	4.468194e+02	4.899449e-02	
32.000000	4.000000	169.414177	8.372133	1.262006e+02	7.786960e+01	1.545537e+02	2.104810e+02	
32.000000	8.000000	167.338478	34.587842	1.893510e+01	2.577665e-01	3.259141e+02	4.369723e-01	
32.000000	12.000000	167.690475	103.134963	2.092514e+01	5.182656e-01	3.237711e+02	7.407863e-01	
32.000000	16.000000	164.251171	187.272235	7.070263e+02	7.033788e+02	1.907889e+03	7.015321e+02	
32.000000	20.000000	163.282539	229.014165	3.433528e+02	3.403956e+02	1.312805e+01	3.282380e+02	
32.000000	24.000000	158.962375	4.042259	5.318389e-01	2.811745e-02	1.931204e+02	3.729231e-02	
32.000000	28.000000	159.550328	3.512216	5.317717e-01	2.632843e-02	1.932059e+02	3.513372e-02	
32.000000	32.000000	158.524046	38.477623	4.884407e+00	2.124802e+02	1.998276e+02	1.290715e+02	
32.000000	36.000000	159.994156	3.637512	5.704773e-01	2.677241e-02	1.935468e+02	3.901961e-02	
32.000000	40.000000	163.264357	229.643238	5.680219e-01	2.838936e-02	1.936772e+02	3.863658e-02	
32.000000	44.000000	165.806956	3.191316	5.761797e-01	3.598546e-02	1.938591e+02	3.976468e-02	
32.000000	48.000000	174.143930	5.756596	5.569805e-01	2.759344e-02	1.936877e+02	3.791574e-02	
32.000000	52.000000	192.289890	0.019836	5.245413e-01	2.789863e-02	1.931839e+02	3.562615e-02	
32.000000	56.000000	203.302064	9.661422	5.409526e-01	2.479712e-02	4.556325e+02	3.706759e-02	
32.000000	60.000000	215.801912	6.665271	5.327530e-01	2.935988e-02	4.530565e+02	3.459550e-02	
36.000000	0.000000	203.302199	9.518309	6.038439e-01	2.576173e-02	4.477431e+02	4.439325e-02	
36.000000	4.000000	173.384607	22.203064	1.062614e+03	9.555531e+02	-5.946653e+02	1.937312e+03	
36.000000	8.000000	171.875000	8.070879	9.101829e+02	4.797510e+02	1.313644e+03	1.362887e+03	
36.000000	12.000000	167.548089	5.774743	1.346475e+00	7.695816e+02	4.541332e+02	3.884459e+01	
36.000000	16.000000	170.649703	934.039603	1.974353e+01	2.737674e-01	3.211789e+02	8.058438e-01	
36.000000	20.000000	164.150188	3.880678	7.735741e+02	6.327043e+02	-2.056155e+02	9.158650e+02	
36.000000	24.000000	164.087649	5.120762	4.991163e-01	3.183657e-02	1.930615e+02	3.357935e-02	
36.000000	28.000000	180.365639	22.179504	6.278611e+02	6.273454e+02	-1.065779e+03	1.850281e+03	
36.000000	32.000000	164.145008	31.238547	4.181279e+02	2.148078e+02	3.321926e+02	3.514499e+02	
36.000000	36.000000	164.197179	2.712301	1.731466e+02	1.730547e+02	-9.426193e+01	1.849287e+02	
36.000000	40.000000	165.798746	211.241036	5.521141e-01	2.574334e-02	1.936228e+02	3.782857e-02	
36.000000	44.000000	170.431082	3.505995	5.084737e-01	3.117520e-02	1.940062e+02	3.206299e-02	
36.000000	48.000000	178.299884	3.420362	5.935081e-01	3.602069e-02	1.938244e+02	4.134740e-02	
36.000000	52.000000	189.661427	5.426015	2.986558e+02	2.965395e+02	-5.503609e+02	9.128118e+02	
36.000000	56.000000	204.042298	7.612379	4.069097e+00	2.275738e+02	4.047115e+02	1.414214e+00	
36.000000	60.000000	223.699083	121.399699	6.316913e-01	3.477892e-02	4.536170e+02	4.325549e-02	
40.000000	0.000000	213.063119	1113.332730	6.220267e-01	3.051543e-02	4.489176e+02	4.154783e-02	
40.000000	4.000000	179.064811	17.986891	1.357082e+02	1.353116e+02	4.457152e+02	7.781367e+02	
40.000000	8.000000	174.070850	90.301612	5.593335e-01	2.800651e-02	4.558533e+02	4.336390e-02	
40.000000	12.000000	173.316810	31.562114	5.613334e+02	3.240413e+02	3.939224e+02	5.651022e+02	
40.000000	16.000000	169.420283	5.071374	1.921931e+01	2.938783e-01	3.249363e+02	3.710132e-01	
40.000000	20.000000	171.183056	368.741355	5.578317e+01	6.302538e+02	2.022339e+03	1.414214e+00	
40.000000	24.000000	167.596637	72.117876	1.881477e+01	2.877794e-01	3.240206e+02	4.911310e-01	
40.000000	28.000000	164.830222	117.700989	1.689485e+01	6.932242e+02	3.476754e+02	1.413806e+00	
40.000000	32.000000	164.825191	307.449027	7.299358e+02	4.105411e+02	5.052125e+02	3.318368e+03	
40.000000	36.000000	165.625001	430.013352	5.743872e+02	5.358134e+02	-1.579124e+03	9.781083e+02	
40.000000	40.000000	169.504217	123.046026	5.396698e-01	2.365778e-02	1.935000e+02	3.759669e-02	
40.000000	44.000000	171.203875	18.390014	6.146516e-01	3.431315e-02	1.936903e+02	4.265392e-02	
40.000000	48.000000	178.936002	91.437923	5.723237e-01	2.684669e-02	1.934906e+02	3.915490e-02	
40.000000	52.000000	189.909020	4.570815	4.376901e+02	1.377185e+02	-1.347214e+03	8.071507e+02	
40.000000	56.000000	206.828985	17.794751	5.166661e-01	3.149377e-02	4.561612e+02	3.469001e-02	
40.000000	60.000000	232.919675	8.656940	4.573816e-01	3.676690e-02	4.540556e+02	2.721216e-02	
44.000000	0.000000	222.052280	8.493360	5.111856e-01	3.561209e-02	4.500895e+02	3.410452e-02	
44.000000	4.000000	182.989612	23.131042	5.901060e-01	2.995673e-02	4.556308e+02	4.032042e-02	
44.000000	8.000000	180.591803	58.348480	5.857039e-01	2.675951e-02	4.553506e+02	3.927210e-02	
44.000000	12.000000	177.089166	21.124972	6.544347e-01	3.840955e-02	4.555968e+02	4.570142e-02	
44.000000	16.000000	173.265899	6.315022	2.721651e+02	4.813103e+02	-2.630450e+02	3.625050e+03	
44.000000	20.000000	171.815662	5.291791	9.079307e+02	9.078493e+02	-1.769117e+03	3.253973e+03	
44.000000	24.000000	167.587084	35.393851	1.224193e+03	7.417176e+02	7.364251e+02	1.091874e+03	
44.000000	28.000000	168.584653	5.619162	3.083506e+02	7.858014e+01	-7.955823e+02	5.270808e+02	
44.000000	32.000000	170.069974	214.162789	2.024773e+01	5.261610e-01	3.222019e+02	8.143092e-01	
44.000000	36.000000	169.734516	201.567283	1.921143e+01	2.015159e-01	3.238484e+02	3.903275e-01	
44.000000	40.000000	171.227986	5.214750	5.369523e+02	5.295590e+02	-1.064971e+03	7.868801e+02	
44.000000	44.000000	176.578706	3.584988	5.707791e-01	2.692665e-02	1.934436e+02	3.911573e-02	
44.000000	48.000000	183.559676	25.294833	5.547430e-01	2.583649e-02	1.937814e+02	3.736117e-02	
44.000000	52.000000	195.480017	160.081375	5.722500e+02	4.802445e+02	-1.663325e+03	1.148810e+03	
44.000000	56.000000	210.910190	7.179686	1.486952e+02	2.300832e+02	3.716237e+02	1.557827e+02	
44.000000	60.000000	235.808368	835.555179	5.899960e-01	2.907084e-02	4.545514e+02	4.033565e-02	
48.000000	0.000000	234.549007	9.019103	5.562599e-01	5.316946e-02	4.510819e+02	4.893386e-02	
48.000000	4.000000	192.100443	10.411547	4.848400e-01	2.834402e-02	4.548390e+02	3.125305e-02	
48.000000	8.000000	188.944455	270.773833	5.605276e-01	2.817292e-02	4.547166e+02	3.728338e-02	
48.000000	12.000000	183.659509	30.923947	5.879318e-01	3.499637e-02	4.551860e+02	4.064084e-02	
48.000000	16.000000	179.803558	6.251447	5.676295e-01	2.638726e-02	4.554672e+02	3.884942e-02	
48.000000	20.000000	177.343321	167.608808	2.445879e+02	2.441365e+02	8.870570e+02	1.899949e+02	
48.000000	24.000000	173.280242	58.364719	5.393173e-01	3.091052e-02	4.562080e+02	3.754149e-02	
48.000000	28.000000	173.310194	6.107627	2.169094e+01	3.820666e-01	3.284492e+02	6.946428e-01	
48.000000	32.000000	173.737912	206.370955	1.984660e+01	3.901539e-01	3.259591e+02	5.396358e-01	
48.000000	36.000000	175.459472	78.274632	7.294907e+02	9.342025e+02	2.050455e+03	3.664764e+03	
48.000000	40.000000	176.476293	6.320384	1.967583e+01	4.419824e-01	3.242659e+02	5.672905e-01	
48.000000	44.000000	183.224586	239.014176	3.877426e+02	1.546622e+02	-1.213278e+03	1.225803e+03	
48.000000	48.000000	191.981817	176.117370	6.879167e+02	6.875052e+02	3.976981e+02	5.212025e+02	
48.000000	52.000000	199.064895	206.683032	7.585448e+02	7.574976e+02	-1.596743e+03	8.205085e+02	
48.000000	56.000000	212.235379	1058.820585	2.209058e+00	3.268948e+02	4.512108e+02	6.446441e+03	
48.000000	60.000000	241.335716	15.705530	4.431482e-01	3.573877e-02	4.549279e+02	2.606078e-02	
52.000000	0.000000	253.305372	20.382718	5.381821e-01	2.368135e-02	4.514697e+02	3.699649e-02	
52.000000	4.000000	204.644865	27.992638	5.350314e-01	3.054864e-02	4.541355e+02	3.447716e-02	
52.000000	8.000000	201.747038	709.954022	5.461020e-01	3.007753e-02	4.539733e+02	3.503913e-02	
52.000000	12.000000	197.763136	25.790919	4.990678e-01	2.229138e-02	4.543354e+02	3.505742e-02	
52.000000	16.000000	190.802571	37.505881	5.320868e-01	2.907692e-02	4.549298e+02	3.416706e-02	
52.000000	20.000000	185.881775	793.309617	5.931787e-01	2.845421e-02	4.551421e+02	4.293890e-02	
52.000000	24.000000	182.702791	8.425631	6.317305e-01	3.500583e-02	4.555907e+02	4.374227e-02	
52.000000	28.000000	182.368153	5.608665	6.016372e-01	3.244578e-02	4.556875e+02	4.129992e-02	
52.000000	32.000000	179.090376	6.839808	5.714809e-01	2.845478e-02	4.558386e+02	4.632657e-02	
52.000000	36.000000	179.897717	38.948306	6.185269e+02	6.765606e+02	-1.529874e+03	2.837166e+03	
52.000000	40.000000	180.051341	11.352148	2.076982e+01	4.034228e-01	3.252725e+02	6.022258e-01	
52.000000	44.000000	191.111121	4.743760	1.924469e+01	3.105787e-01	3.235430e+02	4.638551e-01	
52.000000	48.000000	232.976153	5.134026	6.578857e+02	6.267198e+02	-1.815432e+03	1.593613e+03	
52.000000	52.000000	204.681595	809.517277	9.203810e-01	2.253228e+02	1.931077e+02	3.878352e+00	
52.000000	56.000000	216.648689	6.395398	7.826635e+02	8.180596e+02	-1.939632e+03	3.451792e+03	
52.000000	60.000000	246.174016	10.707485	5.023896e-01	3.106444e-02	4.551501e+02	3.282429e-02	
56.000000	0.000000	273.249117	117.254899	5.616552e-01	2.576333e-02	4.525236e+02	3.857149e-02	
56.000000	4.000000	225.928798	857.398223	5.421222e-01	2.893128e-02	4.532302e+02	3.639338e-02	
56.000000	8.000000	222.872977	41.538405	5.606857e-01	3.030419e-02	4.532354e+02	3.786380e-02	
56.000000	12.000000	215.732885	39.185003	6.097454e-01	3.378773e-02	4.533015e+02	4.214549e-02	
56.000000	16.000000	207.791852	62.876277	5.199610e-01	2.691847e-02	4.541780e+02	3.406229e-02	
56.000000	20.000000	203.799326	253.776541	5.935356e-01	2.877739e-02	4.544696e+02	4.011030e-02	
56.000000	24.000000	198.743761	49.147166	5.540401e-01	2.785749e-02	4.548590e+02	4.201448e-02	
56.000000	28.000000	197.055680	0.455180	5.069341e-01	3.162879e-02	4.550508e+02	3.558313e-02	
56.000000	32.000000	195.448776	6.867503	6.022890e-01	2.571855e-02	4.552949e+02	4.178428e-02	
56.000000	36.000000	194.267931	7.382075	5.356797e-01	2.415943e-02	4.556237e+02	3.681985e-02	
56.000000	40.000000	193.286813	66.169397	2.438958e+02	2.407692e+02	1.075143e+03	1.810669e+02	
56.000000	44.000000	197.744213	27.518306	7.482549e+02	8.420233e+02	-1.878069e+03	3.740731e+03	
56.000000	48.000000	200.995163	142.486641	1.968343e+01	2.746061e-01	3.254750e+02	3.931779e-01	
56.000000	52.000000	211.735646	8.472387	1.968221e+01	2.758876e-01	3.263675e+02	4.195084e-01	
56.000000	56.000000	227.064907	171.195391	4.923117e+02	1.381593e+02	-6.723655e+02	2.660128e+02	
56.000000	60.000000	253.837771	28.718331	5.289418e-01	2.630963e-02	4.552138e+02	3.492763e-02	
60.000000	0.000000	295.500752	21.398041	5.463522e-01	2.807272e-02	4.532621e+02	3.687698e-02	
60.000000	4.000000	310.613061	721.394727	5.824462e-01	2.789691e-02	4.518579e+02	4.022095e-02	
60.000000	8.000000	301.984028	797.129845	5.722839e-01	3.662748e-02	4.518771e+02	3.952953e-02	
60.000000	12.000000	288.565570	793.578157	5.123175e-01	2.677302e-02	4.522003e+02	3.369314e-02	
60.000000	16.000000	273.407568	807.756475	5.453822e-01	3.014533e-02	4.529880e+02	3.560733e-02	
60.000000	20.000000	261.032781	792.199313	5.752052e-01	2.795571e-02	4.536079e+02	3.935009e-02	
60.000000	24.000000	252.027700	301.996216	4.881924e-01	3.448257e-02	4.540083e+02	3.279135e-02	
60.000000	28.000000	245.418160	146.709179	5.503332e-01	2.982876e-02	4.542109e+02	3.618938e-02	
60.000000	32.000000	239.347532	755.790476	5.976752e-01	2.993578e-02	4.545094e+02	4.098008e-02	
60.000000	36.000000	233.695541	170.333631	5.361987e-01	2.555093e-02	4.546841e+02	3.654449e-02	
60.000000	40.000000	228.208538	101.689317	5.364250e-01	2.980717e-02	4.549900e+02	3.417326e-02	
60.000000	44.000000	225.355466	887.000449	5.818993e-01	2.571834e-02	4.552760e+02	3.952693e-02	
60.000000	48.000000	226.604886	152.319658	6.286306e-01	3.476978e-02	4.556097e+02	4.352249e-02	
60.000000	52.000000	232.862900	53.026511	4.741026e-01	3.688840e-02	4.560258e+02	3.046030e-02	
60.000000	56.000000	247.874278	53.634477	5.470043e-01	2.568564e-02	4.556818e+02	3.676388e-02	
60.000000	60.000000	272.688846	37.710655	5.179982e-01	3.144698e-02	4.550028e+02	3.384636e-02	
0.000000	0.000000	315.801717	30.055452	5.609415e-01	2.587551e-02	4.535657e+02	3.840425e-02	
