0.000000	4.000000	67.718219	77.686041	5.185962e-01	2.196191e-02	3.054313e+02	3.628902e-02	
0.000000	8.000000	67.520647	88.848636	4.990571e-01	3.177613e-02	3.049589e+02	3.364173e-02	
0.000000	12.000000	66.964884	4.646321	5.887995e-01	2.964306e-02	3.045282e+02	4.034361e-02	
0.000000	16.000000	101.128374	3.973515	5.638500e-01	2.633039e-02	3.045313e+02	3.840007e-02	
0.000000	20.000000	100.059290	4.968426	5.280704e-01	2.378739e-02	3.046388e+02	3.636284e-02	
0.000000	24.000000	96.412715	4.825316	5.417352e-01	2.827286e-02	3.048789e+02	4.005936e-02	
0.000000	28.000000	100.549701	2.333179	5.445840e-01	2.528076e-02	3.056374e+02	3.733439e-02	
0.000000	32.000000	355.768716	16.686028	5.232141e-01	2.861525e-02	3.061852e+02	3.396714e-02	
0.000000	36.000000	97.051196	1.980621	5.186523e-01	2.170182e-02	3.065344e+02	3.636057e-02	
0.000000	40.000000	99.762400	1.743007	5.715511e-01	2.917579e-02	3.069284e+02	3.794295e-02	
0.000000	44.000000	104.594263	2.184276	5.444043e-01	2.669879e-02	3.066978e+02	3.704224e-02	
0.000000	48.000000	114.418051	4.352049	5.584891e-01	2.777704e-02	3.056914e+02	3.792394e-02	
0.000000	52.000000	132.222240	4.741055	5.522540e-01	3.059694e-02	3.027886e+02	3.718232e-02	
0.000000	56.000000	114.258000	8.036406	5.402077e-01	2.356755e-02	2.954856e+02	3.737604e-02	
0.000000	60.000000	1478.767339	728.895853	5.461143e-01	2.573327e-02	2.853447e+02	3.726951e-02	
4.000000	0.000000	330.303592	6.163192	6.140903e-01	4.234476e-02	2.849104e+02	4.580606e-02	
4.000000	4.000000	-595.093364	5.391366	5.561544e-01	2.585917e-02	3.053962e+02	3.812408e-02	
4.000000	8.000000	-320.918807	0.817464	5.809940e-01	2.938122e-02	3.046546e+02	3.970830e-02	
4.000000	12.000000	523.428249	58.299544	5.131047e-01	2.115456e-02	3.045050e+02	3.616385e-02	
4.000000	16.000000	1499.587413	232.961012	5.201937e-01	2.647004e-02	3.042531e+02	3.522715e-02	
4.000000	20.000000	68.202917	76.001069	5.517674e-01	2.686667e-02	3.043213e+02	3.760367e-02	
4.000000	24.000000	97.425581	4.036889	5.522192e-01	3.161071e-02	3.048112e+02	3.712199e-02	
4.000000	28.000000	97.238952	0.306107	5.182510e-01	2.645314e-02	3.052146e+02	3.423382e-02	
4.000000	32.000000	96.730681	2.617370	5.739005e-01	2.829979e-02	3.056117e+02	3.910546e-02	
4.000000	36.000000	99.800445	34.889558	5.174849e-01	2.746083e-02	3.061473e+02	3.388707e-02	
4.000000	40.000000	68.130044	2.978622	5.066784e-01	2.126074e-02	3.065854e+02	3.585685e-02	
4.000000	44.000000	133.267180	45.202432	5.125189e-01	2.115266e-02	3.065249e+02	3.613115e-02	
4.000000	48.000000	139.561891	3.898268	5.636119e-01	2.899942e-02	3.057151e+02	3.830151e-02	
4.000000	52.000000	142.971983	5.183941	5.171276e-01	3.145530e-02	3.028480e+02	3.394734e-02	
4.000000	56.000000	114.309588	8.732841	4.961853e-01	3.153492e-02	2.960248e+02	3.061266e-02	
4.000000	60.000000	104.738684	7.712282	5.517061e-01	4.139626e-02	2.859648e+02	3.885232e-02	
8.000000	0.000000	96.910062	7.091345	6.218155e-01	3.895256e-02	2.848159e+02	4.452572e-02	
8.000000	4.000000	104.738685	19.429818	5.311300e-01	3.208316e-02	3.051529e+02	3.513073e-02	
8.000000	8.000000	101.944651	8.329718	5.435950e-01	2.390570e-02	3.045191e+02	3.755132e-02	
8.000000	12.000000	104.594259	6.638185	5.248752e-01	2.698512e-02	3.041614e+02	3.462982e-02	
8.000000	16.000000	101.265199	5.554105	5.636154e-01	2.952893e-02	3.040501e+02	3.741506e-02	
8.000000	20.000000	117.143365	4.750564	5.421998e-01	2.816184e-02	3.042517e+02	3.660700e-02	
8.000000	24.000000	124.964370	59.615691	5.785072e-01	2.809888e-02	3.045892e+02	3.959825e-02	
8.000000	28.000000	111.713922	2.830132	5.018982e-01	2.934968e-02	3.051715e+02	3.230252e-02	
8.000000	32.000000	98.002842	21.314536	5.163735e-01	2.183978e-02	3.055784e+02	3.609239e-02	
8.000000	36.000000	99.762399	1.980476	5.584599e-01	4.298952e-02	3.059806e+02	4.050153e-02	
8.000000	40.000000	-782.346429	2.032226	5.298791e-01	2.385495e-02	3.063773e+02	3.627971e-02	
8.000000	44.000000	-817.974554	1.825144	5.427031e-01	2.441911e-02	3.064048e+02	3.737257e-02	
8.000000	48.000000	79.693903	6.797036	5.417352e-01	2.827287e-02	3.058789e+02	4.005937e-02	
8.000000	52.000000	128.932423	6.111381	5.187786e-01	2.610103e-02	3.032658e+02	3.468895e-02	
8.000000	56.000000	119.135513	5.091872	5.098039e-01	2.809587e-02	2.971294e+02	3.308390e-02	
8.000000	60.000000	1284.606806	8.101520	5.665056e-01	3.304399e-02	2.868164e+02	3.845996e-02	
12.000000	0.000000	114.222745	4.490926	5.836141e-01	2.737053e-02	2.843950e+02	3.927962e-02	
12.000000	4.000000	101.278507	4.562768	5.063377e-01	3.076863e-02	3.049339e+02	3.158305e-02	
12.000000	8.000000	104.905978	4.470879	5.199193e-01	3.078200e-02	3.040133e+02	3.368259e-02	
12.000000	12.000000	104.276127	4.665806	4.876661e-01	3.544277e-02	3.039070e+02	3.072736e-02	
12.000000	16.000000	106.401199	5.824961	5.264743e-01	2.922335e-02	3.038536e+02	3.384161e-02	
12.000000	20.000000	104.228650	45.709349	5.290542e-01	2.817110e-02	3.038898e+02	3.705854e-02	
12.000000	24.000000	101.708700	2.969559	5.277429e-01	2.703398e-02	3.041433e+02	3.518854e-02	
12.000000	28.000000	126.263879	45.688569	5.311438e-01	3.015829e-02	3.049640e+02	3.512178e-02	
12.000000	32.000000	99.807700	2.693950	5.670035e-01	2.719720e-02	3.053784e+02	3.868976e-02	
12.000000	36.000000	73.415254	53.517536	4.777132e-01	3.185791e-02	3.059456e+02	2.916369e-02	
12.000000	40.000000	104.738682	3.217596	5.835701e-01	2.950079e-02	3.063547e+02	3.990924e-02	
12.000000	44.000000	122.632759	2.467498	5.626195e-01	2.732759e-02	3.066542e+02	3.832019e-02	
12.000000	48.000000	1317.803612	5.444397	5.130112e-01	3.253969e-02	3.059856e+02	3.369981e-02	
12.000000	52.000000	127.654501	5.081827	5.636220e-01	2.780300e-02	3.036688e+02	3.843145e-02	
12.000000	56.000000	-871.612581	4.953689	5.849756e-01	2.887137e-02	2.978936e+02	3.889805e-02	
12.000000	60.000000	117.656399	6.336041	4.809430e-01	3.347870e-02	2.879183e+02	2.951146e-02	
16.000000	0.000000	106.275021	5.428260	5.323404e-01	2.289825e-02	2.845338e+02	3.697193e-02	
16.000000	4.000000	651.035770	5.808172	5.656223e-01	3.892308e-02	3.049222e+02	3.950424e-02	
16.000000	8.000000	826.599510	5.919009	4.456050e-01	3.569052e-02	3.040656e+02	2.607864e-02	
16.000000	12.000000	1349.880830	6.375350	5.522540e-01	3.059697e-02	3.037886e+02	3.718232e-02	
16.000000	16.000000	996.398404	38.690496	5.195180e-01	2.385630e-02	3.036691e+02	3.585024e-02	
16.000000	20.000000	70.286844	4.672211	4.997168e-01	2.312878e-02	3.036678e+02	3.498940e-02	
16.000000	24.000000	104.774161	6.285573	5.107242e-01	2.669469e-02	3.042042e+02	3.362729e-02	
16.000000	28.000000	113.723365	3.111266	5.470483e-01	2.452088e-02	3.045665e+02	3.767893e-02	
16.000000	32.000000	102.668682	131.611561	5.534302e-01	3.453679e-02	3.051346e+02	3.729569e-02	
16.000000	36.000000	106.708022	2.406862	5.539804e-01	2.677793e-02	3.056686e+02	3.770538e-02	
16.000000	40.000000	104.641362	2.558165	5.787333e-01	3.647817e-02	3.061358e+02	4.012324e-02	
16.000000	44.000000	107.408853	2.894591	5.355379e-01	2.347819e-02	3.065720e+02	3.706039e-02	
16.000000	48.000000	119.143700	4.273622	5.584320e-01	2.973267e-02	3.059917e+02	3.604125e-02	
16.000000	52.000000	158.137841	8.861063	4.674222e-01	3.490903e-02	3.040231e+02	2.821798e-02	
16.000000	56.000000	153.714659	14.060895	5.751465e-01	2.738613e-02	2.985517e+02	3.940445e-02	
16.000000	60.000000	114.301689	7.060959	5.836703e-01	2.886707e-02	2.891188e+02	3.845511e-02	
20.000000	0.000000	104.594258	4.481588	5.449138e-01	2.963138e-02	2.840613e+02	3.488114e-02	
20.000000	4.000000	111.885134	14.839687	5.891744e-01	2.889658e-02	3.045188e+02	4.037128e-02	
20.000000	8.000000	107.408814	11.755486	5.344892e-01	2.371639e-02	3.035790e+02	3.673406e-02	
20.000000	12.000000	109.475476	9.538575	5.309335e-01	2.449464e-02	3.033423e+02	3.648568e-02	
20.000000	16.000000	111.000993	6.147017	5.281297e-01	2.351658e-02	3.033753e+02	3.643310e-02	
20.000000	20.000000	109.467900	4.751150	5.198232e-01	2.196944e-02	3.034412e+02	3.636509e-02	
20.000000	24.000000	134.382327	6.215658	5.153135e-01	3.112293e-02	3.038439e+02	3.384778e-02	
20.000000	28.000000	113.670170	3.618174	5.445832e-01	2.528016e-02	3.043626e+02	3.733381e-02	
20.000000	32.000000	104.738678	168.896293	5.115408e-01	3.437783e-02	3.050276e+02	3.462309e-02	
20.000000	36.000000	101.747485	25.893107	5.246621e-01	2.377330e-02	3.053576e+02	3.591040e-02	
20.000000	40.000000	73.030775	3.182109	5.225617e-01	2.963227e-02	3.060555e+02	3.316443e-02	
20.000000	44.000000	105.741499	2.813619	5.116153e-01	2.220938e-02	3.066232e+02	3.579289e-02	
20.000000	48.000000	119.610789	27.801574	5.356735e-01	3.241805e-02	3.059722e+02	3.594903e-02	
20.000000	52.000000	294.373250	1132.994891	5.843794e-01	3.633151e-02	3.041489e+02	4.061517e-02	
20.000000	56.000000	137.326993	4.817708	5.052077e-01	2.206408e-02	2.993779e+02	3.539931e-02	
20.000000	60.000000	1591.315971	6.783525	5.432073e-01	2.607767e-02	2.902286e+02	3.616826e-02	
24.000000	0.000000	-1100.246436	5.323377	5.590410e-01	3.119708e-02	2.839806e+02	3.857368e-02	
24.000000	4.000000	76.325961	159.520260	5.558382e-01	2.785672e-02	3.042984e+02	3.778452e-02	
24.000000	8.000000	75.484911	149.903963	5.324667e-01	2.312755e-02	3.034988e+02	3.688218e-02	
24.000000	12.000000	74.132490	73.949858	5.286860e-01	2.337702e-02	3.033891e+02	3.659838e-02	
24.000000	16.000000	109.475476	6.425546	5.304042e-01	3.352188e-02	3.031258e+02	3.507182e-02	
24.000000	20.000000	109.579222	5.579747	5.416420e-01	2.678981e-02	3.032890e+02	3.671396e-02	
24.000000	24.000000	109.426130	4.147098	5.263544e-01	2.229357e-02	3.035146e+02	3.670908e-02	
24.000000	28.000000	1456.481947	176.326424	4.917431e-01	2.871738e-02	3.041426e+02	3.141895e-02	
24.000000	32.000000	70.786285	3.565601	5.466162e-01	2.618656e-02	3.046699e+02	3.731768e-02	
24.000000	36.000000	104.115065	4.030900	4.752162e-01	2.207104e-02	3.053057e+02	3.389414e-02	
24.000000	40.000000	109.475477	2.751674	5.822079e-01	3.118393e-02	3.059567e+02	3.857071e-02	
24.000000	44.000000	1669.041384	169.182512	6.081522e-01	3.576593e-02	3.062255e+02	4.244987e-02	
24.000000	48.000000	127.035945	5.142542	5.190848e-01	2.987424e-02	3.059205e+02	3.684904e-02	
24.000000	52.000000	133.646038	8.808255	5.546515e-01	3.017407e-02	3.041518e+02	3.612076e-02	
24.000000	56.000000	144.464806	5.712564	5.786205e-01	3.081838e-02	2.997245e+02	3.947561e-02	
24.000000	60.000000	116.450995	7.618932	5.701785e-01	2.686981e-02	2.914884e+02	3.876422e-02	
28.000000	0.000000	109.475476	5.147707	5.171642e-01	2.195453e-02	2.835786e+02	3.620224e-02	
28.000000	4.000000	124.655862	9.482228	5.484407e-01	2.623208e-02	3.038281e+02	3.770656e-02	
28.000000	8.000000	110.857836	14.327070	4.967004e-01	3.119249e-02	3.030951e+02	3.085739e-02	
28.000000	12.000000	110.884153	8.429474	5.499667e-01	3.386931e-02	3.028592e+02	3.683244e-02	
28.000000	16.000000	-746.925949	6.267604	5.519306e-01	3.608628e-02	3.028923e+02	3.732345e-02	
28.000000	20.000000	1360.801343	109.195254	5.145955e-01	3.403943e-02	3.030755e+02	3.374768e-02	
28.000000	24.000000	110.292174	5.470080	5.579377e-01	2.604831e-02	3.032970e+02	3.735038e-02	
28.000000	28.000000	106.875605	6.706350	5.465658e-01	2.946896e-02	3.040346e+02	3.511136e-02	
28.000000	32.000000	109.426133	3.142926	5.670614e-01	2.643152e-02	3.046430e+02	3.813464e-02	
28.000000	36.000000	122.572807	2.871084	4.998235e-01	2.892184e-02	3.051153e+02	3.196957e-02	
28.000000	40.000000	122.572816	55.993722	5.647058e-01	3.028892e-02	3.057520e+02	3.830076e-02	
28.000000	44.000000	116.237066	3.600778	5.855070e-01	3.028642e-02	3.060083e+02	3.857778e-02	
28.000000	48.000000	152.052636	54.503173	5.142465e-01	3.139388e-02	3.058908e+02	3.263807e-02	
28.000000	52.000000	133.646038	10.166505	5.623354e-01	2.608957e-02	3.045115e+02	3.833129e-02	
28.000000	56.000000	134.759232	14.306273	5.795153e-01	2.785969e-02	3.005469e+02	3.969869e-02	
28.000000	60.000000	123.921737	6.217481	6.113020e-01	3.633076e-02	2.927798e+02	4.283469e-02	
32.000000	0.000000	111.570668	5.635447	5.231586e-01	2.199863e-02	2.835000e+02	3.657408e-02	
32.000000	4.000000	143.896681	10.200883	5.247153e-01	2.227486e-02	3.035438e+02	3.660655e-02	
32.000000	8.000000	78.489937	7.080562	5.390093e-01	3.851671e-02	3.029352e+02	3.634275e-02	
32.000000	12.000000	78.833843	7.244274	5.552836e-01	2.542424e-02	3.025800e+02	3.804130e-02	
32.000000	16.000000	137.668283	5.933272	5.440016e-01	2.712762e-02	3.027153e+02	3.684149e-02	
32.000000	20.000000	128.002254	8.386001	5.542757e-01	2.811444e-02	3.027155e+02	3.762009e-02	
32.000000	24.000000	-875.533646	5.301424	5.633729e-01	2.805348e-02	3.031676e+02	3.697360e-02	
32.000000	28.000000	75.066551	98.837617	5.549541e-01	2.841808e-02	3.038074e+02	3.632749e-02	
32.000000	32.000000	111.186933	4.595102	5.190024e-01	2.275952e-02	3.043782e+02	3.610403e-02	
32.000000	36.000000	106.443805	3.923740	5.197969e-01	2.953329e-02	3.049162e+02	3.662685e-02	
32.000000	40.000000	78.817744	43.281281	5.317657e-01	2.391690e-02	3.055988e+02	3.648882e-02	
32.000000	44.000000	112.215669	3.233126	5.006155e-01	3.562781e-02	3.060529e+02	3.318096e-02	
32.000000	48.000000	123.969345	5.111927	4.863445e-01	2.619275e-02	3.057781e+02	3.322945e-02	
32.000000	52.000000	163.721858	6.843831	5.598514e-01	2.611298e-02	3.045985e+02	3.828007e-02	
32.000000	56.000000	145.570268	9.929087	5.127013e-01	3.217441e-02	3.011178e+02	3.281522e-02	
32.000000	60.000000	128.615958	7.251103	5.866321e-01	2.773699e-02	2.937979e+02	3.895633e-02	
36.000000	0.000000	168.451432	9.160847	4.764377e-01	2.073634e-02	2.833427e+02	3.448816e-02	
36.000000	4.000000	120.158056	25.033287	5.485088e-01	2.971100e-02	3.029959e+02	3.510089e-02	
36.000000	8.000000	121.010734	17.854824	5.917758e-01	2.550225e-02	3.022630e+02	4.131347e-02	
36.000000	12.000000	116.285698	22.216001	5.449415e-01	3.551632e-02	3.020232e+02	4.341533e-02	
36.000000	16.000000	-885.225402	12.847665	5.069343e-01	3.162818e-02	3.020508e+02	3.558232e-02	
36.000000	20.000000	1372.407491	9.797333	5.111657e-01	3.026345e-02	3.021071e+02	3.226807e-02	
36.000000	24.000000	76.802702	7.071964	5.468487e-01	2.768808e-02	3.027022e+02	3.718653e-02	
36.000000	28.000000	112.114713	5.709894	4.878431e-01	2.844310e-02	3.031843e+02	3.259110e-02	
36.000000	32.000000	32.077471	417.365827	5.340759e-01	3.043205e-02	3.039896e+02	3.432806e-02	
36.000000	36.000000	369.443463	190.327180	5.974543e-01	2.992346e-02	3.045188e+02	4.096373e-02	
36.000000	40.000000	114.309588	4.663124	5.124273e-01	2.344267e-02	3.053316e+02	3.518215e-02	
36.000000	44.000000	1488.872903	3.378448	5.382992e-01	2.517671e-02	3.057768e+02	3.473909e-02	
36.000000	48.000000	126.072873	6.387688	5.436744e-01	2.471200e-02	3.056093e+02	3.738310e-02	
36.000000	52.000000	2016.228532	17.495703	5.994009e-01	3.283128e-02	3.047117e+02	4.125377e-02	
36.000000	56.000000	145.628460	6.374680	4.927625e-01	2.156063e-02	3.016521e+02	3.496743e-02	
36.000000	60.000000	92.349967	14.170422	5.468266e-01	2.611648e-02	2.951835e+02	3.704651e-02	
40.000000	0.000000	1385.959937	1099.288225	5.748035e-01	2.560838e-02	2.847468e+02	3.912417e-02	
40.000000	4.000000	218.676959	145.960261	5.675476e-01	2.560490e-02	3.027736e+02	3.883018e-02	
40.000000	8.000000	566.915620	230.823274	5.126257e-01	2.828319e-02	3.021103e+02	3.363727e-02	
40.000000	12.000000	961.350977	116.924418	4.960082e-01	2.887303e-02	3.018697e+02	3.169161e-02	
40.000000	16.000000	1511.233013	154.302284	5.335135e-01	2.903293e-02	3.018741e+02	3.428107e-02	
40.000000	20.000000	83.630129	78.727178	5.632147e-01	2.801481e-02	3.021218e+02	3.761605e-02	
40.000000	24.000000	119.135448	27.217149	5.364651e-01	2.484887e-02	3.023477e+02	3.681072e-02	
40.000000	28.000000	1646.220873	39.796881	4.682077e-01	3.733755e-02	3.030386e+02	2.932334e-02	
40.000000	32.000000	139.636130	5.439787	5.179851e-01	2.591385e-02	3.037592e+02	3.447266e-02	
40.000000	36.000000	76.519374	4.342974	5.450332e-01	2.730071e-02	3.042838e+02	3.698478e-02	
40.000000	40.000000	79.641914	49.959899	5.353207e-01	3.012363e-02	3.049978e+02	3.427231e-02	
40.000000	44.000000	121.010740	48.279957	5.404307e-01	2.722032e-02	3.057258e+02	3.662716e-02	
40.000000	48.000000	1220.432904	5.208748	5.457168e-01	2.643599e-02	3.056839e+02	3.719603e-02	
40.000000	52.000000	138.099987	7.090933	5.721263e-01	3.826791e-02	3.049050e+02	3.997681e-02	
40.000000	56.000000	153.126154	7.674622	5.606971e-01	3.033408e-02	3.021329e+02	4.770250e-02	
40.000000	60.000000	143.304361	13.048957	5.812209e-01	2.969269e-02	2.963313e+02	3.971380e-02	
44.000000	0.000000	124.514213	8.614364	5.448797e-01	2.953001e-02	2.860590e+02	3.479983e-02	
44.000000	4.000000	922.975858	12.047350	5.114023e-01	2.330115e-02	3.023292e+02	3.547506e-02	
44.000000	8.000000	1206.511910	9.838200	5.197676e-01	2.170929e-02	3.014951e+02	3.643000e-02	
44.000000	12.000000	1697.525647	29.323126	5.402055e-01	2.608811e-02	3.012366e+02	3.593369e-02	
44.000000	16.000000	1253.318418	0.048872	5.781130e-01	2.863058e-02	3.012667e+02	3.824241e-02	
44.000000	20.000000	84.552375	7.059941	5.715614e-01	2.681675e-02	3.014129e+02	3.860978e-02	
44.000000	24.000000	-708.903976	16.116800	5.427031e-01	2.441974e-02	3.015952e+02	3.737326e-02	
44.000000	28.000000	83.047702	91.713301	5.542432e-01	2.498557e-02	3.024763e+02	3.813527e-02	
44.000000	32.000000	145.018006	75.367698	5.284134e-01	2.284189e-02	3.034274e+02	3.671267e-02	
44.000000	36.000000	119.256879	4.757981	5.007499e-01	3.010611e-02	3.041324e+02	3.159059e-02	
44.000000	40.000000	145.774722	114.401173	5.318401e-01	3.041761e-02	3.049391e+02	3.389244e-02	
44.000000	44.000000	1197.948501	602.292421	4.993076e-01	2.003744e-02	3.054949e+02	3.561761e-02	
44.000000	48.000000	139.451486	37.878965	5.553348e-01	2.639341e-02	3.056413e+02	3.796833e-02	
44.000000	52.000000	95.254474	98.296192	5.338635e-01	2.919753e-02	3.048974e+02	3.960435e-02	
44.000000	56.000000	160.305991	8.287511	5.795153e-01	2.785969e-02	3.025469e+02	3.969869e-02	
44.000000	60.000000	1478.678465	1112.328383	5.482117e-01	2.498955e-02	2.974121e+02	3.734462e-02	
48.000000	0.000000	92.060546	12.793051	5.659618e-01	3.150384e-02	2.880276e+02	3.997193e-02	
48.000000	4.000000	89.613854	46.625425	5.563336e-01	2.571112e-02	3.015803e+02	3.818614e-02	
48.000000	8.000000	163.794981	45.053877	5.709750e-01	3.018654e-02	3.007475e+02	3.788497e-02	
48.000000	12.000000	89.367326	40.769807	5.522853e-01	2.547829e-02	3.004479e+02	3.799678e-02	
48.000000	16.000000	-1307.686578	23.166210	5.263555e-01	2.229342e-02	3.004854e+02	3.670866e-02	
48.000000	20.000000	1335.113132	958.613945	5.609964e-01	2.860954e-02	3.007106e+02	3.812117e-02	
48.000000	24.000000	86.543272	129.332149	4.794447e-01	2.617011e-02	3.012124e+02	3.219857e-02	
48.000000	28.000000	1139.899107	234.538521	5.117586e-01	2.814936e-02	3.018845e+02	3.337232e-02	
48.000000	32.000000	114.239964	57.142919	5.553749e-01	2.667823e-02	3.026553e+02	3.792448e-02	
48.000000	36.000000	-1322.367957	7.734331	5.432304e-01	2.609983e-02	3.036795e+02	3.706407e-02	
48.000000	40.000000	121.306324	195.060017	5.260533e-01	2.308023e-02	3.043936e+02	3.649101e-02	
48.000000	44.000000	1265.964575	230.404771	5.331100e-01	2.662814e-02	3.048325e+02	3.553490e-02	
48.000000	48.000000	356.752930	138.739748	4.945345e-01	2.292987e-02	3.053057e+02	3.464088e-02	
48.000000	52.000000	143.139338	27.078407	5.737644e-01	2.869938e-02	3.047069e+02	3.818052e-02	
48.000000	56.000000	163.875755	11.320815	6.090310e-01	3.655287e-02	3.027938e+02	4.273534e-02	
48.000000	60.000000	162.639473	10.028695	5.576404e-01	2.563108e-02	2.985708e+02	3.828044e-02	
52.000000	0.000000	1767.365391	9.548437	4.955993e-01	3.319911e-02	2.900494e+02	3.114959e-02	
52.000000	4.000000	-738.463955	38.843715	5.467683e-01	2.886836e-02	3.007571e+02	3.688573e-02	
52.000000	8.000000	139.913717	33.700979	5.181536e-01	2.695275e-02	2.998154e+02	3.400647e-02	
52.000000	12.000000	-757.867966	23.427344	4.901303e-01	3.184183e-02	2.999667e+02	3.151721e-02	
52.000000	16.000000	1896.589967	234.510535	5.652335e-01	2.725168e-02	2.998374e+02	4.314222e-02	
52.000000	20.000000	100.346797	897.592624	5.485088e-01	2.971103e-02	3.000041e+02	3.510092e-02	
52.000000	24.000000	513.934115	16.692798	6.118235e-01	3.143610e-02	3.005046e+02	4.159310e-02	
52.000000	28.000000	90.552161	61.475125	5.616601e-01	2.612517e-02	3.013065e+02	3.762599e-02	
52.000000	32.000000	114.471306	952.570055	5.595453e-01	2.609950e-02	3.023107e+02	3.749976e-02	
52.000000	36.000000	157.241785	650.300320	6.086081e-01	4.432361e-02	3.029532e+02	4.677209e-02	
52.000000	40.000000	87.433097	374.907975	5.801305e-01	3.074670e-02	3.038719e+02	3.801254e-02	
52.000000	44.000000	1246.533592	56.113432	6.256928e-01	3.390051e-02	3.045618e+02	4.318067e-02	
52.000000	48.000000	835.681185	4.145547	5.182538e-01	3.024713e-02	3.049249e+02	3.706898e-02	
52.000000	52.000000	148.480419	4.698659	5.602139e-01	3.586150e-02	3.048798e+02	3.815176e-02	
52.000000	56.000000	-639.496487	9.395239	5.359698e-01	2.913665e-02	3.032151e+02	3.519029e-02	
52.000000	60.000000	-1722.596537	9.590922	5.313213e-01	2.367972e-02	2.996153e+02	3.671086e-02	
56.000000	0.000000	192.617846	288.531032	5.348807e-01	2.496876e-02	2.923342e+02	3.657368e-02	
56.000000	4.000000	209.283287	151.307307	5.692118e-01	2.859309e-02	2.996780e+02	3.880476e-02	
56.000000	8.000000	208.296702	173.891154	5.089898e-01	2.808280e-02	2.991332e+02	3.299057e-02	
56.000000	12.000000	2006.416920	759.121324	5.424402e-01	3.110287e-02	2.988158e+02	3.625490e-02	
56.000000	16.000000	126.065846	960.056285	5.113516e-01	3.029986e-02	2.989650e+02	3.196640e-02	
56.000000	20.000000	-1601.925379	20.665943	5.742783e-01	3.063830e-02	2.992663e+02	3.911222e-02	
56.000000	24.000000	103.510204	41.579057	5.536767e-01	2.586643e-02	2.997775e+02	3.719268e-02	
56.000000	28.000000	183.519851	143.039278	6.138823e-01	3.213291e-02	3.005378e+02	4.220983e-02	
56.000000	32.000000	98.194600	11.712173	5.324667e-01	2.312755e-02	3.014988e+02	3.688218e-02	
56.000000	36.000000	2029.467607	787.565797	5.823206e-01	2.907791e-02	3.023775e+02	3.914876e-02	
56.000000	40.000000	171.278851	741.460727	5.241727e-01	2.253189e-02	3.035778e+02	3.650530e-02	
56.000000	44.000000	100.916461	925.147825	5.365214e-01	2.713785e-02	3.041362e+02	3.711000e-02	
56.000000	48.000000	97.060313	7.015887	5.469831e-01	2.425246e-02	3.045238e+02	3.772991e-02	
56.000000	52.000000	189.281289	4.884170	5.735658e-01	2.703928e-02	3.045000e+02	3.932031e-02	
56.000000	56.000000	172.318937	24.837910	5.470439e-01	2.533722e-02	3.036278e+02	3.751209e-02	
56.000000	60.000000	191.352988	18.002446	5.752412e-01	2.883220e-02	3.006593e+02	3.927761e-02	
60.000000	0.000000	-1333.428536	9.645369	5.764801e-01	2.796018e-02	2.948674e+02	3.954175e-02	
60.000000	4.000000	169.751102	712.156791	5.020226e-01	2.521316e-02	2.992503e+02	3.376465e-02	
60.000000	8.000000	152.557203	778.380016	5.578901e-01	2.591274e-02	2.984057e+02	3.825123e-02	
60.000000	12.000000	-1817.650043	740.980403	5.322648e-01	2.911926e-02	2.980725e+02	3.422045e-02	
60.000000	16.000000	166.357042	631.147702	5.369313e-01	2.973373e-02	2.980242e+02	3.416609e-02	
60.000000	20.000000	-2136.217594	736.503635	5.930933e-01	2.819987e-02	2.984277e+02	3.997085e-02	
60.000000	24.000000	-1469.079722	400.218484	5.050765e-01	3.626668e-02	2.990272e+02	3.932513e-02	
60.000000	28.000000	158.606989	359.321921	4.881924e-01	3.447364e-02	2.999917e+02	3.278277e-02	
60.000000	32.000000	127.532822	609.047784	5.364035e-01	2.701031e-02	3.011402e+02	3.686733e-02	
60.000000	36.000000	71.719790	176.406715	5.672235e-01	2.809139e-02	3.021852e+02	3.728458e-02	
60.000000	40.000000	420.359782	106.024666	5.206897e-01	2.697937e-02	3.028231e+02	3.419192e-02	
60.000000	44.000000	2293.324613	45.813854	5.534336e-01	2.510008e-02	3.035660e+02	3.795810e-02	
60.000000	48.000000	113.777405	64.596828	5.431919e-01	3.076392e-02	3.039992e+02	3.582088e-02	
60.000000	52.000000	202.575784	938.001287	5.330098e-01	3.721054e-02	3.040788e+02	3.540973e-02	
60.000000	56.000000	-215.467879	17.260555	5.358191e-01	2.511792e-02	3.033336e+02	3.670186e-02	
60.000000	60.000000	271.068172	26.208027	5.279119e-01	2.467090e-02	3.013203e+02	3.575738e-02	
0.000000	0.000000	161.515853	999.223357	4.928174e-01	3.532597e-02	2.969888e+02	3.468582e-02	
