0.000000	4.000000	105.662984	5.955862	5.853357e-01	2.780266e-02	4.294370e+02	3.942276e-02	
0.000000	8.000000	100.549658	5.793036	6.284110e-01	3.097099e-02	4.288983e+02	4.465032e-02	
0.000000	12.000000	99.280584	5.912903	6.182003e-01	2.967946e-02	4.286814e+02	4.121969e-02	
0.000000	16.000000	115.856623	13.876357	5.931178e-01	2.939277e-02	4.284765e+02	4.065036e-02	
0.000000	20.000000	96.412665	4.974758	5.914195e-01	3.021378e-02	4.288764e+02	3.870187e-02	
0.000000	24.000000	121.095755	105.072518	6.160764e-01	3.227069e-02	4.292284e+02	4.083167e-02	
0.000000	28.000000	116.379591	63.937409	5.810227e-01	2.819622e-02	4.297786e+02	3.841464e-02	
0.000000	32.000000	109.408207	87.187292	6.487334e-01	3.720658e-02	4.294423e+02	4.505755e-02	
0.000000	36.000000	103.309643	3.573260	6.396454e-01	3.596767e-02	4.295672e+02	4.437494e-02	
0.000000	40.000000	-420.785984	2.542241	6.125567e-01	3.077222e-02	4.299957e+02	4.022051e-02	
0.000000	44.000000	109.577439	4.182054	6.070627e-01	2.890037e-02	4.294398e+02	4.048317e-02	
0.000000	48.000000	117.841840	6.988398	6.112501e-01	3.435479e-02	4.282833e+02	4.227506e-02	
0.000000	52.000000	119.122937	6.558483	6.438959e-01	3.165907e-02	4.236361e+02	4.282708e-02	
0.000000	56.000000	109.269890	7.910176	6.308291e-01	2.958958e-02	4.157860e+02	4.239274e-02	
0.000000	60.000000	125.806011	8.511401	5.860297e-01	2.632244e-02	4.117929e+02	4.444791e-02	
4.000000	0.000000	116.544965	7.423184	5.881671e-01	2.888376e-02	4.124694e+02	3.983499e-02	
4.000000	4.000000	-159.305203	6.204232	5.973239e-01	2.910615e-02	4.291683e+02	3.931297e-02	
4.000000	8.000000	1317.535765	8.383087	6.484909e-01	3.859452e-02	4.286738e+02	4.561110e-02	
4.000000	12.000000	75.242424	16.294889	6.191758e-01	3.182563e-02	4.281041e+02	4.088470e-02	
4.000000	16.000000	99.762393	4.646207	6.033819e-01	3.404829e-02	4.282241e+02	4.060962e-02	
4.000000	20.000000	99.781490	14.202811	6.695805e-01	3.535254e-02	4.285804e+02	4.674321e-02	
4.000000	24.000000	-710.262795	4.254100	6.223005e-01	3.259168e-02	4.290593e+02	4.166057e-02	
4.000000	28.000000	133.386267	49.675038	6.083808e-01	3.143964e-02	4.290497e+02	4.021132e-02	
4.000000	32.000000	97.687098	3.269432	5.271617e-01	2.357266e-02	4.293818e+02	3.619041e-02	
4.000000	36.000000	187.131179	5.434224	6.735370e-01	3.823978e-02	4.293622e+02	4.745353e-02	
4.000000	40.000000	103.854749	2.869266	5.673789e-01	3.011772e-02	4.298017e+02	3.722725e-02	
4.000000	44.000000	126.190342	5.276727	5.871763e-01	2.852047e-02	4.294953e+02	3.936826e-02	
4.000000	48.000000	82.527870	4.815496	5.499265e-01	2.986794e-02	4.281194e+02	4.448812e-02	
4.000000	52.000000	140.091004	6.010816	6.344244e-01	3.176183e-02	4.238871e+02	4.184778e-02	
4.000000	56.000000	-198.674137	6.538190	6.608370e-01	3.559733e-02	4.165879e+02	4.584696e-02	
4.000000	60.000000	106.707517	9.095066	5.727862e-01	2.787392e-02	4.115125e+02	3.899586e-02	
8.000000	0.000000	101.981776	7.416156	6.001673e-01	3.000460e-02	4.126503e+02	4.004957e-02	
8.000000	4.000000	106.401210	5.770633	6.780932e-01	4.363204e-02	4.286847e+02	4.895931e-02	
8.000000	8.000000	195.359870	6.645772	6.740071e-01	3.165840e-02	4.282989e+02	4.619849e-02	
8.000000	12.000000	120.596464	4.634988	6.167138e-01	2.984883e-02	4.281128e+02	4.144804e-02	
8.000000	16.000000	1210.322740	7.227313	6.300743e-01	3.110260e-02	4.281954e+02	4.172010e-02	
8.000000	20.000000	111.768412	4.720389	6.145478e-01	3.728948e-02	4.282777e+02	4.216536e-02	
8.000000	24.000000	99.807252	6.584314	5.815650e-01	2.577241e-02	4.287689e+02	4.099485e-02	
8.000000	28.000000	99.901550	3.962534	6.019591e-01	3.293592e-02	4.292864e+02	4.027584e-02	
8.000000	32.000000	98.753452	4.882002	6.579933e-01	3.968737e-02	4.293535e+02	4.644054e-02	
8.000000	36.000000	99.652814	3.572513	5.871411e-01	3.218076e-02	4.292611e+02	4.022550e-02	
8.000000	40.000000	102.668594	3.941691	5.653121e-01	2.598637e-02	4.297194e+02	3.789218e-02	
8.000000	44.000000	117.685209	3.718683	6.085505e-01	2.672950e-02	4.293501e+02	4.136141e-02	
8.000000	48.000000	1552.654365	7.382503	5.646194e-01	2.570894e-02	4.282053e+02	3.913076e-02	
8.000000	52.000000	1290.531515	1171.761684	6.342183e-01	3.519962e-02	4.244283e+02	4.391562e-02	
8.000000	56.000000	115.163405	6.551293	6.457199e-01	3.134868e-02	4.175333e+02	4.286328e-02	
8.000000	60.000000	104.598615	5.821626	6.461309e-01	3.664219e-02	4.115144e+02	4.477078e-02	
12.000000	0.000000	107.763480	8.068136	6.615850e-01	3.266201e-02	4.125281e+02	4.570080e-02	
12.000000	4.000000	104.594258	7.045324	5.872133e-01	3.003875e-02	4.289958e+02	3.820609e-02	
12.000000	8.000000	102.018888	7.375007	5.547373e-01	2.766965e-02	4.282992e+02	3.762975e-02	
12.000000	12.000000	118.780235	12.828567	6.197826e-01	3.387057e-02	4.278825e+02	4.179622e-02	
12.000000	16.000000	106.275015	5.555459	5.905034e-01	3.003676e-02	4.279488e+02	3.968410e-02	
12.000000	20.000000	143.087851	5.758862	6.275142e-01	2.822630e-02	4.282598e+02	4.291511e-02	
12.000000	24.000000	114.222746	4.738071	6.408135e-01	2.766850e-02	4.286020e+02	4.456726e-02	
12.000000	28.000000	111.713922	5.392036	6.436629e-01	3.153523e-02	4.285698e+02	4.265273e-02	
12.000000	32.000000	110.595734	4.368592	6.482387e-01	3.199167e-02	4.289388e+02	4.326664e-02	
12.000000	36.000000	998.872330	12.593948	5.908662e-01	3.433225e-02	4.291496e+02	4.017941e-02	
12.000000	40.000000	103.776442	4.060262	6.217808e-01	2.677428e-02	4.292652e+02	4.955335e-02	
12.000000	44.000000	75.000109	5.306893	5.998543e-01	3.259535e-02	4.292425e+02	4.002981e-02	
12.000000	48.000000	-586.241034	7.691919	6.601677e-01	3.022188e-02	4.282258e+02	4.671694e-02	
12.000000	52.000000	128.314845	4.928992	6.671839e-01	3.172829e-02	4.246127e+02	4.566061e-02	
12.000000	56.000000	119.110287	11.108685	6.636789e-01	3.448907e-02	4.180458e+02	4.756608e-02	
12.000000	60.000000	811.140730	618.165871	6.112010e-01	3.207949e-02	4.112194e+02	4.047765e-02	
16.000000	0.000000	117.723620	6.899162	6.097288e-01	3.155693e-02	4.124670e+02	4.188563e-02	
16.000000	4.000000	144.704969	226.400770	5.906881e-01	2.969004e-02	4.283925e+02	4.037019e-02	
16.000000	8.000000	134.676309	1060.579761	5.994812e-01	2.762210e-02	4.277912e+02	4.035221e-02	
16.000000	12.000000	136.042096	232.585059	6.346382e-01	2.648414e-02	4.276515e+02	4.526008e-02	
16.000000	16.000000	102.052872	7.515941	5.871501e-01	2.589669e-02	4.277009e+02	3.968092e-02	
16.000000	20.000000	108.951199	4.258611	5.012480e-01	4.079969e-02	4.280103e+02	4.189901e-02	
16.000000	24.000000	877.241193	6.251551	6.188096e-01	2.839917e-02	4.285875e+02	4.188876e-02	
16.000000	28.000000	68.559889	5.481841	6.303099e-01	3.090756e-02	4.288076e+02	4.165806e-02	
16.000000	32.000000	122.272067	6.227356	6.458299e-01	3.121191e-02	4.291121e+02	4.415232e-02	
16.000000	36.000000	104.740397	3.384536	5.938793e-01	3.040374e-02	4.290361e+02	3.875505e-02	
16.000000	40.000000	129.060229	56.459875	6.074566e-01	3.225249e-02	4.291524e+02	4.028500e-02	
16.000000	44.000000	-89.355612	3.815858	5.504487e-01	2.757630e-02	4.293190e+02	3.699629e-02	
16.000000	48.000000	124.905854	6.924741	6.519765e-01	3.121470e-02	4.282814e+02	4.382412e-02	
16.000000	52.000000	153.155606	15.554756	6.212863e-01	3.371532e-02	4.253866e+02	4.280912e-02	
16.000000	56.000000	148.324768	7.543238	6.123634e-01	3.083510e-02	4.190000e+02	4.026880e-02	
16.000000	60.000000	109.577432	7.652293	5.814112e-01	2.794544e-02	4.115000e+02	3.983870e-02	
20.000000	0.000000	106.275020	6.814835	6.359605e-01	3.179462e-02	4.120086e+02	4.215053e-02	
20.000000	4.000000	111.186925	9.202478	6.440854e-01	3.012911e-02	4.277583e+02	4.348248e-02	
20.000000	8.000000	125.332520	7.265102	5.633287e-01	2.645503e-02	4.274495e+02	3.846960e-02	
20.000000	12.000000	109.579221	5.836967	5.759943e-01	2.547376e-02	4.272465e+02	3.937773e-02	
20.000000	16.000000	140.966558	885.634748	5.988887e-01	3.163738e-02	4.273700e+02	4.027706e-02	
20.000000	20.000000	102.266681	7.651880	6.365338e-01	3.094745e-02	4.278028e+02	4.218339e-02	
20.000000	24.000000	101.077035	4.111510	6.451711e-01	3.430992e-02	4.280543e+02	4.406000e-02	
20.000000	28.000000	101.944568	3.968742	6.350739e-01	3.489385e-02	4.284061e+02	4.277147e-02	
20.000000	32.000000	104.641366	3.334443	6.233263e-01	3.074776e-02	4.286458e+02	4.172588e-02	
20.000000	36.000000	104.545722	39.484388	6.375313e-01	3.341307e-02	4.289641e+02	4.521992e-02	
20.000000	40.000000	117.675832	3.520410	5.614897e-01	3.254789e-02	4.289402e+02	4.375575e-02	
20.000000	44.000000	114.852914	3.391644	6.224527e-01	2.815358e-02	4.287457e+02	4.235966e-02	
20.000000	48.000000	123.025132	10.769294	5.956820e-01	2.825754e-02	4.282460e+02	3.950993e-02	
20.000000	52.000000	92.662499	881.146095	6.056877e-01	3.116106e-02	4.254123e+02	4.030508e-02	
20.000000	56.000000	141.997182	7.090945	6.066227e-01	3.000379e-02	4.198670e+02	3.989961e-02	
20.000000	60.000000	116.098835	8.057589	5.901605e-01	2.883874e-02	4.121280e+02	3.908296e-02	
24.000000	0.000000	111.319122	6.866742	6.387739e-01	3.062341e-02	4.117421e+02	4.270332e-02	
24.000000	4.000000	75.484546	12.628014	6.006724e-01	3.015450e-02	4.279317e+02	3.930674e-02	
24.000000	8.000000	131.087187	6.889413	5.861774e-01	2.543106e-02	4.272580e+02	4.052193e-02	
24.000000	12.000000	109.426129	6.190240	5.893242e-01	2.963713e-02	4.270891e+02	3.853022e-02	
24.000000	16.000000	110.681021	11.903646	6.750924e-01	3.321418e-02	4.270106e+02	4.397850e-02	
24.000000	20.000000	25.528796	273.556301	6.243353e-01	3.093565e-02	4.271254e+02	4.114586e-02	
24.000000	24.000000	104.623197	5.120001	6.611918e-01	3.210186e-02	4.281249e+02	4.427412e-02	
24.000000	28.000000	104.905992	29.783230	6.264082e-01	2.818788e-02	4.284102e+02	4.253826e-02	
24.000000	32.000000	104.641363	7.073166	5.654949e-01	3.092304e-02	4.289250e+02	4.243060e-02	
24.000000	36.000000	70.766922	91.585968	6.341612e-01	3.145230e-02	4.287150e+02	4.215916e-02	
24.000000	40.000000	122.632732	6.503667	5.497176e-01	3.018917e-02	4.288378e+02	3.575011e-02	
24.000000	44.000000	114.258003	20.407644	5.747687e-01	2.963509e-02	4.289370e+02	3.729935e-02	
24.000000	48.000000	123.752914	7.424569	6.780669e-01	3.298302e-02	4.285181e+02	4.476152e-02	
24.000000	52.000000	135.953684	7.369766	6.070312e-01	3.204024e-02	4.260333e+02	4.085496e-02	
24.000000	56.000000	150.957793	7.683612	6.609062e-01	3.366334e-02	4.206657e+02	4.377086e-02	
24.000000	60.000000	1432.358216	1116.314012	6.633982e-01	3.193261e-02	4.128615e+02	4.604134e-02	
28.000000	0.000000	109.456444	8.375685	7.228179e-01	4.730372e-02	4.116699e+02	5.320585e-02	
28.000000	4.000000	-18.808891	6.655887	5.968248e-01	2.760514e-02	4.278096e+02	4.056610e-02	
28.000000	8.000000	114.277550	6.584250	5.831472e-01	2.966502e-02	4.270485e+02	3.845139e-02	
28.000000	12.000000	695.628988	8.369395	6.264022e-01	2.670071e-02	4.267219e+02	4.940689e-02	
28.000000	16.000000	75.908897	11.042627	6.221879e-01	2.924795e-02	4.268085e+02	4.178322e-02	
28.000000	20.000000	111.319140	17.037685	6.247724e-01	3.618675e-02	4.273290e+02	4.231817e-02	
28.000000	24.000000	-412.582126	4.882627	5.965001e-01	2.780898e-02	4.277794e+02	3.978272e-02	
28.000000	28.000000	73.206635	791.155811	6.437306e-01	2.772517e-02	4.284038e+02	4.477590e-02	
28.000000	32.000000	127.562119	771.015274	6.316834e-01	2.987064e-02	4.286791e+02	4.205075e-02	
28.000000	36.000000	109.167439	4.203856	6.991492e-01	3.119475e-02	4.286377e+02	5.214384e-02	
28.000000	40.000000	73.435679	5.313704	6.875812e-01	3.280902e-02	4.292652e+02	4.705184e-02	
28.000000	44.000000	77.228528	93.881988	5.977719e-01	2.942946e-02	4.293700e+02	4.020284e-02	
28.000000	48.000000	159.549669	952.705748	6.397901e-01	3.611134e-02	4.285909e+02	4.435121e-02	
28.000000	52.000000	1724.277416	9.622821	6.266855e-01	2.913790e-02	4.264359e+02	4.251396e-02	
28.000000	56.000000	134.715602	8.934861	6.542541e-01	3.066859e-02	4.215874e+02	4.320708e-02	
28.000000	60.000000	144.613958	12.648228	6.795354e-01	3.663466e-02	4.137505e+02	4.552362e-02	
32.000000	0.000000	116.416727	7.037318	6.555511e-01	3.213512e-02	4.116918e+02	4.400607e-02	
32.000000	4.000000	77.594288	133.514212	6.139812e-01	3.323180e-02	4.276302e+02	4.188581e-02	
32.000000	8.000000	110.884156	9.516530	6.499507e-01	3.283525e-02	4.267972e+02	4.305499e-02	
32.000000	12.000000	114.084137	9.732395	6.038440e-01	2.576148e-02	4.267431e+02	4.439282e-02	
32.000000	16.000000	128.064849	6.854588	5.409727e-01	2.415326e-02	4.264984e+02	3.735016e-02	
32.000000	20.000000	1553.061292	10.858229	6.021779e-01	3.531961e-02	4.271334e+02	4.156622e-02	
32.000000	24.000000	109.571810	28.099987	6.482025e-01	3.301116e-02	4.274310e+02	4.331217e-02	
32.000000	28.000000	111.076673	4.234609	6.710882e-01	3.399832e-02	4.277082e+02	4.499566e-02	
32.000000	32.000000	126.222096	4.028177	5.388947e-01	3.029673e-02	4.281576e+02	3.490852e-02	
32.000000	36.000000	109.378790	5.426048	6.048119e-01	3.078023e-02	4.285000e+02	4.141842e-02	
32.000000	40.000000	-537.284498	4.284028	5.945217e-01	3.394000e-02	4.288591e+02	4.021260e-02	
32.000000	44.000000	86.527897	88.379922	6.233262e-01	3.074776e-02	4.286458e+02	4.172589e-02	
32.000000	48.000000	397.733801	81.538937	6.765794e-01	4.051144e-02	4.283772e+02	4.584752e-02	
32.000000	52.000000	160.138892	11.442267	5.854760e-01	2.855715e-02	4.265561e+02	4.001624e-02	
32.000000	56.000000	155.570994	8.082489	6.291766e-01	2.854697e-02	4.222766e+02	4.272682e-02	
32.000000	60.000000	126.699299	9.418631	6.331287e-01	3.078922e-02	4.151174e+02	4.209788e-02	
36.000000	0.000000	146.811939	14.551914	6.110675e-01	3.053169e-02	4.113590e+02	4.079759e-02	
36.000000	4.000000	117.951952	12.793220	5.726266e-01	3.104820e-02	4.270283e+02	3.797361e-02	
36.000000	8.000000	120.791173	8.808553	5.836127e-01	4.051233e-02	4.261062e+02	4.467433e-02	
36.000000	12.000000	-482.819189	124.942307	6.012011e-01	3.082462e-02	4.260557e+02	3.944246e-02	
36.000000	16.000000	444.102974	1096.619196	6.520451e-01	3.339794e-02	4.263788e+02	4.311433e-02	
36.000000	20.000000	114.511051	15.964526	5.023551e-01	3.669119e-02	4.269784e+02	3.879827e-02	
36.000000	24.000000	153.275793	5.087014	5.928978e-01	3.095325e-02	4.272657e+02	3.940334e-02	
36.000000	28.000000	76.120354	6.854271	6.100809e-01	2.569120e-02	4.277134e+02	4.362873e-02	
36.000000	32.000000	51.873648	6.340329	6.065037e-01	3.190413e-02	4.279470e+02	4.389771e-02	
36.000000	36.000000	1077.097022	7.114969	6.082181e-01	3.217630e-02	4.283310e+02	4.071486e-02	
36.000000	40.000000	114.599137	40.569840	5.984163e-01	3.194199e-02	4.286826e+02	4.101507e-02	
36.000000	44.000000	116.098974	23.452169	7.072541e-01	3.935345e-02	4.286542e+02	5.204836e-02	
36.000000	48.000000	148.565863	14.966827	6.520465e-01	2.961460e-02	4.284556e+02	4.509703e-02	
36.000000	52.000000	174.841247	8.893657	5.871264e-01	3.193792e-02	4.270699e+02	3.917640e-02	
36.000000	56.000000	140.874414	7.580591	6.033159e-01	3.174648e-02	4.230886e+02	3.989232e-02	
36.000000	60.000000	166.896268	14.506995	6.570481e-01	3.378995e-02	4.161802e+02	4.366324e-02	
40.000000	0.000000	122.089518	13.252553	6.899656e-01	3.991935e-02	4.106881e+02	4.661750e-02	
40.000000	4.000000	1312.809611	9.163388	5.851401e-01	2.742589e-02	4.268093e+02	4.693587e-02	
40.000000	8.000000	1795.104676	25.945847	5.681446e-01	3.598854e-02	4.260633e+02	4.117642e-02	
40.000000	12.000000	94.769697	36.188805	5.793080e-01	3.024095e-02	4.257837e+02	3.814143e-02	
40.000000	16.000000	146.183473	12.067729	5.904425e-01	2.691117e-02	4.257948e+02	4.654229e-02	
40.000000	20.000000	119.126597	7.210175	6.837565e-01	3.816410e-02	4.261426e+02	4.664773e-02	
40.000000	24.000000	113.661254	6.841869	6.571642e-01	3.421875e-02	4.269634e+02	4.682049e-02	
40.000000	28.000000	112.149014	15.775185	6.205891e-01	3.121631e-02	4.275065e+02	4.139100e-02	
40.000000	32.000000	112.091446	5.969459	5.752475e-01	2.772839e-02	4.278512e+02	3.863783e-02	
40.000000	36.000000	113.977711	7.012527	6.096781e-01	3.127711e-02	4.279918e+02	4.094447e-02	
40.000000	40.000000	1272.527369	118.290089	6.208106e-01	3.386129e-02	4.282883e+02	4.157996e-02	
40.000000	44.000000	166.648728	167.358065	7.661783e-01	4.441592e-02	4.285575e+02	5.425120e-02	
40.000000	48.000000	151.356154	8.690196	6.603209e-01	4.004153e-02	4.283489e+02	4.660906e-02	
40.000000	52.000000	757.065641	151.440987	6.129417e-01	3.239457e-02	4.265898e+02	4.217189e-02	
40.000000	56.000000	1202.933606	9.158909	5.590215e-01	2.602249e-02	4.236297e+02	3.772240e-02	
40.000000	60.000000	155.256020	9.510892	6.053467e-01	2.839463e-02	4.174199e+02	4.071044e-02	
44.000000	0.000000	124.859902	9.673088	6.479065e-01	3.137279e-02	4.108455e+02	4.307894e-02	
44.000000	4.000000	1335.097842	1009.785012	5.971413e-01	2.924991e-02	4.261712e+02	3.935999e-02	
44.000000	8.000000	97.199981	1029.035815	6.074912e-01	2.933823e-02	4.255000e+02	4.049027e-02	
44.000000	12.000000	85.659174	766.944022	6.156026e-01	3.350734e-02	4.253691e+02	4.210841e-02	
44.000000	16.000000	123.737659	22.089405	6.205462e-01	3.321222e-02	4.255664e+02	4.276316e-02	
44.000000	20.000000	1633.036471	23.007483	6.324029e-01	3.417433e-02	4.257747e+02	4.226617e-02	
44.000000	24.000000	120.034640	20.148920	5.777527e-01	2.780482e-02	4.265334e+02	3.885863e-02	
44.000000	28.000000	116.307477	5.594255	6.188451e-01	3.125486e-02	4.269980e+02	4.103328e-02	
44.000000	32.000000	1493.718704	156.819041	6.346803e-01	3.286737e-02	4.271443e+02	4.210022e-02	
44.000000	36.000000	134.612361	6.030215	5.835702e-01	2.950070e-02	4.276453e+02	3.990868e-02	
44.000000	40.000000	116.761800	7.230174	6.547300e-01	3.232599e-02	4.280659e+02	4.403255e-02	
44.000000	44.000000	122.766019	28.073544	6.444585e-01	3.380207e-02	4.285570e+02	4.415508e-02	
44.000000	48.000000	133.573894	8.195794	6.248986e-01	3.462620e-02	4.283578e+02	4.320411e-02	
44.000000	52.000000	145.441828	12.822976	5.843694e-01	3.280471e-02	4.270521e+02	3.990593e-02	
44.000000	56.000000	195.074831	12.342570	6.218186e-01	3.091390e-02	4.240653e+02	4.232021e-02	
44.000000	60.000000	96.119498	14.607240	6.766786e-01	3.505625e-02	4.187832e+02	4.514953e-02	
48.000000	0.000000	163.250924	11.936515	6.843167e-01	3.853143e-02	4.107113e+02	4.599587e-02	
48.000000	4.000000	-579.473410	23.583959	6.115428e-01	3.206931e-02	4.253118e+02	4.083515e-02	
48.000000	8.000000	562.343771	20.987791	6.177064e-01	3.570940e-02	4.249503e+02	5.026691e-02	
48.000000	12.000000	1700.051873	38.295190	6.603025e-01	3.600859e-02	4.245973e+02	4.584353e-02	
48.000000	16.000000	88.384552	27.055345	5.946014e-01	2.576052e-02	4.247029e+02	4.057613e-02	
48.000000	20.000000	-467.022221	283.648041	6.325735e-01	3.083101e-02	4.251216e+02	4.196220e-02	
48.000000	24.000000	114.516781	19.357675	6.296879e-01	3.248004e-02	4.259701e+02	4.382043e-02	
48.000000	28.000000	832.856039	6.663552	6.074249e-01	3.214372e-02	4.264514e+02	4.120974e-02	
48.000000	32.000000	159.565854	119.970941	6.274564e-01	3.065338e-02	4.268222e+02	4.154875e-02	
48.000000	36.000000	721.226019	5.697197	5.697101e-01	3.170293e-02	4.271790e+02	3.770163e-02	
48.000000	40.000000	123.672212	30.547976	6.110205e-01	3.410301e-02	4.279574e+02	4.264188e-02	
48.000000	44.000000	-308.261069	330.359223	5.562385e-01	3.537824e-02	4.278900e+02	5.473764e-02	
48.000000	48.000000	1542.801580	211.213414	6.904414e-01	3.706681e-02	4.281257e+02	4.656820e-02	
48.000000	52.000000	151.229544	7.244961	5.942285e-01	2.740041e-02	4.273778e+02	3.997174e-02	
48.000000	56.000000	111.748727	12.307659	6.304379e-01	3.425405e-02	4.247605e+02	4.209346e-02	
48.000000	60.000000	1109.539150	565.866160	6.657094e-01	3.314343e-02	4.199649e+02	4.433577e-02	
52.000000	0.000000	107.054293	15.519259	6.091659e-01	2.927250e-02	4.121853e+02	4.040528e-02	
52.000000	4.000000	1214.886063	29.811722	5.885214e-01	2.581729e-02	4.247047e+02	3.988542e-02	
52.000000	8.000000	188.533605	38.265787	6.301599e-01	3.269189e-02	4.239322e+02	4.200269e-02	
52.000000	12.000000	100.796347	34.938327	6.326584e-01	3.309828e-02	4.236654e+02	4.230675e-02	
52.000000	16.000000	-1135.647686	28.820227	5.726399e-01	3.180566e-02	4.237619e+02	3.895229e-02	
52.000000	20.000000	109.993921	1019.399337	6.146469e-01	2.695697e-02	4.243650e+02	4.175397e-02	
52.000000	24.000000	1490.931773	31.728641	6.009116e-01	3.820417e-02	4.250168e+02	4.819238e-02	
52.000000	28.000000	87.238600	11.772420	6.277367e-01	3.125399e-02	4.259654e+02	4.138573e-02	
52.000000	32.000000	-1417.933666	103.330826	5.725367e-01	2.929830e-02	4.263427e+02	3.848469e-02	
52.000000	36.000000	-1164.652958	28.467778	6.470578e-01	2.695003e-02	4.265784e+02	4.359784e-02	
52.000000	40.000000	86.232965	10.392395	6.746619e-01	3.672185e-02	4.273877e+02	4.552440e-02	
52.000000	44.000000	-808.246722	7.994496	6.423151e-01	3.705611e-02	4.276863e+02	4.300609e-02	
52.000000	48.000000	997.081057	34.371097	6.155774e-01	3.041686e-02	4.280692e+02	4.104050e-02	
52.000000	52.000000	122.335647	1091.374535	6.430570e-01	3.527738e-02	4.272577e+02	4.310707e-02	
52.000000	56.000000	177.153053	15.414501	5.752053e-01	2.795561e-02	4.253921e+02	3.935032e-02	
52.000000	60.000000	225.347698	10.743170	6.413334e-01	3.089868e-02	4.213755e+02	4.251663e-02	
56.000000	0.000000	155.580377	12.590489	6.135653e-01	3.267535e-02	4.143497e+02	4.113898e-02	
56.000000	4.000000	202.207626	50.394785	6.836206e-01	3.312143e-02	4.235445e+02	4.843232e-02	
56.000000	8.000000	196.832371	46.158292	5.710702e-01	3.920352e-02	4.229440e+02	5.463872e-02	
56.000000	12.000000	-869.102707	29.253304	6.176929e-01	2.789145e-02	4.226241e+02	4.168578e-02	
56.000000	16.000000	115.497106	1012.134977	6.447697e-01	3.205661e-02	4.228829e+02	4.780331e-02	
56.000000	20.000000	1331.735960	29.788522	5.457837e-01	2.449010e-02	4.235761e+02	3.758998e-02	
56.000000	24.000000	192.969083	798.677176	5.926700e-01	2.936880e-02	4.244671e+02	4.061745e-02	
56.000000	28.000000	969.751907	34.898100	6.212930e-01	3.176461e-02	4.252938e+02	4.128306e-02	
56.000000	32.000000	104.885883	69.085853	5.983714e-01	3.035463e-02	4.256087e+02	4.019990e-02	
56.000000	36.000000	93.400170	13.157037	6.345438e-01	3.169079e-02	4.259696e+02	4.236393e-02	
56.000000	40.000000	92.809283	14.496772	6.474390e-01	3.015177e-02	4.265374e+02	4.449293e-02	
56.000000	44.000000	1542.268543	225.351162	5.758833e-01	2.969113e-02	4.270379e+02	3.773601e-02	
56.000000	48.000000	148.950041	28.001405	5.727103e-01	2.780128e-02	4.274352e+02	3.874171e-02	
56.000000	52.000000	158.720962	7.195018	5.720497e-01	2.858506e-02	4.273116e+02	3.817973e-02	
56.000000	56.000000	1785.535986	674.950484	5.681578e-01	2.738822e-02	4.256221e+02	3.884945e-02	
56.000000	60.000000	193.103152	17.860525	6.446659e-01	2.697625e-02	4.226272e+02	4.609120e-02	
60.000000	0.000000	120.028572	1027.795977	6.269902e-01	3.281591e-02	4.165553e+02	4.269566e-02	
60.000000	4.000000	97.374367	715.719285	6.146620e-01	3.154757e-02	4.235405e+02	4.172342e-02	
60.000000	8.000000	97.777805	743.820753	6.543321e-01	3.632959e-02	4.226106e+02	4.533893e-02	
60.000000	12.000000	163.469584	708.265043	6.324955e-01	2.963005e-02	4.225497e+02	4.300861e-02	
60.000000	16.000000	154.304559	819.897210	6.572486e-01	3.008793e-02	4.227620e+02	4.546230e-02	
60.000000	20.000000	142.575655	687.815447	6.044294e-01	3.092532e-02	4.234529e+02	4.148438e-02	
60.000000	24.000000	132.657197	193.914609	6.883322e-01	3.616919e-02	4.245997e+02	4.898907e-02	
60.000000	28.000000	-122.448060	711.973844	6.108646e-01	2.733132e-02	4.256303e+02	4.096528e-02	
60.000000	32.000000	1568.955293	167.502036	6.159542e-01	3.070371e-02	4.259063e+02	4.054104e-02	
60.000000	36.000000	55.056895	123.037112	6.384213e-01	2.836586e-02	4.262578e+02	4.432809e-02	
60.000000	40.000000	2291.115803	89.607942	6.483676e-01	3.471168e-02	4.263768e+02	4.355009e-02	
60.000000	44.000000	1651.468826	939.948538	6.053632e-01	2.838127e-02	4.266147e+02	4.062919e-02	
60.000000	48.000000	-889.584625	24.472867	5.413584e-01	3.432157e-02	4.269785e+02	4.130564e-02	
60.000000	52.000000	-196.951825	89.915056	6.172398e-01	3.129481e-02	4.266260e+02	4.099599e-02	
60.000000	56.000000	1678.651519	18.173544	5.850402e-01	3.290944e-02	4.258453e+02	3.912405e-02	
60.000000	60.000000	165.441129	1058.126220	5.789076e-01	2.854567e-02	4.237523e+02	3.830029e-02	
0.000000	0.000000	-650.981537	43.462784	6.092847e-01	2.609064e-02	4.193066e+02	4.223715e-02	
