0.000000	4.000000	109.557914	3.973705	6.273716e-01	3.796765e-02	4.203654e+02	4.224276e-02	
0.000000	8.000000	109.551554	4.339688	7.502747e-01	3.044253e-02	4.193816e+02	5.187312e-02	
0.000000	12.000000	108.459043	4.870631	8.367230e-01	5.005537e-02	4.192420e+02	5.795985e-02	
0.000000	16.000000	107.846634	4.042300	7.491278e-01	3.922457e-02	4.190955e+02	5.084730e-02	
0.000000	20.000000	107.295000	5.972589	7.194403e-01	3.698418e-02	4.194277e+02	5.041939e-02	
0.000000	24.000000	104.031196	5.762007	7.324973e-01	3.596606e-02	4.196582e+02	5.209165e-02	
0.000000	28.000000	103.302915	3.697338	7.608416e-01	4.122968e-02	4.199035e+02	5.081455e-02	
0.000000	32.000000	103.286305	4.208702	7.100626e-01	4.215782e-02	4.204541e+02	4.704463e-02	
0.000000	36.000000	103.251816	3.174568	7.102270e-01	3.605486e-02	4.205972e+02	5.260636e-02	
0.000000	40.000000	103.236662	2.698924	8.081928e-01	4.580624e-02	4.209718e+02	5.546015e-02	
0.000000	44.000000	109.486669	2.370089	7.496578e-01	3.589973e-02	4.205880e+02	5.282712e-02	
0.000000	48.000000	115.785382	3.229172	7.682020e-01	3.338105e-02	4.193153e+02	5.220004e-02	
0.000000	52.000000	125.674343	1168.062788	7.003353e-01	3.710125e-02	4.158568e+02	5.727416e-02	
0.000000	56.000000	122.049725	6.796057	7.748913e-01	3.366306e-02	4.096539e+02	5.146252e-02	
0.000000	60.000000	109.550012	4.969652	7.350143e-01	3.408253e-02	3.994742e+02	4.867837e-02	
4.000000	0.000000	98.409971	701.725282	7.531754e-01	3.976923e-02	3.909596e+02	5.034731e-02	
4.000000	4.000000	109.554819	8.482529	7.414289e-01	3.999023e-02	4.201930e+02	5.027394e-02	
4.000000	8.000000	109.549462	6.944858	6.130948e-01	7.339913e-02	4.199967e+02	9.610280e-02	
4.000000	12.000000	109.525328	6.163226	7.847141e-01	4.119102e-02	4.192000e+02	5.235911e-02	
4.000000	16.000000	109.559916	4.642307	7.478536e-01	3.872393e-02	4.195047e+02	4.939128e-02	
4.000000	20.000000	109.552764	4.010064	7.760429e-01	3.803095e-02	4.194680e+02	5.198819e-02	
4.000000	24.000000	107.868345	4.174980	7.047112e-01	3.090941e-02	4.195574e+02	4.788121e-02	
4.000000	28.000000	103.781121	4.579127	7.402191e-01	4.070647e-02	4.200817e+02	5.015799e-02	
4.000000	32.000000	103.293692	2.753351	7.090663e-01	3.938776e-02	4.207951e+02	4.711535e-02	
4.000000	36.000000	103.287012	2.842408	7.756974e-01	4.306166e-02	4.208606e+02	5.177632e-02	
4.000000	40.000000	106.250000	37.368714	8.691571e-01	5.416423e-02	4.208427e+02	6.121659e-02	
4.000000	44.000000	109.486647	79.356403	7.798728e-01	4.141294e-02	4.207779e+02	5.186408e-02	
4.000000	48.000000	115.810223	13.343898	7.471059e-01	2.748368e-02	4.196075e+02	5.051000e-02	
4.000000	52.000000	128.300150	6.835223	7.235721e-01	4.387902e-02	4.163407e+02	4.917261e-02	
4.000000	56.000000	122.050825	6.063283	7.282132e-01	3.089370e-02	4.105636e+02	5.070655e-02	
4.000000	60.000000	109.553785	6.263992	8.005693e-01	3.972170e-02	4.005320e+02	5.547054e-02	
8.000000	0.000000	103.302188	3.351088	7.061191e-01	3.529153e-02	3.911102e+02	4.878082e-02	
8.000000	4.000000	109.562955	5.583236	8.398308e-01	3.808521e-02	4.197987e+02	5.548448e-02	
8.000000	8.000000	109.546196	4.763517	7.374184e-01	3.687281e-02	4.196326e+02	5.744832e-02	
8.000000	12.000000	109.557911	5.435740	8.049023e-01	4.419467e-02	4.193841e+02	6.000103e-02	
8.000000	16.000000	109.527695	7.420372	7.928352e-01	4.318850e-02	4.191501e+02	5.448557e-02	
8.000000	20.000000	109.560747	8.744405	7.334842e-01	3.070261e-02	4.194829e+02	4.943042e-02	
8.000000	24.000000	109.544591	5.282130	7.673305e-01	4.182929e-02	4.198432e+02	6.010921e-02	
8.000000	28.000000	109.549845	3.957377	6.900189e-01	3.733244e-02	4.201447e+02	4.637701e-02	
8.000000	32.000000	105.485640	14.640392	6.645719e-01	3.512003e-02	4.204702e+02	4.530526e-02	
8.000000	36.000000	106.398428	15.876103	7.341042e-01	3.882716e-02	4.208629e+02	4.927169e-02	
8.000000	40.000000	109.559230	2.762547	7.231524e-01	3.969169e-02	4.209175e+02	4.950896e-02	
8.000000	44.000000	109.486688	2.917872	8.024504e-01	4.002926e-02	4.205245e+02	5.398736e-02	
8.000000	48.000000	115.793999	3.621572	7.309431e-01	2.668434e-02	4.195853e+02	4.902546e-02	
8.000000	52.000000	128.298881	4.743511	7.326200e-01	5.332823e-02	4.169860e+02	6.615321e-02	
8.000000	56.000000	128.303806	5.080703	7.594586e-01	3.898363e-02	4.113449e+02	5.463180e-02	
8.000000	60.000000	115.795229	6.574208	8.077027e-01	3.496262e-02	4.014493e+02	6.004358e-02	
12.000000	0.000000	103.306222	5.462198	7.323427e-01	2.710510e-02	3.913783e+02	4.905687e-02	
12.000000	4.000000	109.544638	5.989729	7.723980e-01	5.755151e-02	4.202060e+02	5.798157e-02	
12.000000	8.000000	109.555534	5.231373	7.064466e-01	3.701195e-02	4.194957e+02	4.975104e-02	
12.000000	12.000000	109.567944	4.274474	6.828551e-01	2.456816e-02	4.194344e+02	4.717644e-02	
12.000000	16.000000	109.551996	4.256456	7.341903e-01	3.769532e-02	4.192005e+02	4.990092e-02	
12.000000	20.000000	109.555675	4.390207	7.176763e-01	3.472535e-02	4.191835e+02	4.777593e-02	
12.000000	24.000000	109.546481	6.287794	8.273971e-01	3.616325e-02	4.194084e+02	5.598981e-02	
12.000000	28.000000	109.556544	5.364362	6.535128e-01	5.363323e-02	4.202269e+02	5.224871e-02	
12.000000	32.000000	109.575707	3.378584	8.220775e-01	4.486417e-02	4.202394e+02	5.828571e-02	
12.000000	36.000000	109.555515	3.369857	7.018772e-01	3.448409e-02	4.207550e+02	4.717075e-02	
12.000000	40.000000	109.510083	4.076349	8.105650e-01	4.587467e-02	4.206986e+02	5.501829e-02	
12.000000	44.000000	109.555617	2.487316	8.237903e-01	5.441622e-02	4.201763e+02	5.962938e-02	
12.000000	48.000000	115.775907	2.906434	7.474346e-01	3.396736e-02	4.196999e+02	5.079091e-02	
12.000000	52.000000	128.296651	5.697007	7.505500e-01	3.175785e-02	4.174314e+02	4.979159e-02	
12.000000	56.000000	128.295774	4.623263	8.613698e-01	4.339186e-02	4.117486e+02	5.870316e-02	
12.000000	60.000000	115.810550	5.932880	7.558524e-01	3.666797e-02	4.026277e+02	5.032470e-02	
16.000000	0.000000	103.963200	5.247388	7.857896e-01	3.557867e-02	3.918192e+02	5.246027e-02	
16.000000	4.000000	114.812214	90.260162	8.648509e-01	5.157373e-02	4.196789e+02	6.582028e-02	
16.000000	8.000000	115.044755	394.643678	7.202205e-01	3.492798e-02	4.191591e+02	5.249927e-02	
16.000000	12.000000	114.231426	597.439193	7.313131e-01	3.617944e-02	4.185995e+02	4.847963e-02	
16.000000	16.000000	114.142469	836.724353	7.133238e-01	3.626607e-02	4.188659e+02	4.792358e-02	
16.000000	20.000000	110.800259	863.263002	8.220200e-01	3.717906e-02	4.187105e+02	5.559396e-02	
16.000000	24.000000	109.486684	4.774642	7.110709e-01	3.078425e-02	4.193301e+02	4.709479e-02	
16.000000	28.000000	109.555856	4.558547	7.875528e-01	4.377861e-02	4.200557e+02	5.302522e-02	
16.000000	32.000000	109.555608	14.421492	6.152003e-01	3.201526e-02	4.208007e+02	4.060323e-02	
16.000000	36.000000	109.536493	13.313552	7.180733e-01	3.686507e-02	4.210179e+02	4.822325e-02	
16.000000	40.000000	109.552953	4.275186	8.643458e-01	3.864696e-02	4.208505e+02	5.722764e-02	
16.000000	44.000000	114.601011	557.714426	6.594091e-01	3.173692e-02	4.203805e+02	4.398580e-02	
16.000000	48.000000	117.224720	9.694831	7.027927e-01	3.440781e-02	4.201753e+02	4.668048e-02	
16.000000	52.000000	128.301929	4.914453	7.760188e-01	3.908479e-02	4.177684e+02	5.287211e-02	
16.000000	56.000000	134.552101	7.240150	7.050221e-01	3.622756e-02	4.128353e+02	4.755221e-02	
16.000000	60.000000	122.046277	6.904233	7.789347e-01	3.752783e-02	4.038255e+02	5.259653e-02	
20.000000	0.000000	109.545161	5.663237	7.686396e-01	4.197266e-02	3.925443e+02	5.111167e-02	
20.000000	4.000000	115.801333	10.664316	6.916037e-01	2.696277e-02	4.195452e+02	4.886391e-02	
20.000000	8.000000	115.797480	7.957194	7.290803e-01	3.904153e-02	4.189645e+02	4.939964e-02	
20.000000	12.000000	115.793915	7.965216	7.708022e-01	3.582440e-02	4.183927e+02	5.197123e-02	
20.000000	16.000000	115.796228	6.257631	7.092256e-01	3.868672e-02	4.185122e+02	4.813724e-02	
20.000000	20.000000	115.789857	5.071882	6.246951e-01	3.780449e-02	4.186286e+02	4.276321e-02	
20.000000	24.000000	114.158769	440.095577	7.886255e-01	4.491074e-02	4.188965e+02	5.395729e-02	
20.000000	28.000000	110.190813	98.151582	6.981376e-01	2.701372e-02	4.196065e+02	4.689832e-02	
20.000000	32.000000	109.558276	3.246503	8.156599e-01	3.364656e-02	4.198326e+02	5.464003e-02	
20.000000	36.000000	109.554207	3.168434	6.805885e-01	4.459830e-02	4.207293e+02	4.771985e-02	
20.000000	40.000000	109.560318	3.529673	7.321347e-01	4.324304e-02	4.200408e+02	5.297067e-02	
20.000000	44.000000	115.807849	3.439698	7.231204e-01	4.857976e-02	4.201554e+02	5.391158e-02	
20.000000	48.000000	122.083140	3.198831	8.278028e-01	3.656834e-02	4.196672e+02	5.540202e-02	
20.000000	52.000000	128.667726	5.420116	7.376075e-01	2.868996e-02	4.176701e+02	4.942732e-02	
20.000000	56.000000	134.557271	7.875421	8.131559e-01	4.292492e-02	4.134466e+02	6.662802e-02	
20.000000	60.000000	123.910638	1116.917216	7.175319e-01	3.572270e-02	4.053941e+02	4.882086e-02	
24.000000	0.000000	109.928495	5.879626	8.050583e-01	4.241936e-02	3.939664e+02	5.445905e-02	
24.000000	4.000000	115.800505	5.546480	7.744210e-01	4.061091e-02	4.194310e+02	5.754033e-02	
24.000000	8.000000	115.797711	5.840927	7.453123e-01	3.942748e-02	4.185914e+02	5.038920e-02	
24.000000	12.000000	115.798745	5.461647	7.741671e-01	4.225016e-02	4.181334e+02	5.265968e-02	
24.000000	16.000000	115.804139	6.013233	6.259970e-01	3.388565e-02	4.183825e+02	4.207836e-02	
24.000000	20.000000	115.800403	6.544825	6.461030e-01	4.044115e-02	4.184732e+02	4.443498e-02	
24.000000	24.000000	115.807914	9.349443	7.388028e-01	4.247013e-02	4.189354e+02	5.183522e-02	
24.000000	28.000000	115.821071	4.127336	7.883979e-01	4.207020e-02	4.193029e+02	5.719671e-02	
24.000000	32.000000	113.091437	1114.109258	7.665656e-01	4.117237e-02	4.199983e+02	5.278096e-02	
24.000000	36.000000	111.188257	1009.314787	7.606768e-01	4.720904e-02	4.201453e+02	5.370644e-02	
24.000000	40.000000	114.078065	82.845832	7.880031e-01	4.164900e-02	4.202952e+02	5.280088e-02	
24.000000	44.000000	115.803164	17.679017	7.867533e-01	4.675519e-02	4.203965e+02	5.278154e-02	
24.000000	48.000000	122.062071	4.250695	7.890978e-01	4.047929e-02	4.199731e+02	5.291131e-02	
24.000000	52.000000	132.689787	5.364565	8.215974e-01	4.994481e-02	4.181129e+02	5.719836e-02	
24.000000	56.000000	140.805840	5.812485	7.181751e-01	4.892534e-02	4.142064e+02	5.229383e-02	
24.000000	60.000000	128.304257	4.699533	7.019235e-01	3.968185e-02	4.066437e+02	4.751088e-02	
28.000000	0.000000	115.800286	4.799438	8.211064e-01	4.021546e-02	3.957710e+02	5.995802e-02	
28.000000	4.000000	121.294754	6.503752	7.552173e-01	3.562977e-02	4.193772e+02	5.014830e-02	
28.000000	8.000000	120.500377	6.203311	6.923613e-01	4.528138e-02	4.186069e+02	4.642860e-02	
28.000000	12.000000	120.844682	7.971237	7.377506e-01	3.048685e-02	4.184364e+02	4.897508e-02	
28.000000	16.000000	119.074505	10.731843	7.905222e-01	4.206000e-02	4.180462e+02	5.314352e-02	
28.000000	20.000000	117.245122	10.483913	7.485989e-01	5.460311e-02	4.181242e+02	5.936920e-02	
28.000000	24.000000	115.821199	4.568111	6.622339e-01	3.532394e-02	4.185500e+02	4.409179e-02	
28.000000	28.000000	115.805925	10.862303	6.341585e-01	2.938902e-02	4.191981e+02	4.328603e-02	
28.000000	32.000000	115.802171	4.882332	8.148018e-01	3.737542e-02	4.196503e+02	5.626539e-02	
28.000000	36.000000	115.837222	4.489064	7.138011e-01	3.530036e-02	4.195731e+02	4.745807e-02	
28.000000	40.000000	115.807685	4.433145	7.106579e-01	3.499807e-02	4.203183e+02	4.734962e-02	
28.000000	44.000000	115.804835	3.798253	7.844416e-01	3.807657e-02	4.203288e+02	5.220938e-02	
28.000000	48.000000	122.055655	4.064776	7.510094e-01	4.965561e-02	4.200943e+02	5.691742e-02	
28.000000	52.000000	134.554274	4.932673	7.301395e-01	3.323741e-02	4.186292e+02	5.076092e-02	
28.000000	56.000000	144.581084	4.318058	7.715839e-01	4.484190e-02	4.150717e+02	6.002497e-02	
28.000000	60.000000	134.545332	7.516493	8.104708e-01	4.152589e-02	4.077786e+02	5.410526e-02	
32.000000	0.000000	122.051113	5.108740	7.033833e-01	3.736061e-02	3.970677e+02	4.734436e-02	
32.000000	4.000000	122.054678	10.196600	7.929666e-01	3.982487e-02	4.189463e+02	5.312429e-02	
32.000000	8.000000	122.055481	10.918611	6.613715e-01	3.657439e-02	4.185802e+02	4.466145e-02	
32.000000	12.000000	122.043650	10.525989	6.603989e-01	2.979291e-02	4.184959e+02	4.412197e-02	
32.000000	16.000000	122.038613	7.741284	7.005338e-01	3.510253e-02	4.178551e+02	4.990376e-02	
32.000000	20.000000	122.055196	6.289195	6.792062e-01	3.855512e-02	4.184503e+02	4.506191e-02	
32.000000	24.000000	121.472959	6.441345	7.559401e-01	3.538694e-02	4.184289e+02	5.106289e-02	
32.000000	28.000000	117.037547	7.049107	7.463292e-01	4.409513e-02	4.191989e+02	5.081826e-02	
32.000000	32.000000	115.803056	4.522524	7.591415e-01	4.096301e-02	4.199262e+02	5.104518e-02	
32.000000	36.000000	115.803954	5.123018	7.519266e-01	3.768800e-02	4.204164e+02	4.975706e-02	
32.000000	40.000000	115.801573	3.972672	7.725070e-01	3.551282e-02	4.204507e+02	5.126220e-02	
32.000000	44.000000	121.103639	4.338085	8.447332e-01	4.561291e-02	4.203904e+02	5.642439e-02	
32.000000	48.000000	122.864833	110.958975	6.999980e-01	3.807035e-02	4.200904e+02	4.751387e-02	
32.000000	52.000000	134.551110	6.497510	7.398651e-01	3.641914e-02	4.186919e+02	5.016270e-02	
32.000000	56.000000	147.058065	5.120523	7.340605e-01	2.665865e-02	4.155896e+02	4.932273e-02	
32.000000	60.000000	139.090943	711.978842	7.039760e-01	3.305504e-02	4.087087e+02	4.642316e-02	
36.000000	0.000000	123.291752	589.622448	7.649367e-01	3.658525e-02	3.987571e+02	5.209627e-02	
36.000000	4.000000	123.593100	996.327481	7.336947e-01	3.784569e-02	4.190993e+02	4.959009e-02	
36.000000	8.000000	123.291160	847.330652	7.052786e-01	3.142546e-02	4.183550e+02	4.663461e-02	
36.000000	12.000000	122.347580	6.969558	7.687029e-01	4.522916e-02	4.176706e+02	5.296927e-02	
36.000000	16.000000	122.054146	6.780468	6.645651e-01	3.639942e-02	4.182420e+02	4.450305e-02	
36.000000	20.000000	122.056480	6.894845	7.244528e-01	3.697014e-02	4.181985e+02	4.814340e-02	
36.000000	24.000000	122.051909	7.547544	7.108193e-01	3.739021e-02	4.184843e+02	4.793319e-02	
36.000000	28.000000	122.054402	5.509352	6.372906e-01	3.061674e-02	4.191413e+02	4.347924e-02	
36.000000	32.000000	120.533877	4.734578	7.052570e-01	3.125961e-02	4.193603e+02	5.181780e-02	
36.000000	36.000000	119.530160	14.236063	7.881310e-01	3.868336e-02	4.198223e+02	5.523889e-02	
36.000000	40.000000	120.192366	5.428290	7.796862e-01	3.911313e-02	4.201739e+02	5.705746e-02	
36.000000	44.000000	122.051857	8.034551	7.517728e-01	3.815994e-02	4.202351e+02	5.115266e-02	
36.000000	48.000000	128.326867	3.430325	7.869498e-01	4.279210e-02	4.200922e+02	5.302516e-02	
36.000000	52.000000	134.552028	5.434121	7.642311e-01	5.099557e-02	4.184764e+02	5.457163e-02	
36.000000	56.000000	151.713746	609.797308	8.081910e-01	4.072117e-02	4.160298e+02	5.441353e-02	
36.000000	60.000000	142.041160	6.917508	7.967147e-01	4.558492e-02	4.097613e+02	5.509139e-02	
40.000000	0.000000	128.303769	5.711295	6.926810e-01	3.573904e-02	4.004171e+02	4.750864e-02	
40.000000	4.000000	128.304928	9.649480	7.744085e-01	4.079968e-02	4.185083e+02	5.161713e-02	
40.000000	8.000000	128.302199	9.390238	7.623466e-01	4.090836e-02	4.179909e+02	5.186059e-02	
40.000000	12.000000	128.302178	9.284404	7.261106e-01	3.353549e-02	4.176515e+02	4.851977e-02	
40.000000	16.000000	128.305420	7.422536	7.088473e-01	3.250451e-02	4.177212e+02	4.686010e-02	
40.000000	20.000000	128.309565	4.739234	7.172543e-01	3.230242e-02	4.175860e+02	4.760310e-02	
40.000000	24.000000	127.137957	103.965231	7.917618e-01	4.378318e-02	4.179930e+02	5.398053e-02	
40.000000	28.000000	122.049923	6.081456	7.398497e-01	3.994613e-02	4.188839e+02	4.946857e-02	
40.000000	32.000000	122.054711	6.966921	6.843224e-01	3.187847e-02	4.197597e+02	5.077431e-02	
40.000000	36.000000	122.049447	13.620602	7.431407e-01	3.916053e-02	4.201358e+02	5.014552e-02	
40.000000	40.000000	122.057900	12.734420	7.416975e-01	4.177812e-02	4.202523e+02	5.242135e-02	
40.000000	44.000000	122.912373	4.528694	7.039463e-01	3.481158e-02	4.204662e+02	4.762189e-02	
40.000000	48.000000	128.323351	5.376515	6.529654e-01	3.151402e-02	4.202194e+02	4.368661e-02	
40.000000	52.000000	140.801897	4.581982	7.757344e-01	3.880910e-02	4.190791e+02	5.164238e-02	
40.000000	56.000000	153.299614	5.478609	6.965999e-01	3.810785e-02	4.169486e+02	4.856093e-02	
40.000000	60.000000	151.590029	229.348072	7.691143e-01	3.481671e-02	4.112587e+02	5.216168e-02	
44.000000	0.000000	134.558229	6.213861	7.760231e-01	4.357584e-02	4.025469e+02	5.186352e-02	
44.000000	4.000000	133.432509	5.457483	7.140792e-01	4.278967e-02	4.186155e+02	4.824562e-02	
44.000000	8.000000	132.802032	5.925062	8.117231e-01	3.667764e-02	4.176955e+02	5.464445e-02	
44.000000	12.000000	132.837645	6.605215	7.260078e-01	3.008831e-02	4.177136e+02	4.976056e-02	
44.000000	16.000000	132.545404	10.834807	7.636774e-01	3.137442e-02	4.174635e+02	5.109611e-02	
44.000000	20.000000	129.745121	11.198370	7.236995e-01	2.723184e-02	4.174177e+02	4.838172e-02	
44.000000	24.000000	128.309040	5.394520	8.099539e-01	3.601024e-02	4.176010e+02	5.404496e-02	
44.000000	28.000000	128.291134	7.360626	7.741707e-01	4.496061e-02	4.184491e+02	5.544625e-02	
44.000000	32.000000	127.262214	4.211224	7.773355e-01	3.259834e-02	4.192754e+02	5.259977e-02	
44.000000	36.000000	126.281648	1018.952622	7.356382e-01	3.767471e-02	4.198489e+02	4.887973e-02	
44.000000	40.000000	126.618345	515.518187	7.563809e-01	3.997721e-02	4.198623e+02	5.648222e-02	
44.000000	44.000000	128.300070	4.126049	7.480711e-01	4.684800e-02	4.200344e+02	5.786199e-02	
44.000000	48.000000	133.757077	6.305780	6.854399e-01	3.525059e-02	4.203257e+02	4.613131e-02	
44.000000	52.000000	140.801987	7.306053	6.844686e-01	3.177536e-02	4.192466e+02	5.014449e-02	
44.000000	56.000000	155.469818	6.693681	7.334486e-01	4.203494e-02	4.170395e+02	5.389496e-02	
44.000000	60.000000	159.553251	8.478294	8.183470e-01	3.641974e-02	4.125427e+02	5.456347e-02	
48.000000	0.000000	145.497225	6.260590	7.160893e-01	3.945709e-02	4.043488e+02	4.749314e-02	
48.000000	4.000000	137.680798	1128.569789	8.646355e-01	3.695103e-02	4.176075e+02	5.821459e-02	
48.000000	8.000000	136.965540	1117.135903	7.506411e-01	3.813207e-02	4.172185e+02	5.356206e-02	
48.000000	12.000000	136.040775	974.504326	7.319155e-01	3.850690e-02	4.169998e+02	4.979496e-02	
48.000000	16.000000	135.657301	147.073428	7.243715e-01	3.308811e-02	4.167847e+02	4.899601e-02	
48.000000	20.000000	134.545164	7.201052	8.565860e-01	5.125768e-02	4.171267e+02	6.058846e-02	
48.000000	24.000000	134.545283	8.179138	7.654980e-01	3.342339e-02	4.172990e+02	5.314258e-02	
48.000000	28.000000	134.587222	4.872971	7.791471e-01	4.501564e-02	4.180757e+02	5.415271e-02	
48.000000	32.000000	129.724714	16.616960	7.234878e-01	3.713465e-02	4.190583e+02	4.859934e-02	
48.000000	36.000000	128.304668	5.055425	6.931640e-01	3.139579e-02	4.197364e+02	4.660034e-02	
48.000000	40.000000	128.301559	5.326323	7.440196e-01	4.612287e-02	4.197027e+02	4.968123e-02	
48.000000	44.000000	132.949740	8.239698	7.543564e-01	4.146906e-02	4.199547e+02	5.337172e-02	
48.000000	48.000000	134.548103	4.721250	7.788102e-01	4.163686e-02	4.201697e+02	5.218725e-02	
48.000000	52.000000	147.045980	4.016039	7.271627e-01	3.539893e-02	4.196792e+02	4.975477e-02	
48.000000	56.000000	159.555597	6.435836	8.164882e-01	4.822835e-02	4.182527e+02	5.480346e-02	
48.000000	60.000000	170.458840	7.216336	7.585546e-01	4.055110e-02	4.139179e+02	5.125078e-02	
52.000000	0.000000	153.301916	7.002036	7.514452e-01	3.668123e-02	4.066164e+02	5.120414e-02	
52.000000	4.000000	147.043471	7.893832	7.121656e-01	3.478198e-02	4.173821e+02	5.001077e-02	
52.000000	8.000000	146.002615	7.435453	6.773587e-01	3.351525e-02	4.164406e+02	4.558025e-02	
52.000000	12.000000	145.459054	9.131137	7.387036e-01	3.781023e-02	4.162132e+02	4.957121e-02	
52.000000	16.000000	145.209225	13.759840	7.704935e-01	3.731107e-02	4.162020e+02	5.217434e-02	
52.000000	20.000000	142.104977	13.043439	7.160564e-01	3.753802e-02	4.163607e+02	4.964999e-02	
52.000000	24.000000	140.800272	7.799149	7.779297e-01	3.541309e-02	4.165371e+02	5.179838e-02	
52.000000	28.000000	140.800033	7.007122	7.036088e-01	2.975623e-02	4.175067e+02	5.043861e-02	
52.000000	32.000000	135.714137	777.858691	8.294276e-01	4.106840e-02	4.183500e+02	5.646059e-02	
52.000000	36.000000	135.080684	120.004020	7.095426e-01	3.431615e-02	4.191763e+02	4.733557e-02	
52.000000	40.000000	134.544353	4.714516	7.557565e-01	2.916191e-02	4.195165e+02	5.176633e-02	
52.000000	44.000000	135.783316	128.481427	7.989423e-01	3.602318e-02	4.194057e+02	5.390762e-02	
52.000000	48.000000	140.837860	11.989143	8.821714e-01	4.907983e-02	4.200340e+02	6.048427e-02	
52.000000	52.000000	148.439806	162.214321	8.162788e-01	3.911865e-02	4.191995e+02	5.450155e-02	
52.000000	56.000000	165.795161	6.086425	8.534973e-01	3.805475e-02	4.176681e+02	5.909462e-02	
52.000000	60.000000	182.726145	7.106210	7.200859e-01	3.771307e-02	4.146999e+02	4.765975e-02	
56.000000	0.000000	167.103171	10.470917	7.129186e-01	3.531288e-02	4.082208e+02	4.885886e-02	
56.000000	4.000000	157.775280	17.014209	8.687854e-01	3.911964e-02	4.154522e+02	5.859304e-02	
56.000000	8.000000	157.602281	20.466154	7.019889e-01	3.674849e-02	4.151829e+02	4.698441e-02	
56.000000	12.000000	156.813119	21.644047	6.804668e-01	3.466137e-02	4.150267e+02	4.555059e-02	
56.000000	16.000000	155.131794	20.447100	7.325494e-01	3.803884e-02	4.151458e+02	4.925801e-02	
56.000000	20.000000	153.989725	10.413295	7.048262e-01	3.597570e-02	4.151353e+02	4.701997e-02	
56.000000	24.000000	153.300064	17.955630	7.194353e-01	2.751695e-02	4.154917e+02	5.097125e-02	
56.000000	28.000000	151.256275	1009.037849	7.282397e-01	3.292622e-02	4.163978e+02	5.046399e-02	
56.000000	32.000000	147.055444	10.108174	6.702044e-01	2.540182e-02	4.175689e+02	4.576205e-02	
56.000000	36.000000	147.054164	6.601054	7.696491e-01	5.606608e-02	4.182774e+02	5.537772e-02	
56.000000	40.000000	147.052032	5.280845	6.874874e-01	3.555943e-02	4.187691e+02	4.599136e-02	
56.000000	44.000000	147.054999	5.672649	7.072202e-01	3.412067e-02	4.192184e+02	4.691861e-02	
56.000000	48.000000	147.704170	71.038097	7.722483e-01	2.806064e-02	4.194644e+02	5.216502e-02	
56.000000	52.000000	158.569691	6.436115	7.869003e-01	4.354439e-02	4.193211e+02	5.575525e-02	
56.000000	56.000000	172.058935	10.442456	6.978665e-01	4.006701e-02	4.185266e+02	4.640692e-02	
56.000000	60.000000	195.491269	9.445179	7.426425e-01	3.787515e-02	4.158211e+02	5.457296e-02	
60.000000	0.000000	190.799256	6.451392	7.590973e-01	4.721119e-02	4.105255e+02	5.219727e-02	
60.000000	4.000000	192.174749	29.104100	7.435809e-01	3.409421e-02	4.136763e+02	4.959116e-02	
60.000000	8.000000	192.127227	27.991880	7.611854e-01	4.070973e-02	4.128399e+02	5.180093e-02	
60.000000	12.000000	192.084158	20.150155	6.761599e-01	3.453331e-02	4.129884e+02	4.512044e-02	
60.000000	16.000000	191.326231	25.378017	6.557228e-01	3.461310e-02	4.130052e+02	4.570059e-02	
60.000000	20.000000	189.045679	196.325172	7.813417e-01	4.468913e-02	4.130521e+02	5.433628e-02	
60.000000	24.000000	185.392280	712.803814	7.139440e-01	3.206413e-02	4.137569e+02	4.814925e-02	
60.000000	28.000000	180.744536	36.557737	7.368190e-01	3.559136e-02	4.148495e+02	4.919767e-02	
60.000000	32.000000	176.586699	862.977463	6.428131e-01	4.013045e-02	4.159597e+02	5.650841e-02	
60.000000	36.000000	172.050025	37.272619	7.862892e-01	4.160351e-02	4.169139e+02	5.282968e-02	
60.000000	40.000000	169.749561	37.533645	6.904961e-01	2.726123e-02	4.175011e+02	4.669297e-02	
60.000000	44.000000	167.214550	10.840905	6.847449e-01	3.374580e-02	4.181875e+02	4.587454e-02	
60.000000	48.000000	167.060187	12.715835	9.012934e-01	4.673428e-02	4.181049e+02	6.598777e-02	
60.000000	52.000000	173.343897	107.950079	7.036064e-01	2.922730e-02	4.186573e+02	4.708483e-02	
60.000000	56.000000	185.915447	682.396082	7.658580e-01	4.002120e-02	4.181564e+02	5.243279e-02	
60.000000	60.000000	210.086030	6.667027	8.204772e-01	4.907454e-02	4.162463e+02	5.454155e-02	
0.000000	0.000000	232.906508	10.746918	6.088880e-01	3.115294e-02	4.125995e+02	4.090274e-02	
