0.000000	4.000000	140.804360	10.227547	5.537560e-01	2.497115e-02	1.804668e+02	3.810059e-02	
0.000000	8.000000	140.768460	16.248978	4.877113e-01	2.704660e-02	1.798062e+02	3.213575e-02	
0.000000	12.000000	140.332941	11.952841	5.433240e-01	2.442095e-02	1.795817e+02	3.760657e-02	
0.000000	16.000000	139.073138	3.267314	8.514577e+02	4.268921e+02	5.795874e+02	1.109014e+03	
0.000000	20.000000	138.604035	5.839595	5.616003e-01	3.458271e-02	1.798541e+02	3.819079e-02	
0.000000	24.000000	134.542408	169.784897	6.039510e-01	3.119933e-02	1.804105e+02	4.146263e-02	
0.000000	28.000000	132.958845	142.965944	5.980405e-01	2.632486e-02	1.806737e+02	4.054990e-02	
0.000000	32.000000	129.175026	2.387577	5.301873e-01	2.924565e-02	1.810908e+02	3.395415e-02	
0.000000	36.000000	128.247642	2.023234	5.662082e-01	2.630426e-02	1.816704e+02	3.798984e-02	
0.000000	40.000000	129.812351	33.857783	5.611642e-01	2.671872e-02	1.823772e+02	3.847393e-02	
0.000000	44.000000	134.544968	0.817606	4.891416e-01	3.010457e-02	1.830937e+02	3.070433e-02	
0.000000	48.000000	151.059851	40.069474	5.479274e-01	3.208145e-02	1.818261e+02	3.678843e-02	
0.000000	52.000000	160.978422	964.224185	6.020891e-01	2.653725e-02	4.473350e+02	4.094266e-02	
0.000000	56.000000	146.257162	6.891745	6.301040e-01	3.397165e-02	4.394224e+02	4.210202e-02	
0.000000	60.000000	140.801953	5.033858	5.860511e-01	2.661253e-02	4.343367e+02	3.939870e-02	
4.000000	0.000000	134.547038	5.722758	6.469136e-01	2.881135e-02	4.357148e+02	4.518504e-02	
4.000000	4.000000	142.200800	78.228078	5.812090e-01	3.056123e-02	1.802521e+02	3.856640e-02	
4.000000	8.000000	139.879457	4.369827	3.004359e+02	1.094433e+02	-7.479882e+02	7.311976e+02	
4.000000	12.000000	139.178052	4.699068	7.223934e+02	6.892227e+02	-1.637115e+03	4.875379e+03	
4.000000	16.000000	139.083540	15.184835	9.327649e+02	9.852704e+02	-2.347764e+03	3.988312e+03	
4.000000	20.000000	139.853639	3.567500	5.860046e-01	2.993583e-02	1.796084e+02	4.111083e-02	
4.000000	24.000000	134.811811	4.139215	2.061333e+00	1.505636e+02	1.801926e+02	1.383658e+00	
4.000000	28.000000	134.504530	3.565552	5.786518e-01	2.801364e-02	1.807962e+02	3.824687e-02	
4.000000	32.000000	132.809108	596.500801	5.550623e-01	2.995012e-02	1.811194e+02	3.601893e-02	
4.000000	36.000000	132.155105	934.366035	5.547305e-01	2.500037e-02	1.815047e+02	3.816982e-02	
4.000000	40.000000	134.549680	2.002624	5.350461e-01	2.985955e-02	1.822004e+02	3.582744e-02	
4.000000	44.000000	137.810211	244.227870	5.818096e-01	2.783197e-02	1.825449e+02	3.943534e-02	
4.000000	48.000000	152.087627	1.849856	5.759657e-01	3.041535e-02	1.820129e+02	3.783522e-02	
4.000000	52.000000	165.798477	4.601988	5.883514e-01	2.934737e-02	4.475595e+02	4.007286e-02	
4.000000	56.000000	153.297666	5.576315	6.295729e-01	3.397358e-02	4.400444e+02	4.707282e-02	
4.000000	60.000000	140.808614	7.160965	5.793956e-01	2.782349e-02	4.344883e+02	3.938181e-02	
8.000000	0.000000	134.555413	4.717597	6.655266e-01	3.537740e-02	4.357342e+02	4.448826e-02	
8.000000	4.000000	145.192366	101.862909	6.129245e-01	3.981108e-02	1.801408e+02	4.436711e-02	
8.000000	8.000000	192.557004	154.841881	1.323258e+01	4.557511e+02	1.985534e+02	2.824998e+03	
8.000000	12.000000	145.684566	815.188916	5.171888e+02	2.130057e+02	-1.556022e+03	1.462898e+03	
8.000000	16.000000	138.715841	92.288464	2.107884e+01	2.545342e-01	3.146437e+02	4.589858e-01	
8.000000	20.000000	139.071817	41.195419	6.080920e+02	2.909302e+02	-1.726513e+03	1.974574e+03	
8.000000	24.000000	139.201438	4.118191	3.057387e+02	1.549898e+02	2.357016e+02	2.299223e+02	
8.000000	28.000000	134.554872	24.347088	5.718695e-01	2.725008e-02	1.805799e+02	3.916188e-02	
8.000000	32.000000	134.554673	3.311738	5.831155e-01	3.265884e-02	1.807667e+02	3.991816e-02	
8.000000	36.000000	134.504647	2.527993	5.299956e-01	2.576158e-02	1.812949e+02	3.621135e-02	
8.000000	40.000000	134.504639	220.331932	5.214638e-01	3.034914e-02	1.818260e+02	3.449993e-02	
8.000000	44.000000	140.768645	1.568197	5.581071e-01	2.704516e-02	1.823402e+02	3.808679e-02	
8.000000	48.000000	153.279419	2.109150	5.368934e-01	2.725123e-02	1.818651e+02	3.732203e-02	
8.000000	52.000000	165.804160	13.813105	6.104102e-01	3.205353e-02	4.481461e+02	4.047127e-02	
8.000000	56.000000	155.212665	7.036604	6.583886e-01	3.253810e-02	4.408895e+02	4.720077e-02	
8.000000	60.000000	141.472741	7.908451	6.538989e-01	3.437980e-02	4.340054e+02	4.581456e-02	
12.000000	0.000000	138.959474	975.215108	5.946946e-01	2.562684e-02	4.352448e+02	4.303365e-02	
12.000000	4.000000	147.058911	19.721677	5.146550e-01	2.691459e-02	1.801953e+02	3.388245e-02	
12.000000	8.000000	145.327944	20.299000	4.814268e+02	1.537589e+02	-1.332688e+03	9.325606e+02	
12.000000	12.000000	145.192042	6.815093	4.088651e+01	5.679470e+00	3.054392e+02	2.902637e+00	
12.000000	16.000000	142.630577	5.898645	1.204660e+03	1.168760e+03	-2.162849e+03	1.600062e+03	
12.000000	20.000000	139.500381	75.132065	7.539181e+02	2.373112e+02	-2.252261e+03	1.389215e+03	
12.000000	24.000000	139.914047	3.538994	5.029843e-01	2.619117e-02	1.797771e+02	3.348254e-02	
12.000000	28.000000	135.433695	4.057515	5.284829e-01	2.698252e-02	1.802703e+02	3.528841e-02	
12.000000	32.000000	134.504706	20.014177	5.998638e-01	3.019937e-02	1.803530e+02	4.022014e-02	
12.000000	36.000000	134.555597	189.153350	5.436620e-01	3.109421e-02	1.811806e+02	3.569771e-02	
12.000000	40.000000	134.608854	2.530227	6.013126e-01	3.043830e-02	1.815449e+02	4.080722e-02	
12.000000	44.000000	140.801977	213.228037	4.439733e-01	4.464958e-02	1.819548e+02	2.613429e-02	
12.000000	48.000000	153.304873	2.299048	5.658364e-01	2.618512e-02	1.815094e+02	3.883117e-02	
12.000000	52.000000	167.160863	5.164300	5.870635e-01	2.921176e-02	4.485073e+02	4.066454e-02	
12.000000	56.000000	159.554207	6.456481	6.481837e-01	3.095575e-02	4.417278e+02	4.352116e-02	
12.000000	60.000000	147.052973	6.276263	6.514187e-01	3.215961e-02	4.341779e+02	4.336657e-02	
16.000000	0.000000	140.804056	7.194008	6.186039e-01	2.906273e-02	4.351742e+02	4.174585e-02	
16.000000	4.000000	148.690457	19.460241	6.285884e-01	3.634089e-02	1.796968e+02	4.401158e-02	
16.000000	8.000000	145.342433	6.803766	1.053642e+03	1.125598e+03	-2.564331e+03	4.485960e+03	
16.000000	12.000000	143.699682	7.702476	2.655787e+01	7.732653e-01	3.085551e+02	6.958865e-01	
16.000000	16.000000	143.471328	7.665944	2.001618e+01	3.454242e-01	3.179577e+02	6.793900e-01	
16.000000	20.000000	143.750000	5.201374	2.258449e+01	4.607820e-01	3.170287e+02	7.029878e-01	
16.000000	24.000000	139.041551	4.925778	3.512275e+02	9.293439e+01	-1.091580e+03	6.443445e+02	
16.000000	28.000000	140.804769	3.290453	5.405338e-01	2.984598e-02	1.802340e+02	3.593759e-02	
16.000000	32.000000	137.550318	185.549023	5.688195e-01	2.737688e-02	1.805791e+02	3.888001e-02	
16.000000	36.000000	135.912356	3.847056	5.910647e-01	3.338484e-02	1.807627e+02	4.065609e-02	
16.000000	40.000000	139.213599	30.704090	5.484967e-01	2.844568e-02	1.812602e+02	3.718026e-02	
16.000000	44.000000	141.313589	2.023111	5.341329e-01	2.394365e-02	1.816031e+02	3.659287e-02	
16.000000	48.000000	153.296146	30.877736	5.185962e-01	2.196148e-02	1.814313e+02	3.628929e-02	
16.000000	52.000000	172.583151	12.896741	3.457579e+02	8.164391e+01	1.645900e+03	5.315613e+02	
16.000000	56.000000	165.801634	7.885646	5.984752e-01	3.014453e-02	4.425283e+02	4.112780e-02	
16.000000	60.000000	147.595572	91.646153	6.063845e-01	3.681121e-02	4.340862e+02	4.386865e-02	
20.000000	0.000000	144.329608	7.962849	6.415207e-01	2.969967e-02	4.353206e+02	4.355298e-02	
20.000000	4.000000	151.729279	5.965783	3.598049e+02	1.684644e+02	-7.423673e+02	1.020656e+03	
20.000000	8.000000	150.463207	6.490419	3.234681e+01	2.026961e+00	3.191486e+02	1.447861e+00	
20.000000	12.000000	148.860901	4.961558	2.290599e+00	1.166284e+03	4.444724e+02	1.033000e+02	
20.000000	16.000000	146.815801	8.870955	4.716271e+02	2.115012e+02	-1.271784e+03	1.367226e+03	
20.000000	20.000000	143.456757	6.469529	2.420254e+01	5.852159e-01	3.127395e+02	3.991155e-01	
20.000000	24.000000	151.659111	58.912836	2.447748e+01	4.853586e-01	3.114134e+02	4.373036e-01	
20.000000	28.000000	139.820773	41.381892	2.500231e+02	2.233001e+02	-4.655768e+01	1.938696e+02	
20.000000	32.000000	140.805398	3.019394	6.323973e-01	3.119611e-02	1.800763e+02	4.196129e-02	
20.000000	36.000000	140.809301	2.655707	5.553347e-01	2.639332e-02	1.806413e+02	3.796828e-02	
20.000000	40.000000	140.768484	2.544317	5.125589e-01	3.793780e-02	1.810382e+02	3.724609e-02	
20.000000	44.000000	145.309538	657.545599	6.639749e-01	2.851191e-02	1.815525e+02	4.548367e-02	
20.000000	48.000000	154.019922	64.657257	5.639528e-01	2.929185e-02	1.810585e+02	3.714055e-02	
20.000000	52.000000	173.704596	6.719787	8.815082e+02	3.884403e+02	2.999167e+03	2.469292e+03	
20.000000	56.000000	171.139135	7.901707	6.449075e-01	2.877957e-02	4.432895e+02	4.461705e-02	
20.000000	60.000000	153.296096	6.941779	6.268294e-01	3.599079e-02	4.343043e+02	4.373786e-02	
24.000000	0.000000	147.051168	7.697419	5.965066e-01	3.370563e-02	4.348004e+02	4.016436e-02	
24.000000	4.000000	151.289821	7.046765	5.374416e-01	3.204676e-02	1.791297e+02	4.204708e-02	
24.000000	8.000000	148.398769	6.299213	6.999453e+02	3.464230e+02	-1.930360e+03	2.341385e+03	
24.000000	12.000000	148.213095	10.759367	6.432538e+02	4.666884e+02	9.254993e+02	5.621028e+02	
24.000000	16.000000	148.290887	12.301874	6.848130e+02	3.903523e+02	4.521164e+02	5.396388e+02	
24.000000	20.000000	147.602362	5.575923	5.429340e+02	3.212125e+02	-1.389520e+03	2.156869e+03	
24.000000	24.000000	144.959832	25.032415	1.015661e+03	9.785504e+02	-2.243495e+03	3.301354e+03	
24.000000	28.000000	142.825706	161.661578	4.622140e+02	4.345028e+02	-3.316037e+02	5.841531e+02	
24.000000	32.000000	140.821036	4.552952	5.556630e-01	2.951261e-02	1.799586e+02	3.634101e-02	
24.000000	36.000000	139.969162	48.828166	3.369032e+00	9.403146e+01	1.878692e+02	6.090241e+02	
24.000000	40.000000	140.828477	3.378139	6.442630e-01	4.536175e-02	1.808952e+02	4.993352e-02	
24.000000	44.000000	147.072115	3.495612	5.753113e-01	2.718089e-02	1.814412e+02	3.892399e-02	
24.000000	48.000000	157.705192	56.786509	5.011575e-01	2.899261e-02	1.811102e+02	3.216937e-02	
24.000000	52.000000	174.817654	8.913821	3.424104e+02	4.716571e+02	-4.730650e+02	2.502259e+03	
24.000000	56.000000	174.597030	1133.824520	6.013730e-01	3.021369e-02	4.439335e+02	3.945916e-02	
24.000000	60.000000	159.585829	7.781594	6.104881e-01	3.104370e-02	4.351146e+02	4.020277e-02	
28.000000	0.000000	151.504873	745.797201	6.156449e-01	3.188524e-02	4.350653e+02	4.083184e-02	
28.000000	4.000000	157.902872	8.265268	5.960702e+02	2.888879e+02	-1.404538e+03	1.565623e+03	
28.000000	8.000000	154.660575	6.911161	8.525147e+02	6.657648e+02	-1.383502e+03	3.486073e+00	
28.000000	12.000000	153.166013	85.528270	6.577277e+01	3.867618e+01	3.259535e+02	1.650034e+01	
28.000000	16.000000	148.034826	944.650533	5.491387e-01	3.800326e-02	4.480719e+02	4.092086e-02	
28.000000	20.000000	148.489649	14.308846	5.978020e+02	5.553088e+02	-1.482024e+03	2.501782e+03	
28.000000	24.000000	145.112906	54.165396	2.261215e+01	4.456616e-01	3.178865e+02	6.339745e-01	
28.000000	28.000000	145.323168	4.776207	2.344486e+01	5.673721e-01	3.115894e+02	4.818243e-01	
28.000000	32.000000	145.318524	127.683856	5.596142e-01	3.360052e-02	1.799948e+02	4.104105e-02	
28.000000	36.000000	142.148769	48.941031	5.195020e-01	2.557531e-02	1.802845e+02	3.495843e-02	
28.000000	40.000000	145.535919	73.546695	5.877223e-01	3.977233e-02	1.809088e+02	4.213052e-02	
28.000000	44.000000	147.055535	3.947870	5.569524e-01	2.902968e-02	1.812763e+02	3.709069e-02	
28.000000	48.000000	159.550460	3.590524	5.743749e-01	3.139450e-02	1.811448e+02	3.789417e-02	
28.000000	52.000000	175.952903	8.473912	2.430856e+01	5.333018e-01	3.168881e+02	4.672055e-01	
28.000000	56.000000	181.755460	5.337761	6.384007e-01	3.130759e-02	4.449172e+02	4.247853e-02	
28.000000	60.000000	164.239676	811.642543	6.339572e-01	3.262891e-02	4.358181e+02	4.209776e-02	
32.000000	0.000000	153.297781	5.374455	6.365269e-01	2.893273e-02	4.347049e+02	4.329015e-02	
32.000000	4.000000	156.603842	7.864027	9.018119e+02	8.784433e+02	2.314731e+03	8.698117e+03	
32.000000	8.000000	153.633538	7.690087	2.501683e+02	2.499001e+02	8.583339e+02	1.915958e+02	
32.000000	12.000000	153.295980	6.540600	5.877569e-01	2.995873e-02	4.475738e+02	3.949826e-02	
32.000000	16.000000	153.717253	17.157811	6.483107e-01	3.867717e-02	4.476704e+02	4.576540e-02	
32.000000	20.000000	151.488109	391.374054	6.366842e-01	3.007703e-02	4.476785e+02	4.328232e-02	
32.000000	24.000000	148.743765	8.525151	3.508345e+02	1.930981e+02	-8.606988e+02	1.259497e+03	
32.000000	28.000000	146.081898	5.800255	2.998453e+01	3.754812e+00	3.101131e+02	1.193971e+00	
32.000000	32.000000	145.493404	178.442027	5.720604e-01	2.980048e-02	1.796828e+02	4.006393e-02	
32.000000	36.000000	146.343761	4.237101	5.662844e-01	3.709500e-02	1.801084e+02	3.909806e-02	
32.000000	40.000000	147.054761	4.095746	6.160492e-01	3.373669e-02	1.806522e+02	4.264342e-02	
32.000000	44.000000	151.659777	3.530216	5.190420e-01	3.733515e-02	1.810248e+02	3.845810e-02	
32.000000	48.000000	159.555468	2.471538	5.777552e-01	2.835486e-02	1.807701e+02	3.816510e-02	
32.000000	52.000000	176.185857	682.267425	2.797748e+01	1.023257e+00	3.160691e+02	5.210106e-01	
32.000000	56.000000	189.112518	866.125495	5.771275e-01	2.761885e-02	4.454575e+02	3.962759e-02	
32.000000	60.000000	171.218878	6.521389	6.331372e-01	3.017186e-02	4.371487e+02	4.268018e-02	
36.000000	0.000000	159.547843	9.897498	5.776616e-01	2.850523e-02	4.346225e+02	3.958836e-02	
36.000000	4.000000	161.079936	16.513958	5.170116e-01	2.952157e-02	4.482784e+02	4.117832e-02	
36.000000	8.000000	158.372739	12.679139	1.771795e+02	1.560684e+02	7.854080e+02	1.811182e+02	
36.000000	12.000000	158.824086	10.418306	5.870866e-01	2.705322e-02	4.473635e+02	3.945485e-02	
36.000000	16.000000	157.915227	41.979924	5.944924e-01	2.856529e-02	4.472525e+02	3.956008e-02	
36.000000	20.000000	154.015727	7.804436	5.662754e-01	2.718129e-02	4.473820e+02	3.881750e-02	
36.000000	24.000000	151.329795	120.402576	1.054848e+00	4.698934e+02	4.477836e+02	2.165347e+00	
36.000000	28.000000	148.610967	4.907161	1.188111e+03	7.669119e+02	-1.649094e+03	1.943062e+03	
36.000000	32.000000	149.912233	166.578493	2.045519e+02	1.116449e+03	3.480873e+02	2.354199e+02	
36.000000	36.000000	147.806073	5.994039	5.600987e-01	3.052974e-02	1.797500e+02	3.887396e-02	
36.000000	40.000000	149.309486	5.945484	6.319356e-01	3.804609e-02	1.802540e+02	4.479375e-02	
36.000000	44.000000	153.304185	5.262254	6.456614e-01	3.931935e-02	1.807231e+02	4.591017e-02	
36.000000	48.000000	162.824508	55.719384	5.631315e-01	2.808060e-02	1.806828e+02	3.835789e-02	
36.000000	52.000000	185.399821	66.633698	2.101042e+01	4.344932e-01	3.116222e+02	6.426487e-01	
36.000000	56.000000	197.051927	10.536642	5.420681e-01	3.121019e-02	4.460074e+02	3.602356e-02	
36.000000	60.000000	178.299272	9.796992	6.300868e-01	2.652519e-02	4.382913e+02	4.887141e-02	
40.000000	0.000000	164.765176	8.504460	5.830290e-01	2.593303e-02	4.342930e+02	3.940323e-02	
40.000000	4.000000	165.269840	147.216097	5.493980e+02	2.775893e+02	1.005812e+03	4.776518e+02	
40.000000	8.000000	164.243081	166.233079	5.943762e-01	2.999936e-02	4.471877e+02	3.909750e-02	
40.000000	12.000000	162.778675	987.655646	6.558025e-01	3.363999e-02	4.465712e+02	4.363133e-02	
40.000000	16.000000	160.782515	450.937874	6.004215e-01	2.633872e-02	4.467676e+02	4.617441e-02	
40.000000	20.000000	159.559988	14.429990	5.547324e-01	2.770758e-02	4.471439e+02	4.183325e-02	
40.000000	24.000000	153.939884	8.387684	5.979965e-01	3.041619e-02	4.475803e+02	4.109427e-02	
40.000000	28.000000	152.479986	876.147342	4.878381e+01	1.271162e+01	3.066259e+02	4.052572e+00	
40.000000	32.000000	150.534459	6.701515	2.241462e+01	4.903143e-01	3.175291e+02	8.667994e-01	
40.000000	36.000000	151.706869	4.816624	7.293088e+01	3.273108e+01	2.720131e+02	3.744185e+01	
40.000000	40.000000	153.301894	4.874571	5.042032e-01	3.094248e-02	1.800740e+02	3.144012e-02	
40.000000	44.000000	156.479848	68.049878	5.903717e-01	2.566093e-02	1.807649e+02	4.274971e-02	
40.000000	48.000000	165.797364	4.415234	6.212884e-01	2.614925e-02	1.802818e+02	4.702005e-02	
40.000000	52.000000	182.789380	16.867398	4.371194e-01	4.270101e-02	1.799210e+02	2.853060e-02	
40.000000	56.000000	203.305616	6.829566	5.768994e-01	2.858785e-02	4.467479e+02	3.817662e-02	
40.000000	60.000000	184.556001	7.876412	6.616646e-01	3.041676e-02	4.397498e+02	4.577554e-02	
44.000000	0.000000	172.051997	7.762814	6.278845e-01	3.163227e-02	4.340088e+02	4.159834e-02	
44.000000	4.000000	170.374852	20.970649	5.816430e-01	2.719603e-02	4.476143e+02	3.913031e-02	
44.000000	8.000000	170.465982	9.863546	6.877060e-01	3.428718e-02	4.468465e+02	4.614267e-02	
44.000000	12.000000	168.932346	132.976372	6.207240e-01	3.082941e-02	4.461759e+02	4.107251e-02	
44.000000	16.000000	167.343094	42.034686	6.064714e-01	2.900926e-02	4.464424e+02	4.090537e-02	
44.000000	20.000000	164.050046	97.705135	6.032379e-01	2.567986e-02	4.467087e+02	4.208365e-02	
44.000000	24.000000	159.556056	16.885597	6.035974e-01	3.159860e-02	4.474799e+02	4.105541e-02	
44.000000	28.000000	147.712685	7.680523	5.418911e-01	3.204652e-02	4.479665e+02	3.880626e-02	
44.000000	32.000000	154.681471	6.154882	3.522774e+02	2.878360e+02	-6.481472e+02	1.673377e+03	
44.000000	36.000000	157.969758	439.816330	5.801498e+01	1.763735e+01	2.999895e+02	9.458034e+00	
44.000000	40.000000	173.910862	81.050986	7.026986e+02	6.009393e+02	-1.361246e+03	6.889086e+02	
44.000000	44.000000	158.408572	5.337411	3.055833e+02	2.517543e+02	-7.452528e+02	2.255303e+02	
44.000000	48.000000	167.428004	117.945337	6.251612e-01	2.645736e-02	1.806569e+02	4.382414e-02	
44.000000	52.000000	184.434743	21.652714	3.051299e+01	9.064857e-01	3.118122e+02	1.054289e+00	
44.000000	56.000000	209.555763	6.891907	5.640192e-01	2.573820e-02	4.472119e+02	3.882377e-02	
44.000000	60.000000	197.059881	12.355594	6.996200e-01	4.943171e-02	4.412700e+02	5.032833e-02	
48.000000	0.000000	178.301889	11.258816	5.767402e-01	2.658701e-02	4.336602e+02	3.871479e-02	
48.000000	4.000000	179.591438	33.188190	5.646006e-01	3.082052e-02	4.469594e+02	3.708131e-02	
48.000000	8.000000	178.806804	37.874460	6.084960e-01	3.054474e-02	4.459526e+02	4.079266e-02	
48.000000	12.000000	177.504386	89.129499	5.730478e-01	2.554344e-02	4.457677e+02	3.946466e-02	
48.000000	16.000000	176.488823	835.710532	5.898748e-01	3.226966e-02	4.458107e+02	3.917336e-02	
48.000000	20.000000	172.926622	12.895186	6.068515e-01	3.451518e-02	4.460765e+02	4.223558e-02	
48.000000	24.000000	167.107528	9.706487	5.972065e-01	2.553191e-02	4.467347e+02	4.222405e-02	
48.000000	28.000000	161.852947	949.494642	5.606403e-01	2.637972e-02	4.474230e+02	3.791386e-02	
48.000000	32.000000	159.805134	6.797349	3.919439e+02	3.773612e+02	1.571771e+03	3.114676e+02	
48.000000	36.000000	159.404358	5.655575	2.549184e+01	4.649501e-01	3.214393e+02	9.582575e-01	
48.000000	40.000000	163.994531	154.376038	1.133788e+02	1.240753e+02	1.918504e+02	2.729480e+02	
48.000000	44.000000	164.934232	7.089731	5.567878e-01	2.862492e-02	1.800920e+02	3.771757e-02	
48.000000	48.000000	173.436819	7.721476	5.904942e-01	2.912130e-02	1.805189e+02	4.055242e-02	
48.000000	52.000000	189.912433	38.204640	5.485356e+02	5.418292e+02	-6.082816e+02	5.149131e+02	
48.000000	56.000000	215.805365	11.907413	6.202855e-01	2.671296e-02	4.476488e+02	4.232678e-02	
48.000000	60.000000	210.834205	10.727102	5.998638e-01	3.019933e-02	4.426470e+02	4.022007e-02	
52.000000	0.000000	190.805252	13.066842	5.816964e-01	2.820870e-02	4.335214e+02	3.950505e-02	
52.000000	4.000000	191.515500	27.465755	5.853599e-01	3.242753e-02	4.462472e+02	4.009063e-02	
52.000000	8.000000	191.295959	34.163415	5.669614e-01	2.636577e-02	4.454905e+02	3.898575e-02	
52.000000	12.000000	189.632983	29.388774	5.604706e-01	2.799855e-02	4.451420e+02	3.684423e-02	
52.000000	16.000000	187.746842	982.044256	6.045810e-01	2.941253e-02	4.448839e+02	4.213447e-02	
52.000000	20.000000	182.905951	28.925012	6.206657e-01	3.047729e-02	4.453450e+02	4.151321e-02	
52.000000	24.000000	176.657711	33.063331	5.785633e-01	3.091041e-02	4.461326e+02	3.795717e-02	
52.000000	28.000000	170.532412	26.015311	6.256711e-01	3.423196e-02	4.469919e+02	4.544752e-02	
52.000000	32.000000	167.440805	72.775540	6.038623e-01	3.046286e-02	4.475262e+02	4.102054e-02	
52.000000	36.000000	166.318777	300.072884	4.285697e+02	4.211703e+02	8.605573e+02	3.549730e+02	
52.000000	40.000000	168.624903	638.022064	3.225253e+02	6.847800e+02	2.520363e+02	9.476791e+02	
52.000000	44.000000	170.463598	25.580873	7.041899e+02	4.915623e+02	3.721218e+02	7.721434e+02	
52.000000	48.000000	179.371760	7.547428	3.059443e+02	1.612553e+02	-2.570988e+01	2.522326e+02	
52.000000	52.000000	194.718096	7.264287	8.539826e+02	1.001452e+03	3.016258e+03	4.129236e+03	
52.000000	56.000000	222.057689	13.578528	5.703923e-01	3.742337e-02	4.480636e+02	4.263712e-02	
52.000000	60.000000	230.630586	17.857089	6.031165e-01	2.785767e-02	4.437751e+02	4.053918e-02	
56.000000	0.000000	209.552134	10.022293	5.599496e-01	3.223701e-02	4.352008e+02	3.732201e-02	
56.000000	4.000000	214.055938	182.015908	5.819781e-01	2.773423e-02	4.451502e+02	3.969393e-02	
56.000000	8.000000	212.992819	912.239038	5.688388e-01	2.983363e-02	4.439703e+02	3.707832e-02	
56.000000	12.000000	211.603774	898.071169	5.572344e-01	2.860636e-02	4.440946e+02	3.771348e-02	
56.000000	16.000000	210.061377	20.073715	5.521619e-01	2.898303e-02	4.442523e+02	3.733092e-02	
56.000000	20.000000	205.344903	74.370481	5.894620e-01	2.890982e-02	4.445000e+02	4.039297e-02	
56.000000	24.000000	197.943040	33.030640	6.088422e-01	3.288726e-02	4.452453e+02	4.069843e-02	
56.000000	28.000000	189.071799	335.054530	6.101776e-01	2.981551e-02	4.461146e+02	4.055047e-02	
56.000000	32.000000	182.826656	11.028886	6.171527e-01	2.913998e-02	4.468177e+02	4.134791e-02	
56.000000	36.000000	179.841870	10.024228	5.842478e-01	3.013792e-02	4.473266e+02	3.994512e-02	
56.000000	40.000000	176.741983	685.447811	3.521576e+02	2.232684e+02	1.267347e+03	2.699390e+02	
56.000000	44.000000	179.951345	495.684958	3.571368e+01	3.661001e+00	3.178941e+02	1.251125e+00	
56.000000	48.000000	193.009989	5.905354	2.231735e+01	4.569461e-01	3.084966e+02	8.965271e-01	
56.000000	52.000000	201.618496	430.087592	2.214521e+01	4.210204e-01	3.104384e+02	6.175132e-01	
56.000000	56.000000	229.034211	10.420464	5.598328e-01	2.938393e-02	4.480998e+02	3.621416e-02	
56.000000	60.000000	261.134188	936.108266	6.210237e-01	2.917309e-02	4.445654e+02	4.211046e-02	
60.000000	0.000000	235.423065	716.502316	6.077789e-01	2.614689e-02	4.373202e+02	4.189570e-02	
60.000000	4.000000	356.970643	400.421351	5.872133e-01	3.003889e-02	4.450042e+02	3.820627e-02	
60.000000	8.000000	354.093552	371.891127	5.851569e-01	2.555436e-02	4.442647e+02	4.020900e-02	
60.000000	12.000000	350.427316	766.882819	5.868102e-01	2.762197e-02	4.438324e+02	3.980357e-02	
60.000000	16.000000	342.283831	754.948924	6.517190e-01	3.241606e-02	4.439825e+02	4.312260e-02	
60.000000	20.000000	327.509209	725.756047	6.546918e-01	3.224956e-02	4.443230e+02	4.331236e-02	
60.000000	24.000000	300.817574	771.787753	5.014630e-01	3.998185e-02	4.450123e+02	4.130776e-02	
60.000000	28.000000	273.143255	724.214955	5.778859e-01	3.160260e-02	4.461630e+02	3.824398e-02	
60.000000	32.000000	253.597412	181.095782	5.971960e-01	3.066915e-02	4.469102e+02	3.911578e-02	
60.000000	36.000000	235.002476	630.558459	6.284118e-01	2.702677e-02	4.473683e+02	4.356297e-02	
60.000000	40.000000	219.809848	87.874359	6.162130e-01	3.726143e-02	4.477868e+02	4.354439e-02	
60.000000	44.000000	199.617639	263.726094	6.205870e-01	3.527617e-02	4.483236e+02	4.371615e-02	
60.000000	48.000000	209.905758	96.162085	4.605197e+02	1.368819e+02	2.066488e+03	8.722537e+02	
60.000000	52.000000	222.464550	10.517258	2.169961e+01	6.065940e-01	3.147542e+02	5.398425e-01	
60.000000	56.000000	247.211693	35.453939	6.391221e-01	3.613023e-02	4.484132e+02	4.447425e-02	
60.000000	60.000000	302.196380	30.981031	5.360082e-01	3.024713e-02	4.460022e+02	3.448444e-02	
0.000000	0.000000	304.116526	21.944259	6.691012e-01	4.039406e-02	4.405049e+02	4.693299e-02	
