0.000000	4.000000	103.309723	2.552177	5.342050e-01	3.473410e-02	4.248864e+02	3.534272e-02	
0.000000	8.000000	103.296499	2.617034	5.563027e-01	2.556132e-02	4.244223e+02	3.772089e-02	
0.000000	12.000000	103.304151	2.930104	5.560185e-01	2.597972e-02	4.243330e+02	3.737111e-02	
0.000000	16.000000	103.293188	3.036406	5.537645e-01	2.597102e-02	4.243054e+02	3.710591e-02	
0.000000	20.000000	103.296862	101.064515	5.087366e-01	2.266244e-02	4.243548e+02	3.526440e-02	
0.000000	24.000000	103.300595	3.492775	5.218511e-01	2.698367e-02	4.248270e+02	3.429260e-02	
0.000000	28.000000	103.326561	2.633182	5.255724e-01	3.004119e-02	4.250000e+02	3.313673e-02	
0.000000	32.000000	103.298377	17.218662	5.662443e-01	2.939612e-02	4.252803e+02	3.849067e-02	
0.000000	36.000000	103.305914	2.224344	5.399400e-01	2.781891e-02	4.252560e+02	3.647870e-02	
0.000000	40.000000	109.560827	2.550276	4.910684e-01	3.011858e-02	4.250804e+02	3.083057e-02	
0.000000	44.000000	115.837568	3.032920	5.098439e-01	3.069889e-02	4.239380e+02	3.541267e-02	
0.000000	48.000000	122.057842	2.044467	5.598714e-01	2.574436e-02	4.212283e+02	3.779713e-02	
0.000000	52.000000	109.548274	9.055660	6.178575e-01	3.641075e-02	4.142431e+02	4.331027e-02	
0.000000	56.000000	97.049914	4.305440	5.573613e-01	2.605268e-02	4.006851e+02	3.737407e-02	
0.000000	60.000000	90.800090	3.269802	5.910384e-01	2.827364e-02	3.894415e+02	3.987601e-02	
4.000000	0.000000	84.545265	2.870520	5.580362e-01	3.091365e-02	3.900888e+02	3.637289e-02	
4.000000	4.000000	102.460836	3.846020	5.288270e-01	2.802171e-02	4.251117e+02	3.683969e-02	
4.000000	8.000000	103.304883	3.229279	5.245135e-01	2.558185e-02	4.242857e+02	3.575762e-02	
4.000000	12.000000	103.299004	3.169614	5.064572e-01	2.953947e-02	4.241761e+02	3.347887e-02	
4.000000	16.000000	103.304571	3.235187	5.440320e-01	3.039771e-02	4.241473e+02	3.531578e-02	
4.000000	20.000000	103.295180	2.470010	5.300419e-01	2.519151e-02	4.243104e+02	3.616282e-02	
4.000000	24.000000	103.301789	2.339964	6.168222e-01	3.359619e-02	4.246421e+02	4.258937e-02	
4.000000	28.000000	103.304975	1.914716	5.252800e-01	3.102427e-02	4.248343e+02	3.472226e-02	
4.000000	32.000000	103.304328	2.230068	4.733447e-01	3.631774e-02	4.250244e+02	3.001158e-02	
4.000000	36.000000	107.977223	59.541962	5.644531e-01	2.799058e-02	4.251635e+02	3.709362e-02	
4.000000	40.000000	109.552063	1.931609	5.444138e-01	3.681291e-02	4.249093e+02	3.662543e-02	
4.000000	44.000000	115.802768	3.391687	5.171276e-01	3.145523e-02	4.238480e+02	3.394710e-02	
4.000000	48.000000	122.057912	14.896700	5.731246e-01	2.730124e-02	4.214295e+02	3.925502e-02	
4.000000	52.000000	115.807348	4.061229	5.262532e-01	2.964776e-02	4.148080e+02	3.502294e-02	
4.000000	56.000000	103.301785	3.964790	5.527841e-01	2.839579e-02	4.018294e+02	3.606469e-02	
4.000000	60.000000	90.801076	5.589007	5.882989e-01	3.080335e-02	3.896587e+02	4.010613e-02	
8.000000	0.000000	85.059365	5.877069	5.588862e-01	2.948075e-02	3.901040e+02	3.614857e-02	
8.000000	4.000000	108.603637	3.407041	4.537162e-01	4.767601e-02	4.250162e+02	2.678352e-02	
8.000000	8.000000	108.718878	3.235619	5.386647e-01	2.353568e-02	4.244569e+02	3.727199e-02	
8.000000	12.000000	107.837645	4.604826	5.123175e-01	2.677306e-02	4.242003e+02	3.369315e-02	
8.000000	16.000000	107.030155	34.757967	5.365709e-01	2.808475e-02	4.242421e+02	3.615542e-02	
8.000000	20.000000	104.637883	4.738786	5.226451e-01	2.526423e-02	4.242742e+02	3.499298e-02	
8.000000	24.000000	103.293906	2.669340	5.614884e-01	3.324892e-02	4.248297e+02	3.799878e-02	
8.000000	28.000000	103.319328	2.655510	5.227594e-01	3.254915e-02	4.250008e+02	3.559248e-02	
8.000000	32.000000	104.916428	189.280076	4.567665e-01	2.785347e-02	4.251824e+02	3.086648e-02	
8.000000	36.000000	109.555411	1.697952	5.354673e-01	2.715162e-02	4.252646e+02	3.624219e-02	
8.000000	40.000000	110.003465	2.221276	5.248455e-01	2.922160e-02	4.251506e+02	3.374884e-02	
8.000000	44.000000	117.596114	14.336898	5.432241e-01	2.609665e-02	4.243205e+02	3.706383e-02	
8.000000	48.000000	128.304186	3.588443	5.814308e-01	3.126171e-02	4.217293e+02	3.971309e-02	
8.000000	52.000000	115.809535	3.689502	5.454500e-01	2.848137e-02	4.158768e+02	3.537269e-02	
8.000000	56.000000	103.304150	3.619900	5.765771e-01	2.821003e-02	4.038756e+02	4.009185e-02	
8.000000	60.000000	90.795286	3.414923	6.096288e-01	3.116436e-02	3.901815e+02	4.022247e-02	
12.000000	0.000000	90.805754	3.309651	5.589101e-01	2.799031e-02	3.901474e+02	3.656188e-02	
12.000000	4.000000	109.555437	3.463622	4.767012e-01	3.185733e-02	4.250616e+02	2.909098e-02	
12.000000	8.000000	109.551892	4.017684	5.022135e-01	2.771977e-02	4.241996e+02	3.281429e-02	
12.000000	12.000000	109.546132	3.089513	5.216320e-01	3.077071e-02	4.240361e+02	3.305341e-02	
12.000000	16.000000	109.550308	3.320859	4.758495e-01	3.322325e-02	4.239931e+02	2.917086e-02	
12.000000	20.000000	109.545229	2.727876	5.182990e-01	2.747230e-02	4.241435e+02	3.399971e-02	
12.000000	24.000000	107.958248	2.745816	5.733884e-01	2.649649e-02	4.246554e+02	3.841510e-02	
12.000000	28.000000	107.949748	9.122621	5.023794e-01	3.321215e-02	4.249650e+02	3.575699e-02	
12.000000	32.000000	109.555868	1.861310	4.400525e-01	3.580353e-02	4.250804e+02	2.620949e-02	
12.000000	36.000000	109.574928	2.254310	5.313955e-01	2.662299e-02	4.251753e+02	3.524946e-02	
12.000000	40.000000	114.208840	8.223007	4.978293e-01	3.113340e-02	4.249962e+02	3.062445e-02	
12.000000	44.000000	122.053345	2.755826	5.688988e-01	2.980137e-02	4.242757e+02	3.868831e-02	
12.000000	48.000000	128.301732	3.007987	5.226246e-01	3.250884e-02	4.220517e+02	3.407110e-02	
12.000000	52.000000	122.053645	3.461688	5.329768e-01	2.538755e-02	4.167067e+02	3.580065e-02	
12.000000	56.000000	108.794755	3.825757	5.263066e-01	2.520381e-02	4.052876e+02	3.538873e-02	
12.000000	60.000000	96.188230	3.494046	5.166688e-01	2.681908e-02	3.907498e+02	3.439645e-02	
16.000000	0.000000	90.836027	5.418541	5.335135e-01	2.903282e-02	3.901259e+02	3.428131e-02	
16.000000	4.000000	109.545139	4.037876	5.277429e-01	2.703577e-02	4.248567e+02	3.519037e-02	
16.000000	8.000000	109.555344	3.139308	5.325832e-01	2.836199e-02	4.242281e+02	3.577550e-02	
16.000000	12.000000	109.556001	4.433894	5.425869e-01	2.991484e-02	4.239263e+02	3.474845e-02	
16.000000	16.000000	109.546877	7.297085	5.222208e-01	2.963131e-02	4.239405e+02	3.310296e-02	
16.000000	20.000000	109.549489	3.754380	4.578997e-01	3.172347e-02	4.241265e+02	2.873965e-02	
16.000000	24.000000	109.542722	2.707829	5.652970e-01	2.644039e-02	4.245706e+02	3.875078e-02	
16.000000	28.000000	109.547879	2.282084	5.907025e-01	3.550234e-02	4.248192e+02	4.098387e-02	
16.000000	32.000000	109.553495	1.848608	5.156875e-01	3.578499e-02	4.249547e+02	4.236982e-02	
16.000000	36.000000	109.557755	1.819827	4.452178e-01	3.619895e-02	4.250759e+02	2.618094e-02	
16.000000	40.000000	115.805538	2.227965	4.764365e-01	3.976796e-02	4.249440e+02	2.927834e-02	
16.000000	44.000000	122.062023	2.706517	5.752052e-01	2.795560e-02	4.243921e+02	3.935032e-02	
16.000000	48.000000	128.302682	7.090268	5.135886e-01	2.357354e-02	4.223250e+02	3.553654e-02	
16.000000	52.000000	122.054150	5.001093	5.408839e-01	2.384607e-02	4.175573e+02	3.736466e-02	
16.000000	56.000000	109.551687	3.875049	5.497176e-01	3.018943e-02	4.071622e+02	3.575081e-02	
16.000000	60.000000	97.055581	4.111030	6.306986e-01	3.699047e-02	3.922844e+02	4.426843e-02	
20.000000	0.000000	90.803254	3.614700	6.064432e-01	3.233405e-02	3.902290e+02	4.025886e-02	
20.000000	4.000000	110.707039	6.790096	5.455229e-01	2.601646e-02	4.247537e+02	3.635912e-02	
20.000000	8.000000	110.068312	5.806737	4.883860e-01	3.687135e-02	4.240016e+02	3.444873e-02	
20.000000	12.000000	110.296164	3.504740	5.378599e-01	2.483602e-02	4.236503e+02	3.647346e-02	
20.000000	16.000000	109.551910	3.131286	5.522192e-01	3.161070e-02	4.238112e+02	3.712186e-02	
20.000000	20.000000	109.559186	2.805499	5.849876e-01	2.905495e-02	4.239085e+02	3.944474e-02	
20.000000	24.000000	109.557889	2.359466	5.476247e-01	2.842868e-02	4.242097e+02	3.590634e-02	
20.000000	28.000000	109.553828	90.595575	5.548509e-01	2.554585e-02	4.245898e+02	3.807832e-02	
20.000000	32.000000	109.555622	1.963570	4.985384e-01	2.783261e-02	4.248326e+02	3.233889e-02	
20.000000	36.000000	110.236858	2.419032	4.811818e-01	4.099544e-02	4.250426e+02	2.966425e-02	
20.000000	40.000000	115.800446	157.879583	5.567108e-01	2.829164e-02	4.248957e+02	3.713973e-02	
20.000000	44.000000	122.047010	5.208871	5.853599e-01	3.242752e-02	4.242472e+02	4.009059e-02	
20.000000	48.000000	134.554721	4.293694	5.361117e-01	2.322453e-02	4.225288e+02	3.716093e-02	
20.000000	52.000000	128.295471	10.042588	5.698047e-01	2.831741e-02	4.177741e+02	3.748782e-02	
20.000000	56.000000	115.808084	3.990443	5.701176e-01	3.366562e-02	4.081755e+02	3.876379e-02	
20.000000	60.000000	102.545997	114.656641	5.420280e-01	2.583979e-02	3.933444e+02	3.658183e-02	
24.000000	0.000000	97.048629	3.740631	5.391222e-01	3.243073e-02	3.900916e+02	4.544312e-02	
24.000000	4.000000	114.924578	3.679493	5.873012e-01	3.059356e-02	4.243218e+02	4.018578e-02	
24.000000	8.000000	115.805904	3.444779	5.398619e-01	2.356004e-02	4.234761e+02	3.735367e-02	
24.000000	12.000000	114.923985	3.638546	5.365709e-01	2.808475e-02	4.232421e+02	3.615542e-02	
24.000000	16.000000	114.616647	3.980081	5.317830e-01	2.464088e-02	4.233620e+02	3.629815e-02	
24.000000	20.000000	113.611136	976.017446	5.298846e-01	2.260032e-02	4.235097e+02	3.687297e-02	
24.000000	24.000000	110.032666	61.637168	5.309357e-01	2.913836e-02	4.241341e+02	3.411091e-02	
24.000000	28.000000	109.563818	2.270470	5.295752e-01	2.310794e-02	4.244402e+02	3.660032e-02	
24.000000	32.000000	110.939805	50.241493	5.592754e-01	3.178287e-02	4.248023e+02	3.776637e-02	
24.000000	36.000000	115.805466	1.906124	5.282317e-01	2.998315e-02	4.248122e+02	3.513417e-02	
24.000000	40.000000	115.823975	1.966427	5.119373e-01	2.975167e-02	4.249253e+02	3.496447e-02	
24.000000	44.000000	122.051842	2.542883	5.247153e-01	2.227498e-02	4.245438e+02	3.660671e-02	
24.000000	48.000000	134.551716	6.335507	5.440275e-01	2.772589e-02	4.227335e+02	3.674034e-02	
24.000000	52.000000	132.361136	3.590782	5.608558e-01	2.742034e-02	4.186643e+02	3.825575e-02	
24.000000	56.000000	115.804685	8.157371	5.602139e-01	3.586162e-02	4.098798e+02	3.815175e-02	
24.000000	60.000000	103.301071	3.952186	5.664369e-01	2.761112e-02	3.953545e+02	3.868385e-02	
28.000000	0.000000	97.048872	6.071769	5.526146e-01	2.949571e-02	3.899175e+02	3.557481e-02	
28.000000	4.000000	115.804271	5.505323	5.053714e-01	2.719121e-02	4.241859e+02	3.305420e-02	
28.000000	8.000000	115.807822	7.319872	5.149247e-01	2.142141e-02	4.235396e+02	3.620493e-02	
28.000000	12.000000	115.836654	8.079521	4.859385e-01	2.463815e-02	4.232524e+02	3.370850e-02	
28.000000	16.000000	115.795147	28.288047	5.470874e-01	2.600532e-02	4.232423e+02	3.647839e-02	
28.000000	20.000000	115.814106	4.798498	5.225870e-01	2.251638e-02	4.234124e+02	3.640219e-02	
28.000000	24.000000	115.802153	2.819572	5.233640e-01	3.068375e-02	4.238302e+02	3.460636e-02	
28.000000	28.000000	115.801671	2.500528	5.214502e-01	2.520628e-02	4.242776e+02	3.503790e-02	
28.000000	32.000000	115.827160	2.311352	5.233397e-01	2.240809e-02	4.244224e+02	3.638840e-02	
28.000000	36.000000	115.798253	3.019473	5.407443e-01	2.576549e-02	4.246751e+02	3.693871e-02	
28.000000	40.000000	118.215541	181.185554	5.324256e-01	2.890916e-02	4.248357e+02	3.444878e-02	
28.000000	44.000000	125.446454	85.184555	5.386776e-01	2.377611e-02	4.245277e+02	3.718929e-02	
28.000000	48.000000	134.556062	3.355005	5.070009e-01	3.168816e-02	4.231280e+02	3.222007e-02	
28.000000	52.000000	134.541419	3.281452	5.932899e-01	2.963004e-02	4.195276e+02	3.979253e-02	
28.000000	56.000000	122.055633	3.255303	5.716375e-01	2.696114e-02	4.114530e+02	3.917884e-02	
28.000000	60.000000	109.555826	4.843592	5.917806e-01	2.916396e-02	3.975234e+02	4.046698e-02	
32.000000	0.000000	97.058230	4.583311	5.957802e-01	3.020637e-02	3.899830e+02	3.886461e-02	
32.000000	4.000000	117.869263	27.744604	5.318401e-01	3.041747e-02	4.240609e+02	3.389251e-02	
32.000000	8.000000	118.064764	46.997076	5.171457e-01	2.400202e-02	4.233172e+02	3.556001e-02	
32.000000	12.000000	117.163303	6.708836	4.926317e-01	3.219345e-02	4.231320e+02	3.184999e-02	
32.000000	16.000000	116.318312	4.511079	5.545832e-01	3.156353e-02	4.231309e+02	3.633029e-02	
32.000000	20.000000	115.809760	2.636748	5.412796e-01	2.591921e-02	4.232553e+02	3.599644e-02	
32.000000	24.000000	115.810792	3.110874	5.351568e-01	2.600858e-02	4.237513e+02	3.562135e-02	
32.000000	28.000000	115.800430	175.652246	5.228077e-01	2.965040e-02	4.239484e+02	3.322586e-02	
32.000000	32.000000	115.805424	2.129896	5.649343e-01	2.873947e-02	4.242988e+02	3.843738e-02	
32.000000	36.000000	115.824110	2.257844	5.670035e-01	2.719744e-02	4.246216e+02	3.868974e-02	
32.000000	40.000000	122.055816	2.262703	5.331115e-01	2.662823e-02	4.248325e+02	3.553513e-02	
32.000000	44.000000	128.323036	2.509321	5.674455e-01	2.684496e-02	4.243621e+02	3.809475e-02	
32.000000	48.000000	136.180027	1018.559447	5.313840e-01	2.904927e-02	4.230781e+02	3.399833e-02	
32.000000	52.000000	140.800047	4.104318	5.408308e-01	2.957335e-02	4.197939e+02	3.546559e-02	
32.000000	56.000000	128.290641	8.836411	6.140839e-01	3.153264e-02	4.125949e+02	4.125800e-02	
32.000000	60.000000	114.010207	508.861805	5.672400e-01	2.621861e-02	3.993118e+02	3.802118e-02	
36.000000	0.000000	103.305506	5.021078	5.216864e-01	2.198420e-02	3.894608e+02	3.648123e-02	
36.000000	4.000000	122.045940	6.903820	5.337082e-01	2.809868e-02	4.237858e+02	3.491045e-02	
36.000000	8.000000	122.049782	8.371844	4.709953e-01	3.840683e-02	4.230706e+02	2.899178e-02	
36.000000	12.000000	122.045140	5.040562	5.604861e-01	2.666332e-02	4.228349e+02	4.106272e-02	
36.000000	16.000000	122.059892	3.589094	5.830075e-01	2.972276e-02	4.229236e+02	3.796289e-02	
36.000000	20.000000	122.056007	3.099602	5.009236e-01	3.282642e-02	4.230979e+02	3.160967e-02	
36.000000	24.000000	120.025945	158.963254	5.510276e-01	2.462569e-02	4.234905e+02	3.795875e-02	
36.000000	28.000000	117.206894	3.922817	4.970897e-01	2.775898e-02	4.238288e+02	3.229088e-02	
36.000000	32.000000	118.158563	200.554869	5.607183e-01	3.162712e-02	4.241472e+02	3.692288e-02	
36.000000	36.000000	121.057206	2.372978	5.433262e-01	2.484562e-02	4.246229e+02	3.723635e-02	
36.000000	40.000000	122.050674	2.110819	5.561905e-01	2.817989e-02	4.248876e+02	3.680851e-02	
36.000000	44.000000	128.303587	3.115352	5.453853e-01	2.448736e-02	4.245370e+02	3.751544e-02	
36.000000	48.000000	140.795546	3.346601	5.470043e-01	2.568437e-02	4.233182e+02	3.676251e-02	
36.000000	52.000000	147.048307	8.060955	5.731246e-01	2.730137e-02	4.205705e+02	3.925496e-02	
36.000000	56.000000	134.576047	4.206858	5.416132e-01	3.003032e-02	4.140779e+02	3.470077e-02	
36.000000	60.000000	116.582293	7.721761	5.638456e-01	3.065986e-02	4.019598e+02	3.684528e-02	
40.000000	0.000000	103.300016	5.368963	5.870866e-01	2.705330e-02	3.893635e+02	3.945497e-02	
40.000000	4.000000	123.860523	161.736494	5.219816e-01	2.187686e-02	4.234805e+02	3.643524e-02	
40.000000	8.000000	123.704596	288.645684	5.674011e-01	3.567367e-02	4.228670e+02	3.884560e-02	
40.000000	12.000000	123.202057	65.822028	5.319867e-01	2.277645e-02	4.225240e+02	3.688467e-02	
40.000000	16.000000	122.445492	4.112597	5.290061e-01	2.365158e-02	4.226251e+02	3.655486e-02	
40.000000	20.000000	122.055594	3.570863	5.502935e-01	2.939864e-02	4.227649e+02	3.703421e-02	
40.000000	24.000000	122.057850	164.506328	5.370767e-01	3.119193e-02	4.231669e+02	3.510296e-02	
40.000000	28.000000	122.050920	2.375193	5.588472e-01	2.600951e-02	4.235554e+02	3.822244e-02	
40.000000	32.000000	122.054229	3.004510	5.326330e-01	2.947325e-02	4.240525e+02	3.469777e-02	
40.000000	36.000000	122.045070	2.924710	5.252911e-01	2.416246e-02	4.243367e+02	3.616457e-02	
40.000000	40.000000	126.686527	2.853169	5.662719e-01	2.649439e-02	4.245068e+02	3.855680e-02	
40.000000	44.000000	131.117281	151.876395	5.296221e-01	2.259641e-02	4.244806e+02	3.685453e-02	
40.000000	48.000000	140.798995	4.029103	5.723129e-01	2.765601e-02	4.234781e+02	3.894374e-02	
40.000000	52.000000	153.292326	4.555841	5.514836e-01	3.154890e-02	4.208931e+02	3.609592e-02	
40.000000	56.000000	140.804187	4.950530	5.465250e-01	3.725295e-02	4.150859e+02	3.693651e-02	
40.000000	60.000000	122.467358	8.947482	5.505507e-01	2.941818e-02	4.042734e+02	3.684219e-02	
44.000000	0.000000	109.554138	4.880631	5.545561e-01	2.930049e-02	3.899298e+02	3.575488e-02	
44.000000	4.000000	128.304863	5.840969	4.438555e-01	3.577529e-02	4.229292e+02	2.613152e-02	
44.000000	8.000000	128.298485	5.860820	5.866367e-01	3.007849e-02	4.222015e+02	3.862679e-02	
44.000000	12.000000	128.299025	9.470551	5.564976e-01	2.822526e-02	4.218916e+02	3.696872e-02	
44.000000	16.000000	128.298372	30.015579	4.644562e-01	3.681173e-02	4.220883e+02	2.892724e-02	
44.000000	20.000000	128.314740	4.450433	5.547214e-01	2.814978e-02	4.221245e+02	3.638281e-02	
44.000000	24.000000	127.484931	2.946050	5.618403e-01	2.620072e-02	4.226480e+02	3.780178e-02	
44.000000	28.000000	124.834653	52.393532	5.533571e-01	2.941609e-02	4.230784e+02	3.563141e-02	
44.000000	32.000000	124.494538	51.754640	5.499549e-01	2.596584e-02	4.236463e+02	3.761804e-02	
44.000000	36.000000	126.482165	110.385982	5.541420e-01	3.653367e-02	4.238972e+02	3.763300e-02	
44.000000	40.000000	128.297274	172.488764	5.332512e-01	2.682673e-02	4.242688e+02	3.613397e-02	
44.000000	44.000000	134.546279	2.470532	5.433745e-01	2.430671e-02	4.244147e+02	3.735375e-02	
44.000000	48.000000	146.255779	3.625308	5.371558e-01	2.570585e-02	4.236848e+02	3.667526e-02	
44.000000	52.000000	159.554248	4.787794	5.402077e-01	2.356753e-02	4.214856e+02	3.737601e-02	
44.000000	56.000000	147.050044	4.733564	5.366053e-01	2.430253e-02	4.166241e+02	3.694676e-02	
44.000000	60.000000	133.492990	3.742216	5.354673e-01	2.715255e-02	4.067354e+02	3.624256e-02	
48.000000	0.000000	115.803240	4.388678	6.067544e-01	3.496630e-02	3.917552e+02	4.215477e-02	
48.000000	4.000000	134.544657	19.956546	5.651928e-01	2.636782e-02	4.226013e+02	3.819232e-02	
48.000000	8.000000	134.549620	22.472417	5.778255e-01	2.984024e-02	4.219790e+02	3.747248e-02	
48.000000	12.000000	134.555690	16.331604	5.337449e-01	2.718529e-02	4.217415e+02	3.543053e-02	
48.000000	16.000000	134.552175	5.234177	5.895084e-01	3.164906e-02	4.217110e+02	4.038644e-02	
48.000000	20.000000	134.555369	3.581234	5.530291e-01	3.864121e-02	4.219287e+02	3.800478e-02	
48.000000	24.000000	131.020157	79.370115	5.502299e-01	2.514261e-02	4.224053e+02	3.779538e-02	
48.000000	28.000000	128.310264	2.780606	4.915181e-01	3.017979e-02	4.229211e+02	3.094303e-02	
48.000000	32.000000	128.301045	2.412382	5.217025e-01	2.441538e-02	4.233146e+02	3.541136e-02	
48.000000	36.000000	129.045688	2.581877	5.522540e-01	3.059694e-02	4.237886e+02	3.718219e-02	
48.000000	40.000000	134.557921	2.075682	5.668840e-01	3.134246e-02	4.242250e+02	3.845810e-02	
48.000000	44.000000	140.005779	10.935539	5.618664e-01	2.925128e-02	4.242710e+02	3.813131e-02	
48.000000	48.000000	147.044853	3.515828	5.413267e-01	2.917375e-02	4.239345e+02	3.584969e-02	
48.000000	52.000000	163.775945	1027.381049	5.905774e-01	2.956450e-02	4.219234e+02	3.881584e-02	
48.000000	56.000000	159.545715	3.681372	5.534102e-01	2.597917e-02	4.177303e+02	3.697972e-02	
48.000000	60.000000	140.795223	4.680346	5.443037e-01	2.499822e-02	4.093766e+02	3.736978e-02	
52.000000	0.000000	128.306005	4.987615	5.335135e-01	2.903282e-02	3.951259e+02	3.428131e-02	
52.000000	4.000000	141.218744	4.814937	5.385921e-01	2.607745e-02	4.217594e+02	3.582600e-02	
52.000000	8.000000	141.301989	4.767546	5.289727e-01	3.072469e-02	4.209748e+02	3.525692e-02	
52.000000	12.000000	140.837144	6.348741	4.727651e-01	3.226782e-02	4.208683e+02	3.064562e-02	
52.000000	16.000000	140.804877	15.209744	5.755273e-01	2.956633e-02	4.209454e+02	3.741423e-02	
52.000000	20.000000	140.804197	5.693423	5.344707e-01	2.619927e-02	4.212267e+02	3.546985e-02	
52.000000	24.000000	139.052327	84.147936	6.043306e-01	3.566877e-02	4.217869e+02	4.206442e-02	
52.000000	28.000000	135.297234	2.836508	5.891745e-01	2.889660e-02	4.224812e+02	4.037133e-02	
52.000000	32.000000	134.946257	123.717869	4.969668e-01	3.455156e-02	4.230208e+02	3.531775e-02	
52.000000	36.000000	135.065454	1.230317	5.385832e-01	2.381365e-02	4.234599e+02	3.706713e-02	
52.000000	40.000000	139.813924	101.484867	5.561544e-01	2.585962e-02	4.236038e+02	3.812451e-02	
52.000000	44.000000	142.265678	2.692305	5.074388e-01	4.823481e-02	4.239729e+02	3.590427e-02	
52.000000	48.000000	153.337222	4.529674	5.532873e-01	2.704686e-02	4.236825e+02	3.760627e-02	
52.000000	52.000000	166.956736	9.009561	5.499585e-01	3.122165e-02	4.221933e+02	3.693433e-02	
52.000000	56.000000	172.049874	7.744682	6.064124e-01	3.952721e-02	4.188705e+02	4.367600e-02	
52.000000	60.000000	153.299693	5.934871	6.323870e-01	3.690049e-02	4.117053e+02	4.425655e-02	
56.000000	0.000000	139.058332	199.303590	5.642406e-01	3.072655e-02	3.990049e+02	3.749908e-02	
56.000000	4.000000	157.403886	52.831738	5.523835e-01	3.065217e-02	4.210628e+02	3.582224e-02	
56.000000	8.000000	156.052274	84.275122	5.409629e-01	2.876930e-02	4.202335e+02	3.640746e-02	
56.000000	12.000000	154.737032	34.674419	5.107144e-01	3.058909e-02	4.200096e+02	3.205112e-02	
56.000000	16.000000	154.697792	5.360342	5.468296e-01	3.329865e-02	4.201484e+02	3.658573e-02	
56.000000	20.000000	153.298673	7.378848	5.523982e-01	2.659528e-02	4.203352e+02	3.769994e-02	
56.000000	24.000000	151.556791	75.482118	5.779001e-01	4.160825e-02	4.209490e+02	4.202866e-02	
56.000000	28.000000	147.055538	3.628804	5.259971e-01	2.228910e-02	4.214757e+02	3.668486e-02	
56.000000	32.000000	147.059379	78.520182	5.594448e-01	2.596249e-02	4.224151e+02	3.836491e-02	
56.000000	36.000000	147.052941	99.077667	5.287165e-01	2.841974e-02	4.228940e+02	3.732478e-02	
56.000000	40.000000	147.057216	2.610157	5.581251e-01	2.675963e-02	4.233542e+02	3.813179e-02	
56.000000	44.000000	153.306693	2.763222	5.510712e-01	2.571137e-02	4.236582e+02	3.712820e-02	
56.000000	48.000000	159.545304	3.298095	5.570136e-01	2.686475e-02	4.236591e+02	3.793497e-02	
56.000000	52.000000	177.397212	95.155201	5.822132e-01	2.826817e-02	4.224390e+02	3.987478e-02	
56.000000	56.000000	190.838039	11.423887	5.272350e-01	2.979738e-02	4.198111e+02	3.499314e-02	
56.000000	60.000000	173.214082	791.570328	5.663999e-01	2.644707e-02	4.144316e+02	3.838558e-02	
60.000000	0.000000	157.870279	5.363630	5.063763e-01	3.354042e-02	4.039678e+02	3.309959e-02	
60.000000	4.000000	208.357224	45.904924	5.034238e-01	2.906115e-02	4.201651e+02	3.231701e-02	
60.000000	8.000000	207.726146	55.603635	5.393455e-01	2.575713e-02	4.192807e+02	3.608007e-02	
60.000000	12.000000	205.182681	54.759845	5.290057e-01	2.724373e-02	4.191342e+02	3.570803e-02	
60.000000	16.000000	204.164560	41.712611	5.442615e-01	2.960255e-02	4.190631e+02	3.475583e-02	
60.000000	20.000000	198.910636	913.150476	5.681419e-01	2.654668e-02	4.195423e+02	3.895916e-02	
60.000000	24.000000	194.136109	50.500500	5.573371e-01	2.755406e-02	4.203207e+02	3.734272e-02	
60.000000	28.000000	188.429150	173.073676	5.207212e-01	2.760354e-02	4.211281e+02	3.452168e-02	
60.000000	32.000000	182.840885	32.277960	5.161785e-01	3.372269e-02	4.218820e+02	3.357987e-02	
60.000000	36.000000	176.651379	4.945282	5.553347e-01	2.639289e-02	4.223587e+02	3.796803e-02	
60.000000	40.000000	172.056705	106.059232	5.680181e-01	2.949201e-02	4.230909e+02	4.091822e-02	
60.000000	44.000000	172.046847	212.796562	5.246483e-01	2.432157e-02	4.233252e+02	3.556658e-02	
60.000000	48.000000	178.301976	5.453933	5.180046e-01	2.741527e-02	4.232213e+02	3.398659e-02	
60.000000	52.000000	190.799831	6.113528	6.162704e-01	3.237664e-02	4.225737e+02	4.194604e-02	
60.000000	56.000000	215.800019	14.694128	5.761065e-01	2.841703e-02	4.206354e+02	3.928970e-02	
60.000000	60.000000	215.801955	14.650718	5.831146e-01	3.334400e-02	4.167854e+02	3.997919e-02	
0.000000	0.000000	195.861950	6.738496	5.889582e-01	2.877573e-02	4.094882e+02	3.984418e-02	
