0.000000	4.000000	153.295814	4.165809	5.036033e-01	2.970526e-02	4.470734e+02	3.299071e-02	
0.000000	8.000000	140.914027	184.750770	5.566193e-01	2.878888e-02	4.469121e+02	3.793677e-02	
0.000000	12.000000	156.007271	955.848883	5.455501e-01	3.255426e-02	4.471547e+02	3.610436e-02	
0.000000	16.000000	135.192860	183.939564	5.538092e-01	2.538043e-02	4.474106e+02	3.793447e-02	
0.000000	20.000000	135.172818	2.467884	5.369810e-01	2.376993e-02	4.475862e+02	3.709684e-02	
0.000000	24.000000	146.276105	132.454441	6.062600e-01	3.356881e-02	4.477076e+02	4.186072e-02	
0.000000	28.000000	143.303546	206.328357	5.826323e-01	2.898096e-02	4.477067e+02	3.875309e-02	
0.000000	32.000000	143.947727	19.871229	5.628601e-01	2.913385e-02	4.478570e+02	4.610622e-02	
0.000000	36.000000	146.049917	1.854788	5.947762e-01	3.032220e-02	4.479978e+02	3.891742e-02	
0.000000	40.000000	135.172819	113.108001	5.011380e-01	2.310540e-02	4.483124e+02	3.493105e-02	
0.000000	44.000000	153.305508	3.121785	5.383558e-01	2.474764e-02	4.483579e+02	3.688258e-02	
0.000000	48.000000	165.804193	2.264429	5.478324e-01	2.787359e-02	4.478674e+02	4.079388e-02	
0.000000	52.000000	183.935584	4.905341	5.114507e-01	3.049278e-02	4.469845e+02	3.211659e-02	
0.000000	56.000000	197.043435	6.863144	4.899737e-01	3.422666e-02	4.440672e+02	3.077319e-02	
0.000000	60.000000	166.978409	7.368532	6.151994e-01	3.076717e-02	4.384970e+02	4.165705e-02	
4.000000	0.000000	173.216183	115.716089	5.461089e-01	2.610698e-02	4.341874e+02	3.685484e-02	
4.000000	4.000000	157.905259	169.095860	5.765533e-01	3.026187e-02	4.470086e+02	3.776745e-02	
4.000000	8.000000	153.304259	4.399124	6.144487e-01	3.343632e-02	4.466515e+02	4.240909e-02	
4.000000	12.000000	153.302069	4.169895	5.262409e-01	2.974523e-02	4.469114e+02	3.847271e-02	
4.000000	16.000000	148.315842	67.786188	5.616601e-01	2.612341e-02	4.473065e+02	3.762566e-02	
4.000000	20.000000	147.088383	224.729490	6.401539e-01	3.634753e-02	4.476009e+02	4.451184e-02	
4.000000	24.000000	147.055810	2.859547	5.309335e-01	2.449609e-02	4.476577e+02	3.648721e-02	
4.000000	28.000000	147.055621	2.290655	5.749114e-01	2.852341e-02	4.476453e+02	3.927518e-02	
4.000000	32.000000	147.048529	2.140957	5.798462e-01	3.814353e-02	4.478926e+02	4.071768e-02	
4.000000	36.000000	147.054140	26.375723	4.746012e-01	3.190405e-02	4.480723e+02	2.896503e-02	
4.000000	40.000000	148.452301	2.434714	5.445902e-01	2.605930e-02	4.482246e+02	3.629418e-02	
4.000000	44.000000	153.304193	1.617999	5.030932e-01	3.008451e-02	4.480656e+02	3.319727e-02	
4.000000	48.000000	165.804815	165.593555	5.181730e-01	2.617379e-02	4.477428e+02	3.515680e-02	
4.000000	52.000000	184.551369	3.676864	4.758015e-01	3.279816e-02	4.470876e+02	2.899371e-02	
4.000000	56.000000	199.015485	1115.393937	5.834456e-01	2.679537e-02	4.443547e+02	3.911066e-02	
4.000000	60.000000	190.809295	11.523168	5.860107e-01	3.108731e-02	4.390919e+02	3.845988e-02	
8.000000	0.000000	178.306727	13.439178	5.748664e-01	3.047670e-02	4.342278e+02	3.808623e-02	
8.000000	4.000000	159.560836	30.592361	5.639732e-01	2.921051e-02	4.469373e+02	3.701659e-02	
8.000000	8.000000	158.298770	0.053382	5.769886e-01	3.012015e-02	4.467059e+02	3.935234e-02	
8.000000	12.000000	153.301916	3.999868	5.765533e-01	3.026098e-02	4.469914e+02	3.776633e-02	
8.000000	16.000000	151.647588	108.576644	6.001793e-01	3.021682e-02	4.470726e+02	3.925279e-02	
8.000000	20.000000	148.380438	5.331440	5.775453e-01	2.728361e-02	4.475729e+02	3.900940e-02	
8.000000	24.000000	147.045137	1.197135	5.597390e-01	2.723415e-02	4.476636e+02	3.810005e-02	
8.000000	28.000000	147.048913	231.672102	5.747242e-01	2.670812e-02	4.476423e+02	3.861495e-02	
8.000000	32.000000	147.054299	63.806297	5.538331e-01	2.599042e-02	4.478144e+02	3.808791e-02	
8.000000	36.000000	147.064818	2.184421	5.130926e-01	3.184582e-02	4.480653e+02	3.255601e-02	
8.000000	40.000000	159.262816	439.622788	5.355105e-01	2.675197e-02	4.481520e+02	3.622224e-02	
8.000000	44.000000	155.054408	238.092593	5.347311e-01	2.821372e-02	4.482131e+02	3.504486e-02	
8.000000	48.000000	165.795193	191.754215	5.683421e-01	2.985060e-02	4.480125e+02	3.677621e-02	
8.000000	52.000000	190.956566	3.908424	5.230046e-01	2.974728e-02	4.470437e+02	3.335257e-02	
8.000000	56.000000	203.295330	5.327780	5.602443e-01	2.594690e-02	4.448123e+02	3.919049e-02	
8.000000	60.000000	200.817059	7.030230	6.228745e-01	3.001268e-02	4.398821e+02	4.225875e-02	
12.000000	0.000000	181.316731	12.801604	6.168459e-01	2.774085e-02	4.343904e+02	4.181933e-02	
12.000000	4.000000	154.964421	121.078680	5.391859e-01	3.359122e-02	4.468646e+02	3.583348e-02	
12.000000	8.000000	159.545021	35.140714	5.765058e-01	2.772634e-02	4.465751e+02	3.947556e-02	
12.000000	12.000000	156.382720	48.830345	5.422047e-01	2.646688e-02	4.468380e+02	3.700584e-02	
12.000000	16.000000	140.934941	2.961351	5.669814e-01	2.952626e-02	4.470394e+02	3.658839e-02	
12.000000	20.000000	151.570303	2.501338	4.951915e-01	3.490677e-02	4.470603e+02	3.185218e-02	
12.000000	24.000000	148.724055	227.631525	5.255549e-01	2.254494e-02	4.474320e+02	3.659275e-02	
12.000000	28.000000	147.541670	3.605049	5.776687e-01	2.777716e-02	4.475657e+02	3.956197e-02	
12.000000	32.000000	147.488022	15.765614	5.698355e-01	3.111614e-02	4.477613e+02	3.872043e-02	
12.000000	36.000000	150.293243	953.659165	5.812552e-01	2.578311e-02	4.477845e+02	4.207723e-02	
12.000000	40.000000	140.934941	2.698391	5.502956e-01	3.266780e-02	4.480816e+02	3.663500e-02	
12.000000	44.000000	157.876371	1.765036	6.268294e-01	3.599080e-02	4.483043e+02	4.373788e-02	
12.000000	48.000000	166.488470	3.490536	5.225617e-01	2.963232e-02	4.480555e+02	3.316454e-02	
12.000000	52.000000	169.645346	6.054957	5.664260e-01	2.779564e-02	4.471527e+02	3.732846e-02	
12.000000	56.000000	198.020170	19.642004	5.007463e-01	2.889391e-02	4.451091e+02	3.200396e-02	
12.000000	60.000000	197.747441	12.947743	5.701571e-01	2.565565e-02	4.407888e+02	3.987748e-02	
16.000000	0.000000	169.620072	7.413075	6.149416e-01	2.786255e-02	4.347682e+02	4.193156e-02	
16.000000	4.000000	170.496475	352.052482	5.988289e-01	3.059658e-02	4.464060e+02	4.107060e-02	
16.000000	8.000000	160.958906	309.128324	6.061941e-01	3.103282e-02	4.465094e+02	4.161262e-02	
16.000000	12.000000	159.552747	7.046619	5.289519e-01	2.392325e-02	4.466393e+02	3.648357e-02	
16.000000	16.000000	154.634569	43.468206	5.511214e-01	3.013661e-02	4.468703e+02	3.572115e-02	
16.000000	20.000000	153.300018	2.929327	5.863191e-01	2.999251e-02	4.469788e+02	3.833463e-02	
16.000000	24.000000	152.418479	3.980481	5.122887e-01	2.547276e-02	4.472529e+02	3.429279e-02	
16.000000	28.000000	151.673600	2.620951	5.917813e-01	2.972283e-02	4.471882e+02	3.892812e-02	
16.000000	32.000000	152.406560	369.102588	5.277351e-01	2.257061e-02	4.474515e+02	3.673390e-02	
16.000000	36.000000	153.295210	3.324201	5.786711e-01	2.782168e-02	4.475563e+02	3.963625e-02	
16.000000	40.000000	153.298408	2.438790	5.776928e-01	2.994128e-02	4.479958e+02	3.759826e-02	
16.000000	44.000000	159.543181	230.908477	5.910647e-01	3.338511e-02	4.482373e+02	4.065706e-02	
16.000000	48.000000	167.513726	229.684274	5.716214e-01	2.610832e-02	4.481918e+02	4.161499e-02	
16.000000	52.000000	184.548034	179.438970	5.867626e-01	2.877481e-02	4.474437e+02	4.019334e-02	
16.000000	56.000000	208.482421	7.176571	5.007598e-01	2.065415e-02	4.455760e+02	3.561509e-02	
16.000000	60.000000	174.261712	5.537548	6.234616e-01	3.341959e-02	4.415285e+02	4.296910e-02	
20.000000	0.000000	190.801890	11.409456	5.363459e-01	2.656959e-02	4.352913e+02	3.590216e-02	
20.000000	4.000000	159.162949	6.851848	6.567602e-01	4.070217e-02	4.462895e+02	4.695906e-02	
20.000000	8.000000	165.809308	7.428645	5.499902e-01	2.731550e-02	4.463016e+02	3.677148e-02	
20.000000	12.000000	160.930132	81.239669	5.676530e-01	2.793315e-02	4.465971e+02	3.818850e-02	
20.000000	16.000000	158.447592	4.805732	5.326431e-01	3.502810e-02	4.469263e+02	4.698563e-02	
20.000000	20.000000	154.753212	194.369934	5.312594e-01	3.774434e-02	4.470046e+02	4.205877e-02	
20.000000	24.000000	140.934941	30.629147	5.384105e-01	2.627735e-02	4.471825e+02	3.590718e-02	
20.000000	28.000000	136.598889	3.251668	5.966123e-01	2.574184e-02	4.472928e+02	4.101197e-02	
20.000000	32.000000	153.302084	28.551156	5.699603e-01	2.668908e-02	4.474035e+02	3.848318e-02	
20.000000	36.000000	153.307212	3.162681	5.686075e-01	2.887024e-02	4.476919e+02	3.873051e-02	
20.000000	40.000000	156.183269	259.427529	5.412615e-01	3.109204e-02	4.480503e+02	3.513257e-02	
20.000000	44.000000	160.248261	2.808292	5.222255e-01	2.677220e-02	4.482490e+02	3.530370e-02	
20.000000	48.000000	170.450002	2.275443	4.783443e-01	3.473407e-02	4.480072e+02	3.042694e-02	
20.000000	52.000000	184.545417	3.087070	5.600595e-01	2.653874e-02	4.476224e+02	3.832111e-02	
20.000000	56.000000	193.022106	7.436855	5.866883e-01	3.221700e-02	4.457726e+02	3.902265e-02	
20.000000	60.000000	209.553610	6.231497	5.296245e-01	3.069165e-02	4.420692e+02	3.378988e-02	
24.000000	0.000000	175.096237	8.549990	6.253386e-01	4.042313e-02	4.358414e+02	4.547642e-02	
24.000000	4.000000	170.325520	6.993181	5.495682e-01	2.588678e-02	4.462060e+02	3.688261e-02	
24.000000	8.000000	167.041288	5.350617	6.017199e-01	3.017736e-02	4.459529e+02	3.973449e-02	
24.000000	12.000000	164.787953	7.674528	4.144322e-01	3.396056e-02	4.461439e+02	3.016684e-02	
24.000000	16.000000	156.513716	3.949873	5.291476e-01	2.694178e-02	4.467443e+02	3.570117e-02	
24.000000	20.000000	158.772211	5.013711	5.330382e-01	2.937577e-02	4.469002e+02	3.969346e-02	
24.000000	24.000000	157.607340	32.163502	4.691578e-01	3.454782e-02	4.470174e+02	2.838066e-02	
24.000000	28.000000	154.943833	69.728353	5.334783e-01	3.063633e-02	4.471621e+02	3.421238e-02	
24.000000	32.000000	154.558360	130.804013	5.417035e-01	2.908305e-02	4.472258e+02	3.560488e-02	
24.000000	36.000000	156.462915	256.786123	5.220904e-01	2.374027e-02	4.476585e+02	3.596317e-02	
24.000000	40.000000	159.552170	3.321980	4.881924e-01	3.447189e-02	4.479917e+02	3.278110e-02	
24.000000	44.000000	163.545003	903.570216	5.455229e-01	2.601456e-02	4.482463e+02	3.635698e-02	
24.000000	48.000000	172.057166	38.319446	5.296461e-01	2.540886e-02	4.482800e+02	3.542925e-02	
24.000000	52.000000	185.733423	477.849922	6.028931e-01	3.544379e-02	4.477832e+02	4.197046e-02	
24.000000	56.000000	209.555704	8.128692	5.427717e-01	2.607559e-02	4.462001e+02	3.619526e-02	
24.000000	60.000000	215.800022	6.417235	5.872365e-01	2.875453e-02	4.428718e+02	4.270897e-02	
28.000000	0.000000	203.300453	8.501231	5.887301e-01	3.059366e-02	4.367620e+02	3.897471e-02	
28.000000	4.000000	166.202325	181.709967	5.294581e-01	2.759610e-02	4.461223e+02	3.632788e-02	
28.000000	8.000000	172.051907	40.801551	5.621514e-01	3.107881e-02	4.458875e+02	3.671739e-02	
28.000000	12.000000	167.416372	6.774957	4.855782e-01	2.894855e-02	4.461659e+02	3.122574e-02	
28.000000	16.000000	172.347868	348.075406	5.803750e-01	2.860448e-02	4.463833e+02	3.961544e-02	
28.000000	20.000000	152.992978	64.733475	5.975972e-01	3.126995e-02	4.466545e+02	4.091338e-02	
28.000000	24.000000	159.551889	208.447595	5.366373e-01	2.967786e-02	4.469779e+02	3.407830e-02	
28.000000	28.000000	159.554212	4.619007	4.941949e-01	2.878731e-02	4.471352e+02	3.152346e-02	
28.000000	32.000000	161.673260	29.413776	4.988393e-01	2.082727e-02	4.473991e+02	3.537523e-02	
28.000000	36.000000	159.551893	54.065265	5.606954e-01	2.606248e-02	4.476337e+02	3.771658e-02	
28.000000	40.000000	159.549043	3.503749	5.699720e-01	2.980021e-02	4.480523e+02	3.863190e-02	
28.000000	44.000000	164.965891	55.051737	5.316472e-01	2.656572e-02	4.481726e+02	3.523703e-02	
28.000000	48.000000	172.045139	3.458328	5.924353e-01	3.054870e-02	4.483545e+02	4.058788e-02	
28.000000	52.000000	194.814861	73.147564	5.800805e-01	2.557509e-02	4.477411e+02	3.967178e-02	
28.000000	56.000000	209.552061	11.746269	5.244508e-01	2.268086e-02	4.464082e+02	3.639221e-02	
28.000000	60.000000	222.723186	6.795637	5.455125e-01	2.409106e-02	4.434668e+02	3.756085e-02	
32.000000	0.000000	209.605209	14.466859	6.602905e-01	3.239983e-02	4.378055e+02	4.391692e-02	
32.000000	4.000000	178.302065	50.549137	5.720949e-01	2.683742e-02	4.455187e+02	3.913793e-02	
32.000000	8.000000	182.380112	129.362079	5.854760e-01	2.855717e-02	4.454439e+02	4.001645e-02	
32.000000	12.000000	154.739081	38.208395	5.831929e-01	2.952719e-02	4.459431e+02	3.821847e-02	
32.000000	16.000000	165.267152	56.807629	5.363148e-01	3.138598e-02	4.461707e+02	3.567118e-02	
32.000000	20.000000	164.788800	253.070610	5.352814e-01	2.439943e-02	4.463684e+02	3.647261e-02	
32.000000	24.000000	163.639477	155.234226	5.646657e-01	2.604468e-02	4.467011e+02	3.774803e-02	
32.000000	28.000000	158.892163	867.502121	5.540788e-01	2.809445e-02	4.468741e+02	3.622528e-02	
32.000000	32.000000	153.943546	55.625433	5.446020e-01	3.037312e-02	4.470351e+02	3.505384e-02	
32.000000	36.000000	161.161218	73.724179	5.763794e-01	3.217006e-02	4.472257e+02	3.922680e-02	
32.000000	40.000000	170.231091	6.593969	5.739825e-01	2.747124e-02	4.475841e+02	3.921175e-02	
32.000000	44.000000	167.190964	135.755779	5.389320e-01	2.988320e-02	4.481846e+02	3.508814e-02	
32.000000	48.000000	176.236276	160.417670	5.671442e-01	2.986446e-02	4.479833e+02	3.704512e-02	
32.000000	52.000000	190.800031	4.589820	6.182974e-01	3.482558e-02	4.476986e+02	4.284484e-02	
32.000000	56.000000	209.093076	720.659266	5.296221e-01	2.259673e-02	4.465194e+02	3.685496e-02	
32.000000	60.000000	237.243025	9.087767	5.942351e-01	3.009032e-02	4.439659e+02	3.906489e-02	
36.000000	0.000000	216.648782	9.462673	6.293569e-01	3.430665e-02	4.386972e+02	4.208462e-02	
36.000000	4.000000	183.445634	17.017007	5.547950e-01	2.834351e-02	4.452159e+02	3.637267e-02	
36.000000	8.000000	176.963133	64.994127	5.723694e-01	3.071072e-02	4.449428e+02	3.741170e-02	
36.000000	12.000000	183.169889	485.096436	5.269971e-01	2.664000e-02	4.451909e+02	3.477520e-02	
36.000000	16.000000	172.797281	266.224564	5.628260e-01	2.567994e-02	4.457573e+02	3.785343e-02	
36.000000	20.000000	177.111792	30.655902	5.270386e-01	2.935702e-02	4.460931e+02	3.817268e-02	
36.000000	24.000000	167.092740	5.876006	5.642747e-01	2.995457e-02	4.461564e+02	3.682717e-02	
36.000000	28.000000	165.806004	4.469829	5.462602e-01	2.545839e-02	4.463587e+02	3.733397e-02	
36.000000	32.000000	164.589631	205.870462	5.954757e-01	2.859104e-02	4.465537e+02	4.017323e-02	
36.000000	36.000000	164.928936	8.582566	4.718518e-01	3.832342e-02	4.470362e+02	3.060055e-02	
36.000000	40.000000	166.240884	4.417483	5.618692e-01	2.611569e-02	4.475172e+02	3.835768e-02	
36.000000	44.000000	170.247283	3.889449	5.726081e-01	3.085595e-02	4.479924e+02	3.860688e-02	
36.000000	48.000000	163.903264	50.623820	5.478324e-01	2.787359e-02	4.478674e+02	4.079388e-02	
36.000000	52.000000	190.805176	4.335535	5.544896e-01	2.513108e-02	4.475565e+02	3.803364e-02	
36.000000	56.000000	214.206909	202.918100	5.130996e-01	2.115460e-02	4.465050e+02	3.616514e-02	
36.000000	60.000000	239.563513	7.548672	6.004718e-01	3.345833e-02	4.441908e+02	4.025530e-02	
40.000000	0.000000	228.306007	10.789315	5.520844e-01	2.479342e-02	4.394575e+02	3.791380e-02	
40.000000	4.000000	195.381701	144.985173	5.847471e-01	2.997862e-02	4.446309e+02	3.909268e-02	
40.000000	8.000000	185.789687	744.685465	6.050186e-01	3.109219e-02	4.445704e+02	4.144597e-02	
40.000000	12.000000	182.941633	8.900233	6.035817e-01	2.913482e-02	4.448808e+02	4.161513e-02	
40.000000	16.000000	185.285539	9.645876	5.628908e-01	2.649080e-02	4.453969e+02	3.846081e-02	
40.000000	20.000000	173.272776	698.307094	5.568319e-01	2.837960e-02	4.458997e+02	3.732170e-02	
40.000000	24.000000	156.381718	90.877398	5.799839e-01	3.160985e-02	4.460206e+02	3.918818e-02	
40.000000	28.000000	170.809717	21.009120	5.412679e-01	2.870517e-02	4.461394e+02	3.500130e-02	
40.000000	32.000000	176.710176	35.033294	5.572967e-01	2.521683e-02	4.464906e+02	3.823445e-02	
40.000000	36.000000	173.254475	32.145622	5.609423e-01	3.793571e-02	4.469120e+02	3.868678e-02	
40.000000	40.000000	173.100504	30.896349	4.704979e-01	2.017754e-02	4.473584e+02	3.448653e-02	
40.000000	44.000000	173.202089	61.486977	5.662821e-01	3.014866e-02	4.480272e+02	3.675022e-02	
40.000000	48.000000	194.653256	53.730183	5.760068e-01	2.952512e-02	4.481523e+02	3.764113e-02	
40.000000	52.000000	195.107340	3.386778	5.480623e-01	2.833136e-02	4.478954e+02	3.577483e-02	
40.000000	56.000000	198.326116	9.958191	5.688482e-01	3.049515e-02	4.469585e+02	3.928483e-02	
40.000000	60.000000	245.391491	9.789416	5.280515e-01	3.100928e-02	4.449791e+02	3.533831e-02	
44.000000	0.000000	245.345814	571.830918	6.310911e-01	3.181777e-02	4.406082e+02	4.228554e-02	
44.000000	4.000000	188.865257	29.293665	5.599301e-01	2.643629e-02	4.444070e+02	3.818667e-02	
44.000000	8.000000	194.687719	233.480111	5.592886e-01	2.590032e-02	4.443942e+02	3.776195e-02	
44.000000	12.000000	189.159110	192.220351	5.590671e-01	2.590091e-02	4.444078e+02	3.789165e-02	
44.000000	16.000000	183.414307	41.429552	5.203875e-01	3.389908e-02	4.450632e+02	3.449251e-02	
44.000000	20.000000	179.452069	35.402176	5.674343e-01	2.665465e-02	4.454251e+02	3.879620e-02	
44.000000	24.000000	177.122154	0.169252	5.298270e-01	2.327122e-02	4.456008e+02	3.661408e-02	
44.000000	28.000000	179.031991	843.988889	5.391222e-01	3.244320e-02	4.459084e+02	4.546017e-02	
44.000000	32.000000	174.613891	152.759935	5.456221e-01	2.990431e-02	4.461970e+02	3.575160e-02	
44.000000	36.000000	170.516052	115.764456	5.765342e-01	2.744588e-02	4.464671e+02	3.950666e-02	
44.000000	40.000000	180.219564	363.104313	5.848218e-01	3.028157e-02	4.470062e+02	3.850441e-02	
44.000000	44.000000	178.779016	56.816896	5.481357e-01	2.454793e-02	4.474430e+02	3.775508e-02	
44.000000	48.000000	163.977470	33.642135	5.687348e-01	3.232436e-02	4.478931e+02	3.779042e-02	
44.000000	52.000000	197.055404	4.715403	5.801386e-01	2.556463e-02	4.477732e+02	4.099180e-02	
44.000000	56.000000	211.975851	9.067791	5.555441e-01	3.203156e-02	4.469924e+02	3.884157e-02	
44.000000	60.000000	247.870064	12.733629	5.159380e-01	2.441661e-02	4.453023e+02	3.546063e-02	
48.000000	0.000000	232.773379	17.126251	6.737807e-01	2.844163e-02	4.414285e+02	4.962877e-02	
48.000000	4.000000	213.735844	42.350533	5.418219e-01	2.400742e-02	4.435713e+02	3.730554e-02	
48.000000	8.000000	204.601949	32.470252	5.473190e-01	2.426107e-02	4.435143e+02	3.775238e-02	
48.000000	12.000000	198.256000	507.388980	5.771271e-01	2.990770e-02	4.440021e+02	3.750489e-02	
48.000000	16.000000	192.237031	9.392960	5.890110e-01	3.081344e-02	4.446821e+02	4.023598e-02	
48.000000	20.000000	189.025280	797.383975	5.659866e-01	2.977117e-02	4.449458e+02	3.657787e-02	
48.000000	24.000000	178.990572	415.682095	5.789752e-01	2.768718e-02	4.454626e+02	3.958110e-02	
48.000000	28.000000	183.526817	23.537318	6.177979e-01	3.252727e-02	4.454859e+02	4.241886e-02	
48.000000	32.000000	182.643714	47.349660	4.877229e-01	2.852611e-02	4.458463e+02	3.129867e-02	
48.000000	36.000000	181.825053	263.203653	5.690004e-01	3.016015e-02	4.462165e+02	3.745290e-02	
48.000000	40.000000	182.389477	3.166741	5.430667e-01	2.566941e-02	4.466649e+02	3.704642e-02	
48.000000	44.000000	189.113198	5.387101	5.597304e-01	3.092904e-02	4.472172e+02	3.774828e-02	
48.000000	48.000000	190.837499	71.859153	5.742160e-01	2.734679e-02	4.475611e+02	3.933573e-02	
48.000000	52.000000	203.303564	5.538659	5.686075e-01	2.887024e-02	4.476919e+02	3.873051e-02	
48.000000	56.000000	222.052170	10.099995	5.232494e-01	2.490782e-02	4.472925e+02	3.520116e-02	
48.000000	60.000000	252.527393	13.717824	5.581251e-01	2.676016e-02	4.456458e+02	3.813201e-02	
52.000000	0.000000	270.885594	9.473984	6.172975e-01	3.226986e-02	4.425642e+02	4.199056e-02	
52.000000	4.000000	215.640863	707.889174	6.157684e-01	2.782726e-02	4.427720e+02	4.218407e-02	
52.000000	8.000000	219.846564	64.077465	6.555151e-01	4.111107e-02	4.427390e+02	4.711885e-02	
52.000000	12.000000	212.648429	927.864708	5.866904e-01	2.997878e-02	4.430063e+02	3.809294e-02	
52.000000	16.000000	205.833561	59.922646	6.040874e-01	2.927053e-02	4.438824e+02	4.187132e-02	
52.000000	20.000000	208.037814	937.324112	6.091460e-01	2.766892e-02	4.443893e+02	4.104092e-02	
52.000000	24.000000	195.849519	60.457479	5.646657e-01	2.604467e-02	4.447011e+02	3.774803e-02	
52.000000	28.000000	195.143712	37.094724	5.457400e-01	2.984839e-02	4.449818e+02	3.538645e-02	
52.000000	32.000000	192.041157	7.899852	5.569379e-01	3.192953e-02	4.452058e+02	3.706995e-02	
52.000000	36.000000	183.753417	65.429768	5.610221e-01	2.642805e-02	4.456125e+02	3.832279e-02	
52.000000	40.000000	190.025798	238.121448	5.158911e-01	2.891804e-02	4.461712e+02	3.328273e-02	
52.000000	44.000000	185.827332	31.675460	5.816424e-01	2.943370e-02	4.468372e+02	3.801701e-02	
52.000000	48.000000	187.072529	316.610265	5.906421e-01	2.831532e-02	4.472400e+02	3.918296e-02	
52.000000	52.000000	209.549889	7.838476	5.429838e-01	2.526656e-02	4.473409e+02	3.667905e-02	
52.000000	56.000000	233.009993	8.351370	5.725673e-01	4.302182e-02	4.469738e+02	4.220347e-02	
52.000000	60.000000	257.892469	28.587852	5.098039e-01	2.809607e-02	4.458706e+02	3.308347e-02	
56.000000	0.000000	292.092299	22.555269	5.620774e-01	2.679528e-02	4.434163e+02	3.807205e-02	
56.000000	4.000000	255.514480	94.015112	6.503107e-01	2.739886e-02	4.416089e+02	4.639263e-02	
56.000000	8.000000	245.621459	832.308924	6.512629e-01	2.821217e-02	4.415814e+02	4.565134e-02	
56.000000	12.000000	241.020555	121.256394	5.316673e-01	2.995290e-02	4.420402e+02	3.501616e-02	
56.000000	16.000000	204.938498	85.821358	5.763389e-01	2.804716e-02	4.427909e+02	3.796018e-02	
56.000000	20.000000	222.459538	460.544673	6.221441e-01	3.565168e-02	4.437862e+02	4.214328e-02	
56.000000	24.000000	217.440457	68.333985	5.477648e-01	2.987191e-02	4.440164e+02	3.512065e-02	
56.000000	28.000000	213.762147	830.916601	5.941302e-01	3.030619e-02	4.442254e+02	3.916895e-02	
56.000000	32.000000	210.853490	33.104703	5.878456e-01	2.984234e-02	4.446401e+02	4.014665e-02	
56.000000	36.000000	207.846571	7.620471	5.354159e-01	2.673725e-02	4.451494e+02	3.624131e-02	
56.000000	40.000000	205.265482	54.147324	5.164304e-01	2.344867e-02	4.456643e+02	3.566523e-02	
56.000000	44.000000	205.833565	41.264869	5.363459e-01	2.656959e-02	4.462913e+02	3.590215e-02	
56.000000	48.000000	210.293416	267.988102	5.843157e-01	2.851152e-02	4.467463e+02	3.862361e-02	
56.000000	52.000000	227.652722	61.737513	5.826548e-01	3.034569e-02	4.470613e+02	3.794047e-02	
56.000000	56.000000	227.266719	489.248753	5.227594e-01	3.254701e-02	4.469992e+02	3.559014e-02	
56.000000	60.000000	264.840714	9.054218	6.032468e-01	3.064666e-02	4.459915e+02	3.983243e-02	
60.000000	0.000000	308.670376	28.803645	5.085487e-01	3.427260e-02	4.440888e+02	3.303195e-02	
60.000000	4.000000	439.880818	754.869881	6.274841e-01	3.259097e-02	4.405459e+02	4.270143e-02	
60.000000	8.000000	420.000864	722.482559	6.396453e-01	3.596788e-02	4.404328e+02	4.437547e-02	
60.000000	12.000000	391.832203	737.631164	6.278278e-01	3.138258e-02	4.409978e+02	4.135471e-02	
60.000000	16.000000	358.868828	745.835284	6.024959e-01	3.337279e-02	4.420248e+02	4.226401e-02	
60.000000	20.000000	331.431028	760.585507	5.216633e-01	3.264741e-02	4.430015e+02	3.545025e-02	
60.000000	24.000000	313.226367	220.322290	6.194272e-01	2.974787e-02	4.436821e+02	4.140367e-02	
60.000000	28.000000	299.031541	741.173043	5.661416e-01	2.599079e-02	4.438102e+02	4.036879e-02	
60.000000	32.000000	285.198235	716.595974	5.974086e-01	2.965681e-02	4.440747e+02	3.977278e-02	
60.000000	36.000000	269.496691	446.560091	6.004276e-01	3.038704e-02	4.443870e+02	4.022391e-02	
60.000000	40.000000	255.768393	141.698861	5.758418e-01	3.026001e-02	4.449893e+02	3.768070e-02	
60.000000	44.000000	246.164161	208.674446	5.583519e-01	2.538246e-02	4.455095e+02	3.837945e-02	
60.000000	48.000000	242.833944	84.120136	5.628671e-01	3.003810e-02	4.457707e+02	3.719208e-02	
60.000000	52.000000	247.837925	548.641990	4.962365e-01	3.031629e-02	4.461463e+02	3.143510e-02	
60.000000	56.000000	260.429540	286.771442	5.499570e-01	3.021719e-02	4.462159e+02	3.700952e-02	
60.000000	60.000000	284.854402	383.920628	5.613415e-01	2.807601e-02	4.458270e+02	3.670888e-02	
0.000000	0.000000	329.678180	39.696259	5.881267e-01	2.675490e-02	4.443246e+02	3.949883e-02	
