0.000000	4.000000	153.305340	6.684817	5.797793e-01	2.573673e-02	1.937195e+02	3.915190e-02	
0.000000	8.000000	153.311994	3.304428	5.286398e-01	2.657947e-02	1.938158e+02	3.486118e-02	
0.000000	12.000000	147.415656	3.739390	5.417265e-01	3.787086e-02	1.940381e+02	4.127277e-02	
0.000000	16.000000	147.054138	4.029502	5.890790e-01	2.608957e-02	1.943122e+02	3.972316e-02	
0.000000	20.000000	145.189786	108.894339	5.797203e-01	2.916089e-02	1.943460e+02	3.952866e-02	
0.000000	24.000000	142.468386	880.505417	5.189757e-01	2.723878e-02	1.942317e+02	3.486215e-02	
0.000000	28.000000	142.228336	2.160647	5.596919e-01	2.990522e-02	1.941386e+02	3.639068e-02	
0.000000	32.000000	142.527788	34.175798	5.909164e-01	3.757530e-02	1.941350e+02	4.151033e-02	
0.000000	36.000000	147.054894	1.325748	6.001131e-01	2.740293e-02	1.943791e+02	4.033222e-02	
0.000000	40.000000	147.021805	1.315757	5.619167e-01	2.824101e-02	1.941989e+02	3.680203e-02	
0.000000	44.000000	153.279388	1.522066	5.634941e-01	2.928079e-02	1.939438e+02	3.709796e-02	
0.000000	48.000000	165.798914	2.021830	5.289418e-01	2.631013e-02	1.932138e+02	3.492807e-02	
0.000000	52.000000	178.519223	1086.255388	5.017283e+02	1.961935e+02	-1.093668e+03	1.173624e+03	
0.000000	56.000000	184.542250	3.945408	5.908855e-01	3.000504e-02	4.531201e+02	4.542493e-02	
0.000000	60.000000	172.560159	7.988082	5.922218e-01	2.760452e-02	4.478229e+02	4.032393e-02	
4.000000	0.000000	165.801917	8.158708	6.604371e-01	3.216953e-02	4.432420e+02	4.423157e-02	
4.000000	4.000000	153.300318	3.834653	5.732650e-01	2.702790e-02	1.934812e+02	3.929828e-02	
4.000000	8.000000	153.327688	27.446004	5.944214e-01	3.460733e-02	1.932133e+02	4.111789e-02	
4.000000	12.000000	151.515123	2.846828	5.963119e-01	2.609018e-02	1.936867e+02	4.054560e-02	
4.000000	16.000000	147.060804	2.663375	5.489634e-01	2.845452e-02	1.939075e+02	3.618263e-02	
4.000000	20.000000	147.063928	37.662274	4.849905e-01	3.070871e-02	1.941507e+02	3.175148e-02	
4.000000	24.000000	147.038658	1.851939	4.567692e-01	3.662483e-02	1.940557e+02	2.711435e-02	
4.000000	28.000000	146.366369	83.530822	5.227594e-01	3.254763e-02	1.939992e+02	3.559081e-02	
4.000000	32.000000	147.051791	1.519844	5.329458e-01	3.015877e-02	1.940544e+02	3.385056e-02	
4.000000	36.000000	147.021817	2.331525	5.239116e-01	2.914929e-02	1.941519e+02	3.361519e-02	
4.000000	40.000000	148.409063	53.285420	5.317852e-01	2.905362e-02	1.940741e+02	3.408118e-02	
4.000000	44.000000	153.279387	1.680485	5.206148e-01	2.649067e-02	1.937924e+02	3.427301e-02	
4.000000	48.000000	165.789964	28.960365	5.511079e-01	3.038535e-02	1.932126e+02	3.701121e-02	
4.000000	52.000000	180.471030	99.434475	1.315392e+03	1.315876e+03	3.194561e+03	1.819596e+03	
4.000000	56.000000	189.142469	938.432870	5.777334e-01	2.716143e-02	4.534039e+02	3.894303e-02	
4.000000	60.000000	178.304265	9.445677	6.023583e-01	3.124886e-02	4.482803e+02	3.999840e-02	
8.000000	0.000000	165.800958	5.463374	5.942309e-01	2.885438e-02	4.431468e+02	3.919279e-02	
8.000000	4.000000	157.854205	108.090627	5.872427e-01	2.810490e-02	1.934556e+02	3.959359e-02	
8.000000	8.000000	153.999098	164.536627	5.472476e-01	2.843297e-02	1.931543e+02	3.548165e-02	
8.000000	12.000000	153.299062	4.663462	5.652869e-01	2.630041e-02	1.935609e+02	3.867816e-02	
8.000000	16.000000	150.685236	217.482387	6.092757e-01	2.913161e-02	1.938176e+02	4.037209e-02	
8.000000	20.000000	147.054158	2.676952	4.533940e-01	3.618283e-02	1.940628e+02	2.671282e-02	
8.000000	24.000000	147.044381	1.884089	5.227285e-01	3.636707e-02	1.940681e+02	3.634427e-02	
8.000000	28.000000	147.045899	3.383552	5.344948e-01	3.737826e-02	1.939983e+02	4.259844e-02	
8.000000	32.000000	147.051924	167.184901	5.805970e-01	3.069716e-02	1.939774e+02	3.939640e-02	
8.000000	36.000000	147.060496	1.689863	5.682490e-01	3.745265e-02	1.938978e+02	3.926721e-02	
8.000000	40.000000	152.137962	13.381486	5.252494e-01	3.264491e-02	1.939297e+02	4.181767e-02	
8.000000	44.000000	155.538055	59.313155	5.362546e-01	3.076656e-02	1.939051e+02	4.241622e-02	
8.000000	48.000000	165.805599	17.500454	5.556044e-01	3.011870e-02	1.931757e+02	3.626167e-02	
8.000000	52.000000	181.447726	4.934710	1.114856e+03	1.165876e+03	3.691203e+03	5.015062e+03	
8.000000	56.000000	190.799434	3.543726	5.791133e-01	3.071709e-02	4.537049e+02	3.936529e-02	
8.000000	60.000000	182.802328	7.055904	5.879030e-01	3.049340e-02	4.491340e+02	3.844579e-02	
12.000000	0.000000	172.055417	6.843698	7.085072e-01	3.770633e-02	4.432780e+02	4.775991e-02	
12.000000	4.000000	159.545277	17.994460	6.119425e-01	3.449617e-02	1.933070e+02	4.210185e-02	
12.000000	8.000000	157.819466	73.813694	5.558234e-01	2.934764e-02	1.930497e+02	3.614386e-02	
12.000000	12.000000	153.825564	4.015946	6.950230e-01	3.410230e-02	1.934474e+02	4.857558e-02	
12.000000	16.000000	153.309797	2.986262	5.745630e-01	3.015686e-02	1.937188e+02	3.906178e-02	
12.000000	20.000000	150.805789	85.413534	5.896987e-01	3.144538e-02	1.939394e+02	3.908640e-02	
12.000000	24.000000	147.679278	2.592093	6.439799e-01	3.183718e-02	1.938285e+02	4.257759e-02	
12.000000	28.000000	147.057911	2.072677	5.908074e-01	2.958247e-02	1.939276e+02	3.893086e-02	
12.000000	32.000000	147.054160	2.270553	5.589131e-01	2.581186e-02	1.937456e+02	3.737266e-02	
12.000000	36.000000	148.490821	181.548607	5.616500e-01	2.972590e-02	1.939202e+02	4.011241e-02	
12.000000	40.000000	153.279457	2.395976	5.918080e-01	3.111046e-02	1.940240e+02	3.931995e-02	
12.000000	44.000000	159.535192	1.736596	5.641481e-01	2.942895e-02	1.941230e+02	3.654925e-02	
12.000000	48.000000	165.789996	2.270936	5.289124e-01	2.881308e-02	1.932111e+02	3.530587e-02	
12.000000	52.000000	182.302573	4.631019	7.119337e+02	4.699723e+02	-2.140920e+03	3.407484e+03	
12.000000	56.000000	195.440394	4.902605	6.433541e-01	5.822806e-02	4.540965e+02	6.587644e-02	
12.000000	60.000000	184.561163	9.274420	5.227900e-01	3.370953e-02	4.499374e+02	4.231369e-02	
16.000000	0.000000	173.298979	189.913910	6.079381e-01	3.086563e-02	4.434972e+02	4.062522e-02	
16.000000	4.000000	160.002769	5.788069	5.854318e-01	2.987671e-02	1.930400e+02	3.800032e-02	
16.000000	8.000000	158.676540	163.458602	1.728420e+02	1.196380e+02	2.856175e+01	1.299742e+02	
16.000000	12.000000	157.968934	49.266999	5.427717e-01	2.607634e-02	1.932001e+02	3.619614e-02	
16.000000	16.000000	153.301889	3.979270	5.854760e-01	2.855716e-02	1.934439e+02	4.001639e-02	
16.000000	20.000000	153.300787	3.224514	5.760974e-01	2.728165e-02	1.934860e+02	3.939838e-02	
16.000000	24.000000	152.470322	23.495962	5.941009e-01	3.016699e-02	1.936122e+02	4.062477e-02	
16.000000	28.000000	150.764357	232.407203	5.220886e-01	2.599493e-02	1.937283e+02	3.548304e-02	
16.000000	32.000000	151.509179	198.597495	5.955884e-01	2.952849e-02	1.936834e+02	3.970119e-02	
16.000000	36.000000	152.523511	1.940662	5.533093e-01	3.177937e-02	1.938144e+02	3.713439e-02	
16.000000	40.000000	153.279466	115.027351	5.456938e-01	2.867703e-02	1.937561e+02	3.673228e-02	
16.000000	44.000000	159.574637	34.010030	5.563121e-01	2.865190e-02	1.939105e+02	3.772458e-02	
16.000000	48.000000	167.123085	36.149113	5.660915e-01	2.660482e-02	1.934157e+02	3.869730e-02	
16.000000	52.000000	182.794614	4.240957	2.431771e+01	1.130893e+00	3.187990e+02	1.110821e+00	
16.000000	56.000000	197.048848	5.082026	5.051925e-01	2.362570e-02	4.543043e+02	3.500964e-02	
16.000000	60.000000	190.797114	6.647461	5.163698e-01	2.471236e-02	4.502866e+02	3.480455e-02	
20.000000	0.000000	178.303808	6.361060	6.358013e-01	3.083622e-02	4.438531e+02	4.794263e-02	
20.000000	4.000000	164.208248	7.008445	2.975261e+02	1.503903e+02	2.516680e+02	2.227831e+02	
20.000000	8.000000	160.058705	7.072838	5.878333e-01	3.258269e-02	1.926869e+02	4.091041e-02	
20.000000	12.000000	158.540066	175.035301	2.437868e+02	2.209717e+02	-8.417296e+01	1.687630e+02	
20.000000	16.000000	157.030155	49.119363	5.576403e-01	2.563085e-02	1.934292e+02	3.828025e-02	
20.000000	20.000000	153.306005	3.748849	6.152266e-01	3.329855e-02	1.933586e+02	4.235910e-02	
20.000000	24.000000	153.306007	4.147810	5.597412e-01	2.583555e-02	1.935751e+02	3.831698e-02	
20.000000	28.000000	153.305639	3.412014	5.338265e-01	2.306606e-02	1.934521e+02	3.694337e-02	
20.000000	32.000000	153.326846	2.977250	6.226114e-01	3.499551e-02	1.936760e+02	4.322886e-02	
20.000000	36.000000	153.303870	174.478695	5.618127e-01	2.945645e-02	1.937248e+02	3.813111e-02	
20.000000	40.000000	154.182115	69.145582	6.136015e-01	4.549511e-02	1.939625e+02	4.815263e-02	
20.000000	44.000000	159.551652	2.379509	5.360195e-01	2.881342e-02	1.938847e+02	3.439713e-02	
20.000000	48.000000	170.468934	727.109541	6.026527e-01	3.022306e-02	1.936410e+02	4.024799e-02	
20.000000	52.000000	182.840937	6.530247	2.187931e+01	4.717866e-01	3.221527e+02	4.365657e-01	
20.000000	56.000000	197.507921	15.873033	5.039491e-01	2.623657e-02	4.547801e+02	3.341864e-02	
20.000000	60.000000	197.045190	14.677885	5.707635e-01	3.113053e-02	4.510815e+02	4.373753e-02	
24.000000	0.000000	184.545138	10.431153	6.354894e-01	3.093181e-02	4.447337e+02	4.236625e-02	
24.000000	4.000000	164.853638	5.196949	6.745785e+00	5.474617e+02	2.062577e+02	2.053927e+04	
24.000000	8.000000	164.178781	6.487092	6.046714e+00	4.218791e+02	2.058887e+02	2.575138e+03	
24.000000	12.000000	160.063206	5.642759	5.618424e-01	2.957630e-02	1.927162e+02	3.911350e-02	
24.000000	16.000000	159.552760	178.126143	5.925177e-01	3.212740e-02	1.932841e+02	4.065515e-02	
24.000000	20.000000	157.661522	191.468059	5.899015e-01	2.963481e-02	1.935654e+02	3.975425e-02	
24.000000	24.000000	153.676835	3.692848	6.085665e-01	3.148077e-02	1.934435e+02	4.095271e-02	
24.000000	28.000000	153.294808	3.089720	5.894801e-01	2.957102e-02	1.935734e+02	4.008070e-02	
24.000000	32.000000	153.300051	2.892386	5.717089e-01	2.682158e-02	1.934719e+02	3.911016e-02	
24.000000	36.000000	154.361117	99.236827	6.239874e-01	3.698226e-02	1.937521e+02	4.381479e-02	
24.000000	40.000000	158.914679	2.423435	5.210852e-01	2.955435e-02	1.941220e+02	3.314411e-02	
24.000000	44.000000	161.237937	2.137713	5.711293e-01	2.985279e-02	1.939450e+02	3.871121e-02	
24.000000	48.000000	172.055385	3.328617	5.215241e-01	2.457237e-02	1.936911e+02	3.570905e-02	
24.000000	52.000000	182.765643	4.355175	6.068845e+02	3.090771e+02	1.514034e+03	1.111275e+03	
24.000000	56.000000	201.581717	706.157124	5.230678e-01	3.117390e-02	4.549121e+02	3.331230e-02	
24.000000	60.000000	203.305999	15.715980	5.436645e-01	3.037283e-02	4.518924e+02	4.368998e-02	
28.000000	0.000000	190.801944	7.996196	6.486030e-01	2.880166e-02	4.457037e+02	4.431302e-02	
28.000000	4.000000	170.928095	107.975842	2.269367e+01	4.878890e-01	3.243439e+02	4.043258e-01	
28.000000	8.000000	164.242384	56.098639	4.360007e+02	1.669474e+02	-1.228738e+03	9.693030e+02	
28.000000	12.000000	164.098314	6.943138	2.101677e+01	2.884025e-01	3.217436e+02	4.778731e-01	
28.000000	16.000000	160.411200	5.571789	4.189760e+02	4.069247e+02	-1.636866e+02	4.624365e+02	
28.000000	20.000000	159.560063	139.092337	5.636804e-01	2.794702e-02	1.933675e+02	3.799844e-02	
28.000000	24.000000	159.555416	3.756858	5.394801e-01	2.458775e-02	1.933741e+02	3.663109e-02	
28.000000	28.000000	157.868888	567.599667	6.012212e-01	3.056665e-02	1.935656e+02	4.115613e-02	
28.000000	32.000000	157.996233	66.248248	5.512970e-01	2.490088e-02	1.934384e+02	3.792542e-02	
28.000000	36.000000	159.557855	3.557065	5.546585e-01	2.819268e-02	1.937861e+02	3.619536e-02	
28.000000	40.000000	159.557838	45.896542	4.933540e-01	3.280596e-02	1.940253e+02	3.301760e-02	
28.000000	44.000000	164.972923	2.522988	5.662821e-01	3.014850e-02	1.940272e+02	3.675002e-02	
28.000000	48.000000	172.054520	17.226207	5.853033e-01	2.561441e-02	1.937738e+02	4.216212e-02	
28.000000	52.000000	184.920349	4.011394	5.255065e-01	2.704745e-02	1.931602e+02	3.477524e-02	
28.000000	56.000000	203.305493	8.962131	5.635498e-01	2.596521e-02	4.554625e+02	3.859383e-02	
28.000000	60.000000	209.550086	18.462695	5.215278e-01	2.187340e-02	4.525293e+02	3.640683e-02	
32.000000	0.000000	197.052139	9.836795	5.773424e-01	2.890462e-02	4.468945e+02	3.790848e-02	
32.000000	4.000000	169.991770	6.585373	2.508045e+01	7.588992e-01	3.272257e+02	6.907781e-01	
32.000000	8.000000	169.565458	26.346251	9.232455e+02	6.699721e+02	-2.000542e+03	5.999660e+03	
32.000000	12.000000	166.816332	121.518876	2.945672e+01	1.116112e+00	3.235332e+02	7.104269e-01	
32.000000	16.000000	164.188300	31.086093	4.672126e+02	2.432093e+02	4.555393e+02	3.094117e+03	
32.000000	20.000000	162.712914	3.959065	5.407979e-01	3.050675e-02	1.931236e+02	3.496122e-02	
32.000000	24.000000	160.022234	3.774984	5.547195e-01	2.620120e-02	1.931712e+02	3.896348e-02	
32.000000	28.000000	159.551274	4.053121	5.802730e-01	2.547627e-02	1.932560e+02	3.970781e-02	
32.000000	32.000000	159.545260	133.027995	5.415967e-01	2.402498e-02	1.934649e+02	3.714119e-02	
32.000000	36.000000	159.910501	3.250729	5.773201e-01	3.058363e-02	1.937235e+02	3.928299e-02	
32.000000	40.000000	162.083566	100.869221	5.929054e-01	2.916186e-02	1.938680e+02	4.418619e-02	
32.000000	44.000000	165.802925	3.628602	6.120055e-01	3.064621e-02	1.939808e+02	4.000236e-02	
32.000000	48.000000	173.798084	5.159660	5.392220e-01	3.052908e-02	1.938102e+02	3.593688e-02	
32.000000	52.000000	188.838780	1.354019	1.104867e+01	2.524884e+02	2.161538e+02	1.205616e+04	
32.000000	56.000000	203.828196	9.813994	3.896354e+00	2.199826e+02	4.460831e+02	4.918287e+02	
32.000000	60.000000	215.798912	5.950274	5.097913e-01	3.084911e-02	4.529982e+02	3.207134e-02	
36.000000	0.000000	203.300213	12.363075	5.845564e-01	3.236397e-02	4.479491e+02	4.395677e-02	
36.000000	4.000000	174.900161	24.844750	1.317495e+03	7.672101e+02	-1.460805e+03	2.519406e+03	
36.000000	8.000000	173.015204	7.057482	3.753975e+02	1.252646e+02	1.627207e+03	8.246964e+02	
36.000000	12.000000	169.408197	6.573006	4.087874e+02	1.178545e+02	-1.070074e+03	6.545802e+02	
36.000000	16.000000	169.080993	122.861754	8.383942e-01	5.517830e+02	1.929443e+02	4.786455e+00	
36.000000	20.000000	164.575578	81.686067	3.829591e+02	2.833850e+02	-6.448598e+02	1.859963e+03	
36.000000	24.000000	165.122773	4.079954	5.113193e-01	2.985710e-02	1.930722e+02	3.494616e-02	
36.000000	28.000000	169.226598	3.830517	5.205832e-01	3.001263e-02	1.930812e+02	3.725783e-02	
36.000000	32.000000	163.907071	34.904945	4.725026e-01	2.983634e-02	1.931502e+02	3.016024e-02	
36.000000	36.000000	164.059036	39.271478	5.647450e-01	2.624947e-02	1.934743e+02	3.834431e-02	
36.000000	40.000000	165.799768	4.767763	6.431888e-01	3.707627e-02	1.936296e+02	4.481088e-02	
36.000000	44.000000	170.174600	82.067494	5.344251e-01	3.005829e-02	1.939515e+02	3.400126e-02	
36.000000	48.000000	177.437057	3.433969	5.706544e-01	2.705397e-02	1.938273e+02	4.371885e-02	
36.000000	52.000000	189.922381	4.306531	1.721961e+02	1.423696e+02	-1.320969e+02	1.141768e+02	
36.000000	56.000000	204.706190	6.803657	5.384170e-01	3.048660e-02	4.559129e+02	3.627942e-02	
36.000000	60.000000	223.422501	172.152634	5.792062e-01	2.803411e-02	4.534598e+02	3.930074e-02	
40.000000	0.000000	210.810196	856.291267	5.940606e-01	3.054645e-02	4.490384e+02	3.888993e-02	
40.000000	4.000000	178.869873	205.690418	4.717269e+02	1.619311e+02	2.139719e+03	1.114252e+03	
40.000000	8.000000	167.542231	91.193578	5.746517e-01	2.935564e-02	4.558374e+02	4.744364e-02	
40.000000	12.000000	173.490734	9.202396	2.056092e+01	6.059373e-01	3.262101e+02	8.435814e-01	
40.000000	16.000000	169.612303	5.267362	4.617433e+02	1.266804e+02	-1.189088e+03	7.759992e+02	
40.000000	20.000000	174.156655	407.815459	2.524524e+01	1.491733e+00	3.188601e+02	1.225565e+00	
40.000000	24.000000	167.322488	893.097525	5.174267e-01	2.644498e-02	1.927232e+02	3.677575e-02	
40.000000	28.000000	165.270455	90.714209	4.903567e-01	2.276642e-02	1.926696e+02	3.611459e-02	
40.000000	32.000000	164.159720	4.818682	5.363569e-01	2.752932e-02	1.927267e+02	3.717925e-02	
40.000000	36.000000	166.104592	152.861442	6.220000e-01	4.971242e-02	1.930105e+02	5.290510e-02	
40.000000	40.000000	168.898428	65.283271	5.570383e-01	2.658166e-02	1.933548e+02	3.798128e-02	
40.000000	44.000000	172.057332	4.163258	5.782191e-01	2.925754e-02	1.936640e+02	3.949127e-02	
40.000000	48.000000	178.295209	4.690094	5.261039e-01	2.269814e-02	1.934179e+02	3.649975e-02	
40.000000	52.000000	191.516540	208.436194	5.074755e-01	3.057746e-02	1.929400e+02	3.158383e-02	
40.000000	56.000000	209.492022	18.363167	2.073293e+01	2.298555e-01	3.234058e+02	5.906854e-01	
40.000000	60.000000	232.806804	10.261486	5.553022e-01	2.814426e-02	4.538795e+02	3.651680e-02	
44.000000	0.000000	222.049570	8.096518	5.750591e-01	4.360813e-02	4.499794e+02	4.286484e-02	
44.000000	4.000000	183.539491	10.530626	1.728435e+02	1.534855e+02	7.877564e+02	1.570382e+02	
44.000000	8.000000	179.790775	14.095502	6.147581e-01	3.219124e-02	4.554811e+02	4.227263e-02	
44.000000	12.000000	177.264953	490.388366	2.443299e+02	2.305458e+02	1.078672e+03	1.535407e+02	
44.000000	16.000000	173.471066	7.142537	2.934069e+01	6.260350e+00	3.242131e+02	1.324086e+00	
44.000000	20.000000	173.281107	4.810852	5.742412e+02	5.303156e+02	-1.347962e+03	3.611100e+03	
44.000000	24.000000	170.075736	5.383031	2.119759e+01	2.667884e-01	3.254417e+02	5.538811e-01	
44.000000	28.000000	169.839763	5.951903	3.997833e+02	2.026695e+02	1.666540e+03	1.361034e+03	
44.000000	32.000000	170.306044	117.304841	2.460455e+01	5.771457e-01	3.241458e+02	6.737433e-01	
44.000000	36.000000	170.432333	185.746972	2.467769e+00	3.529910e+02	1.991173e+02	5.672437e+01	
44.000000	40.000000	170.917175	5.526948	5.685247e-01	2.632304e-02	1.932961e+02	3.835146e-02	
44.000000	44.000000	177.355901	4.116516	1.727908e+02	1.712894e+02	-1.121646e+02	2.039405e+02	
44.000000	48.000000	183.881922	28.147010	5.704773e-01	2.677236e-02	1.934532e+02	3.901960e-02	
44.000000	52.000000	196.116300	3.982272	5.121701e-01	2.530885e-02	1.932694e+02	3.497181e-02	
44.000000	56.000000	211.735648	8.059358	1.223074e+03	6.504639e+02	-2.248656e+03	6.241274e+03	
44.000000	60.000000	235.832528	854.942000	5.573371e-01	2.755405e-02	4.543207e+02	3.734273e-02	
48.000000	0.000000	234.551919	9.104448	5.191392e-01	2.982829e-02	4.509208e+02	3.279622e-02	
48.000000	4.000000	192.120148	26.083961	5.491404e-01	2.968982e-02	4.547879e+02	3.603074e-02	
48.000000	8.000000	189.037794	197.355755	5.681758e-01	2.781163e-02	4.546494e+02	3.870994e-02	
48.000000	12.000000	185.086794	36.364026	5.037242e-01	2.941531e-02	4.550812e+02	3.278262e-02	
48.000000	16.000000	179.197577	7.733360	5.863026e-01	2.859774e-02	4.554533e+02	4.007749e-02	
48.000000	20.000000	177.371629	197.485271	6.083116e+02	3.100661e+02	4.070084e+02	6.530435e+02	
48.000000	24.000000	171.879922	575.525220	7.907096e+02	4.192197e+02	3.076061e+03	3.152741e+03	
48.000000	28.000000	173.699082	6.417198	1.191423e+03	9.116858e+02	9.487741e+02	2.129859e+03	
48.000000	32.000000	175.307626	47.578668	6.473764e+02	3.340080e+02	-1.864711e+03	2.234191e+03	
48.000000	36.000000	176.052587	6.498515	2.673207e+01	1.498765e+00	3.194587e+02	1.025341e+00	
48.000000	40.000000	176.575188	42.029978	2.093417e+01	3.010157e-01	3.206694e+02	5.907236e-01	
48.000000	44.000000	182.956205	90.530166	4.514552e+02	4.379798e+02	-1.967390e+02	5.365325e+02	
48.000000	48.000000	189.059995	29.979422	5.276254e-01	2.881887e-02	1.930991e+02	3.764618e-02	
48.000000	52.000000	198.724433	49.337862	4.825559e+02	4.597941e+02	-4.531653e+01	6.123791e+02	
48.000000	56.000000	212.253647	858.232086	1.976225e+01	2.561048e-01	3.252444e+02	4.491787e-01	
48.000000	60.000000	240.799119	15.838017	5.238856e-01	2.306169e-02	4.546163e+02	3.635097e-02	
52.000000	0.000000	251.557841	8.960527	5.689834e-01	2.736582e-02	4.515599e+02	3.854900e-02	
52.000000	4.000000	204.582169	27.985633	5.502383e-01	3.164763e-02	4.541403e+02	3.604147e-02	
52.000000	8.000000	201.512981	824.035808	6.022919e-01	4.003832e-02	4.540186e+02	5.034212e-02	
52.000000	12.000000	196.004231	13.099175	5.205911e-01	2.267837e-02	4.544206e+02	3.607070e-02	
52.000000	16.000000	190.795950	45.988080	5.740976e-01	2.847333e-02	4.547615e+02	3.792444e-02	
52.000000	20.000000	185.392280	665.959009	5.773933e-01	2.829135e-02	4.554398e+02	3.902839e-02	
52.000000	24.000000	183.895065	7.514989	2.443257e+02	1.884914e+02	4.799736e+02	1.844187e+02	
52.000000	28.000000	181.853107	96.297547	3.433955e+02	3.181638e+02	1.373092e+03	1.091116e+02	
52.000000	32.000000	174.972374	38.576251	5.534548e-01	2.724845e-02	4.558088e+02	3.898322e-02	
52.000000	36.000000	178.191699	40.810914	2.939431e+02	1.193459e+02	1.218860e+03	7.180238e+02	
52.000000	40.000000	183.053981	223.782374	2.406634e+01	1.018825e+00	3.192425e+02	1.055953e+00	
52.000000	44.000000	191.345975	4.745295	2.153247e+01	4.142820e-01	3.225907e+02	3.925004e-01	
52.000000	48.000000	195.434000	162.656578	5.054034e-01	3.097366e-02	1.930607e+02	3.439350e-02	
52.000000	52.000000	203.529245	170.288087	4.566371e-01	2.592616e-02	1.927612e+02	3.479924e-02	
52.000000	56.000000	218.380965	4.918002	2.221536e+01	7.347972e-01	3.221523e+02	7.193808e-01	
52.000000	60.000000	246.250173	12.899922	5.430943e-01	3.037075e-02	4.551164e+02	3.505459e-02	
56.000000	0.000000	272.742605	10.030839	5.418219e-01	2.400743e-02	4.525713e+02	3.730555e-02	
56.000000	4.000000	225.823374	918.917725	5.713457e-01	2.790184e-02	4.531006e+02	3.633458e-02	
56.000000	8.000000	221.329646	51.372536	5.358100e-01	2.775295e-02	4.531214e+02	3.799309e-02	
56.000000	12.000000	214.707985	92.789481	5.214827e-01	2.514139e-02	4.532905e+02	3.555907e-02	
56.000000	16.000000	208.553296	42.661449	6.495331e-01	4.898878e-02	4.539535e+02	5.363603e-02	
56.000000	20.000000	204.192862	59.942393	5.314469e-01	2.422474e-02	4.543564e+02	3.658719e-02	
56.000000	24.000000	198.318959	740.441968	5.237860e-01	2.647677e-02	4.547211e+02	3.512278e-02	
56.000000	28.000000	195.879792	0.539271	4.989676e-01	4.579827e-02	4.549956e+02	3.319766e-02	
56.000000	32.000000	195.226145	6.649377	6.060267e-01	3.749997e-02	4.551732e+02	4.281846e-02	
56.000000	36.000000	193.130586	9.459921	5.904175e-01	2.925017e-02	4.555610e+02	4.045088e-02	
56.000000	40.000000	191.728339	43.337807	5.358561e+02	2.760689e+02	1.515524e+03	3.675758e+02	
56.000000	44.000000	198.343750	6.401527	6.298351e+02	4.382997e+02	-1.485519e+03	2.692693e+03	
56.000000	48.000000	201.802808	772.143657	2.792300e+01	1.451724e+00	3.223423e+02	7.387605e-01	
56.000000	52.000000	213.315458	8.036748	1.939027e+01	2.694398e-01	3.231604e+02	4.333778e-01	
56.000000	56.000000	227.214231	158.939167	5.297412e+01	2.382856e+01	3.340210e+02	1.031833e+01	
56.000000	60.000000	253.298144	24.468686	5.526655e-01	2.938315e-02	4.550801e+02	3.549879e-02	
60.000000	0.000000	295.335040	16.208276	5.650415e-01	3.050681e-02	4.530005e+02	3.740306e-02	
60.000000	4.000000	310.325201	745.219183	5.460452e-01	2.517923e-02	4.516274e+02	3.737494e-02	
60.000000	8.000000	301.988055	772.397816	6.585005e-01	3.581553e-02	4.515966e+02	4.556270e-02	
60.000000	12.000000	288.216709	778.500329	5.765533e-01	3.026187e-02	4.520086e+02	3.776746e-02	
60.000000	16.000000	272.686105	719.034312	5.570058e-01	3.719322e-02	4.529019e+02	3.801821e-02	
60.000000	20.000000	260.198913	704.298158	5.852575e-01	2.731543e-02	4.536090e+02	3.929148e-02	
60.000000	24.000000	251.658640	734.713434	5.983224e-01	3.156122e-02	4.538136e+02	3.956403e-02	
60.000000	28.000000	245.146971	3.787328	5.463801e-01	3.171645e-02	4.541179e+02	3.569142e-02	
60.000000	32.000000	238.751573	828.186604	5.444390e-01	2.611488e-02	4.541952e+02	3.650731e-02	
60.000000	36.000000	233.186598	111.611658	5.710842e-01	2.821228e-02	4.546540e+02	3.890345e-02	
60.000000	40.000000	227.822029	190.074330	6.107814e-01	2.980359e-02	4.549005e+02	4.102080e-02	
60.000000	44.000000	224.802273	888.113767	5.454228e-01	2.947952e-02	4.552247e+02	3.669103e-02	
60.000000	48.000000	226.252242	761.153498	1.407272e+02	9.136416e+01	3.898906e+02	1.088448e+03	
60.000000	52.000000	233.233738	51.866626	5.709892e-01	2.592360e-02	4.557783e+02	3.983698e-02	
60.000000	56.000000	245.948458	41.542304	5.448485e-01	2.407556e-02	4.555427e+02	3.751519e-02	
60.000000	60.000000	271.163344	34.801532	5.003272e-01	3.272086e-02	4.549631e+02	3.164318e-02	
0.000000	0.000000	314.923419	28.613834	5.516092e-01	2.614731e-02	4.533498e+02	3.762297e-02	
