0.000000	4.000000	147.056674	11.990838	6.421328e-01	2.855010e-02	4.557235e+02	4.464636e-02	
0.000000	8.000000	147.051969	11.522072	6.262380e-01	2.650457e-02	4.556472e+02	4.352754e-02	
0.000000	12.000000	147.049973	8.822344	5.606619e-01	2.684056e-02	4.556363e+02	3.832314e-02	
0.000000	16.000000	145.375676	6.632243	5.984519e-01	2.697467e-02	4.556436e+02	4.035004e-02	
0.000000	20.000000	142.053381	8.299262	6.503946e-01	3.270671e-02	4.558908e+02	4.302685e-02	
0.000000	24.000000	140.795137	8.075847	5.702278e-01	3.026206e-02	4.562153e+02	3.761303e-02	
0.000000	28.000000	140.802117	14.243264	5.893586e-01	2.919562e-02	4.564296e+02	4.037254e-02	
0.000000	32.000000	140.805519	16.177331	5.740647e-01	2.722979e-02	4.565164e+02	3.897413e-02	
0.000000	36.000000	140.807912	4.932185	6.397940e-01	2.993336e-02	4.567675e+02	4.313195e-02	
0.000000	40.000000	145.365398	5.920625	6.465687e-01	3.426918e-02	4.568148e+02	4.313130e-02	
0.000000	44.000000	147.021832	3.834778	5.756554e-01	3.008602e-02	4.569601e+02	3.734855e-02	
0.000000	48.000000	153.279437	3.420112	5.824696e-01	2.902504e-02	4.565988e+02	3.926238e-02	
0.000000	52.000000	165.790003	4.256769	6.128590e-01	3.466392e-02	4.557179e+02	4.252460e-02	
0.000000	56.000000	178.301342	10.046590	6.701407e-01	4.759528e-02	4.538494e+02	5.175612e-02	
0.000000	60.000000	189.217480	864.141675	6.237470e-01	2.806741e-02	4.497418e+02	5.176982e-02	
4.000000	0.000000	178.295386	10.241543	6.395672e-01	3.328713e-02	4.448815e+02	4.256373e-02	
4.000000	4.000000	148.819148	161.931661	5.911156e-01	2.600048e-02	4.557762e+02	4.407288e-02	
4.000000	8.000000	147.573461	10.919004	6.120538e-01	3.097965e-02	4.554928e+02	4.087161e-02	
4.000000	12.000000	147.045841	11.242234	6.311207e-01	3.323162e-02	4.555603e+02	4.304133e-02	
4.000000	16.000000	147.056007	10.940253	6.150483e-01	3.221055e-02	4.555000e+02	4.229351e-02	
4.000000	20.000000	145.493986	7.072429	6.044216e-01	3.016739e-02	4.556556e+02	4.039170e-02	
4.000000	24.000000	142.245138	13.806386	5.546102e-01	3.052601e-02	4.560566e+02	3.596054e-02	
4.000000	28.000000	141.301206	6.380507	6.235836e-01	3.285298e-02	4.561837e+02	4.142803e-02	
4.000000	32.000000	140.795619	6.540544	6.010962e-01	2.648162e-02	4.563355e+02	4.075448e-02	
4.000000	36.000000	142.307755	8.280223	6.734561e-01	4.120363e-02	4.565395e+02	4.738532e-02	
4.000000	40.000000	147.021805	4.745596	5.835701e-01	2.950069e-02	4.566453e+02	3.990868e-02	
4.000000	44.000000	147.559286	5.286572	5.965634e-01	2.987352e-02	4.565376e+02	4.089832e-02	
4.000000	48.000000	153.813590	4.440532	5.971441e-01	2.928426e-02	4.562984e+02	3.973835e-02	
4.000000	52.000000	165.803191	6.057436	6.075223e-01	2.818263e-02	4.554063e+02	4.096037e-02	
4.000000	56.000000	178.295373	6.028474	5.425597e-01	4.890289e-02	4.539289e+02	6.908055e-02	
4.000000	60.000000	190.827030	9.241472	6.209971e-01	2.942659e-02	4.501788e+02	4.181825e-02	
8.000000	0.000000	184.545449	12.499744	5.907413e-01	2.910951e-02	4.454579e+02	4.039079e-02	
8.000000	4.000000	152.285385	11.704909	5.741924e-01	2.728218e-02	4.554931e+02	3.900375e-02	
8.000000	8.000000	151.455220	8.335067	6.312734e-01	3.378660e-02	4.553631e+02	4.234228e-02	
8.000000	12.000000	148.647719	989.518170	6.384570e-01	3.080127e-02	4.553556e+02	4.293087e-02	
8.000000	16.000000	147.047041	8.201082	5.964995e-01	3.016690e-02	4.556181e+02	4.004331e-02	
8.000000	20.000000	147.051224	13.933732	5.966928e-01	3.319407e-02	4.558231e+02	3.994362e-02	
8.000000	24.000000	146.246370	4.742596	5.469190e-01	2.955674e-02	4.560328e+02	3.524828e-02	
8.000000	28.000000	145.493098	8.580932	5.522827e-01	3.198182e-02	4.561919e+02	3.666235e-02	
8.000000	32.000000	145.306611	14.493018	5.975915e-01	2.847812e-02	4.564326e+02	4.027781e-02	
8.000000	36.000000	147.038531	5.192271	5.349223e-01	2.357929e-02	4.565426e+02	3.710151e-02	
8.000000	40.000000	147.050525	18.470940	6.349624e-01	3.629284e-02	4.566565e+02	4.388368e-02	
8.000000	44.000000	151.560587	86.675617	6.460139e-01	3.464969e-02	4.565805e+02	4.429910e-02	
8.000000	48.000000	157.339369	122.119742	5.516410e-01	2.697321e-02	4.563300e+02	3.707705e-02	
8.000000	52.000000	165.802161	22.232106	6.250887e-01	2.887741e-02	4.557117e+02	4.207421e-02	
8.000000	56.000000	179.378462	7.208668	6.402228e-01	3.905856e-02	4.541251e+02	4.610333e-02	
8.000000	60.000000	197.045679	10.219121	6.363929e-01	2.823506e-02	4.507532e+02	4.504447e-02	
12.000000	0.000000	187.533422	1160.740503	5.795634e-01	3.498629e-02	4.460991e+02	4.038110e-02	
12.000000	4.000000	153.305095	12.298906	6.214967e-01	3.327921e-02	4.555569e+02	4.283069e-02	
12.000000	8.000000	153.293932	12.819575	5.917825e-01	3.812539e-02	4.551132e+02	4.321813e-02	
12.000000	12.000000	153.305922	8.582946	5.492981e-01	3.368340e-02	4.550524e+02	3.779303e-02	
12.000000	16.000000	151.089362	1019.464445	5.439446e-01	2.734998e-02	4.552779e+02	3.621998e-02	
12.000000	20.000000	147.057621	7.726030	5.607396e-01	2.614820e-02	4.556756e+02	3.762214e-02	
12.000000	24.000000	147.049980	14.247135	5.972616e-01	2.986411e-02	4.560663e+02	4.012868e-02	
12.000000	28.000000	147.055485	6.471754	6.022322e-01	3.038072e-02	4.562288e+02	3.981803e-02	
12.000000	32.000000	147.056596	5.988188	5.876175e-01	2.949681e-02	4.564058e+02	3.959146e-02	
12.000000	36.000000	147.055839	11.922254	5.846806e-01	2.810184e-02	4.564790e+02	3.950186e-02	
12.000000	40.000000	147.045713	5.853438	5.786358e-01	2.679826e-02	4.566368e+02	3.879903e-02	
12.000000	44.000000	153.303789	5.644030	6.142097e-01	2.846226e-02	4.564180e+02	4.098592e-02	
12.000000	48.000000	158.970083	5.221696	6.041227e-01	2.585554e-02	4.562768e+02	4.278349e-02	
12.000000	52.000000	165.808524	4.672996	6.309894e-01	2.755855e-02	4.556098e+02	4.338873e-02	
12.000000	56.000000	180.054408	13.307719	5.488878e-01	2.642770e-02	4.543488e+02	3.705753e-02	
12.000000	60.000000	197.055561	11.518048	6.416490e-01	3.059541e-02	4.511794e+02	4.301841e-02	
16.000000	0.000000	191.270620	12.587371	5.376226e-01	2.571533e-02	4.466878e+02	3.652572e-02	
16.000000	4.000000	154.659971	14.096211	6.149124e-01	2.997441e-02	4.553265e+02	4.106134e-02	
16.000000	8.000000	153.881818	10.965552	6.046848e-01	2.608861e-02	4.552461e+02	4.581494e-02	
16.000000	12.000000	153.305879	12.836534	5.646397e-01	2.997675e-02	4.550627e+02	3.653245e-02	
16.000000	16.000000	153.300035	11.211364	5.674802e-01	2.608403e-02	4.552941e+02	3.803523e-02	
16.000000	20.000000	152.098680	755.308549	5.543455e-01	2.555178e-02	4.554029e+02	3.761760e-02	
16.000000	24.000000	147.755414	102.576420	6.176126e-01	3.012034e-02	4.558474e+02	4.071558e-02	
16.000000	28.000000	147.045252	9.841144	6.060493e-01	3.150684e-02	4.561907e+02	4.006021e-02	
16.000000	32.000000	147.048521	14.271863	5.848855e-01	2.926646e-02	4.563781e+02	4.002296e-02	
16.000000	36.000000	147.077361	7.658298	6.242309e-01	3.235560e-02	4.565757e+02	4.191404e-02	
16.000000	40.000000	149.408563	1092.093290	6.008564e-01	2.771719e-02	4.566244e+02	4.021466e-02	
16.000000	44.000000	153.301837	23.260303	6.359171e-01	3.566667e-02	4.565958e+02	4.412008e-02	
16.000000	48.000000	159.544333	7.807473	6.350739e-01	3.489387e-02	4.564061e+02	4.277148e-02	
16.000000	52.000000	166.212734	6.335281	6.146388e-01	2.891927e-02	4.558285e+02	4.633805e-02	
16.000000	56.000000	182.709619	13.794156	6.182547e-01	2.923122e-02	4.545228e+02	4.112003e-02	
16.000000	60.000000	200.674343	1126.339508	6.448975e-01	2.950295e-02	4.517052e+02	4.409002e-02	
20.000000	0.000000	197.088267	13.576774	7.374057e-01	3.529503e-02	4.474268e+02	4.901450e-02	
20.000000	4.000000	158.805612	12.775495	6.025596e-01	3.334606e-02	4.552833e+02	4.155707e-02	
20.000000	8.000000	158.113256	10.502926	6.431082e-01	3.321541e-02	4.549969e+02	4.358896e-02	
20.000000	12.000000	156.052272	17.466748	6.078053e-01	2.681348e-02	4.547588e+02	4.752690e-02	
20.000000	16.000000	153.305527	9.496995	6.043691e-01	3.051052e-02	4.549914e+02	3.954370e-02	
20.000000	20.000000	153.333165	13.226882	5.953678e-01	3.197961e-02	4.551303e+02	3.944934e-02	
20.000000	24.000000	152.252019	188.336514	5.993863e-01	3.145334e-02	4.554753e+02	4.079549e-02	
20.000000	28.000000	149.523877	1104.992567	5.640338e-01	2.568960e-02	4.557909e+02	3.887850e-02	
20.000000	32.000000	148.743765	1014.120633	6.425715e-01	3.521343e-02	4.561256e+02	4.362825e-02	
20.000000	36.000000	151.370739	995.209132	6.077460e-01	3.297579e-02	4.561757e+02	4.053035e-02	
20.000000	40.000000	153.304139	4.665723	6.170677e-01	3.419073e-02	4.563225e+02	4.149568e-02	
20.000000	44.000000	153.792888	6.402894	6.225351e-01	2.998881e-02	4.563271e+02	4.164355e-02	
20.000000	48.000000	159.553031	8.205740	5.748067e-01	2.858918e-02	4.562201e+02	3.792017e-02	
20.000000	52.000000	170.069973	16.764117	5.826469e-01	3.190662e-02	4.557832e+02	3.868100e-02	
20.000000	56.000000	183.662661	7.996767	5.507487e-01	2.713348e-02	4.546927e+02	3.747684e-02	
20.000000	60.000000	203.295903	11.656450	6.534335e-01	3.896067e-02	4.520201e+02	5.010383e-02	
24.000000	0.000000	203.300016	13.638498	6.804302e-01	3.373003e-02	4.476567e+02	4.501350e-02	
24.000000	4.000000	159.564279	12.914347	6.360387e-01	3.189011e-02	4.550174e+02	4.203664e-02	
24.000000	8.000000	159.549055	14.734124	6.130387e-01	2.797529e-02	4.547604e+02	4.146820e-02	
24.000000	12.000000	159.540725	14.498713	6.068082e-01	2.577247e-02	4.546993e+02	4.230840e-02	
24.000000	16.000000	157.768709	8.961089	6.192650e-01	2.785456e-02	4.547618e+02	4.230541e-02	
24.000000	20.000000	154.503769	15.343112	5.932709e-01	3.229693e-02	4.550876e+02	3.964826e-02	
24.000000	24.000000	153.295220	12.755521	5.093762e-01	2.489482e-02	4.552742e+02	3.481338e-02	
24.000000	28.000000	153.286220	10.237194	5.672252e-01	2.678931e-02	4.555846e+02	3.885345e-02	
24.000000	32.000000	153.295138	7.496360	6.199386e-01	3.388125e-02	4.557877e+02	4.149177e-02	
24.000000	36.000000	153.298006	8.640279	5.366373e-01	2.967789e-02	4.560221e+02	3.407842e-02	
24.000000	40.000000	153.336374	12.811974	5.977816e-01	3.355256e-02	4.561959e+02	4.012659e-02	
24.000000	44.000000	157.956869	8.900284	5.834496e-01	2.884366e-02	4.562750e+02	3.872390e-02	
24.000000	48.000000	160.714081	780.397634	5.495152e-01	2.488643e-02	4.564680e+02	3.772053e-02	
24.000000	52.000000	172.060739	6.587168	6.045394e-01	3.046620e-02	4.560000e+02	3.952450e-02	
24.000000	56.000000	184.555335	9.080658	5.883308e-01	2.810099e-02	4.548565e+02	4.147873e-02	
24.000000	60.000000	203.290772	10.890942	7.024954e-01	4.640296e-02	4.525459e+02	5.026271e-02	
28.000000	0.000000	208.696316	14.222835	6.379582e-01	2.882929e-02	4.485700e+02	4.369206e-02	
28.000000	4.000000	165.068512	14.098223	6.411662e-01	3.326725e-02	4.547939e+02	4.259809e-02	
28.000000	8.000000	164.060189	709.836676	6.856944e-01	3.666653e-02	4.544946e+02	4.731504e-02	
28.000000	12.000000	161.283940	1016.101376	6.545523e-01	2.695922e-02	4.545284e+02	4.348122e-02	
28.000000	16.000000	159.561092	13.621006	5.911156e-01	2.600047e-02	4.547762e+02	4.407287e-02	
28.000000	20.000000	159.552060	11.240720	5.172735e-01	2.996456e-02	4.550871e+02	3.266327e-02	
28.000000	24.000000	156.250000	17.906938	5.891467e-01	3.228200e-02	4.552435e+02	3.933470e-02	
28.000000	28.000000	154.711508	12.109438	6.043855e-01	2.785640e-02	4.556026e+02	4.064187e-02	
28.000000	32.000000	153.808015	9.066035	5.764259e-01	2.829592e-02	4.556219e+02	3.941595e-02	
28.000000	36.000000	153.785923	7.214911	5.976062e-01	2.910049e-02	4.558901e+02	4.094002e-02	
28.000000	40.000000	155.925487	15.123697	5.744162e-01	2.554732e-02	4.562247e+02	3.999112e-02	
28.000000	44.000000	159.555479	14.493286	5.900218e-01	2.614254e-02	4.563116e+02	3.989821e-02	
28.000000	48.000000	165.179355	8.727141	5.659177e-01	2.985341e-02	4.561520e+02	3.691428e-02	
28.000000	52.000000	172.050500	19.997714	6.469789e-01	3.276344e-02	4.559651e+02	4.438668e-02	
28.000000	56.000000	184.552216	13.494557	5.842960e-01	3.149778e-02	4.550992e+02	3.856865e-02	
28.000000	60.000000	203.899030	11.562737	5.549689e-01	2.619729e-02	4.528261e+02	3.889501e-02	
32.000000	0.000000	215.799942	17.452692	5.973132e-01	3.025369e-02	4.492197e+02	3.944028e-02	
32.000000	4.000000	167.201014	18.443487	6.751951e-01	3.158371e-02	4.545031e+02	4.635567e-02	
32.000000	8.000000	166.574789	13.783405	6.473773e-01	2.670582e-02	4.543397e+02	4.902847e-02	
32.000000	12.000000	165.796169	22.231115	5.430436e-01	2.673513e-02	4.541501e+02	3.773070e-02	
32.000000	16.000000	164.148267	430.167940	6.261713e-01	3.200521e-02	4.544005e+02	4.205345e-02	
32.000000	20.000000	160.960626	655.045955	6.348120e-01	3.150642e-02	4.549609e+02	4.211978e-02	
32.000000	24.000000	159.555915	20.094344	5.949698e-01	3.360133e-02	4.552011e+02	3.997617e-02	
32.000000	28.000000	158.509203	11.207204	5.764259e-01	2.829585e-02	4.553781e+02	3.941629e-02	
32.000000	32.000000	158.592814	10.300674	5.959122e-01	2.985191e-02	4.556556e+02	3.984174e-02	
32.000000	36.000000	158.738257	8.571407	6.322554e-01	3.509418e-02	4.558037e+02	4.259543e-02	
32.000000	40.000000	159.555914	11.510622	6.203671e-01	3.095315e-02	4.559741e+02	4.075418e-02	
32.000000	44.000000	160.802367	568.024002	6.702051e-01	4.403390e-02	4.562411e+02	4.933143e-02	
32.000000	48.000000	165.804327	12.473304	5.684836e-01	2.801885e-02	4.561811e+02	3.740356e-02	
32.000000	52.000000	173.270378	508.049001	5.886890e-01	3.146643e-02	4.560626e+02	3.898274e-02	
32.000000	56.000000	185.801111	554.476923	5.578190e-01	3.089972e-02	4.552222e+02	3.698220e-02	
32.000000	60.000000	207.806755	13.356160	5.902450e-01	3.056112e-02	4.530767e+02	3.860152e-02	
36.000000	0.000000	222.049788	16.409152	6.464425e-01	3.355779e-02	4.499336e+02	4.333509e-02	
36.000000	4.000000	172.055706	19.208279	6.593164e-01	3.015373e-02	4.543430e+02	4.531647e-02	
36.000000	8.000000	172.054872	18.209907	6.123919e-01	2.870170e-02	4.541750e+02	4.493165e-02	
36.000000	12.000000	170.448506	13.744285	5.210465e-01	4.328155e-02	4.539592e+02	5.259217e-02	
36.000000	16.000000	167.273594	20.166479	5.663333e-01	2.788680e-02	4.541554e+02	3.735373e-02	
36.000000	20.000000	165.805864	19.377781	6.608960e-01	3.162054e-02	4.542959e+02	4.462806e-02	
36.000000	24.000000	164.199745	819.829974	6.397940e-01	2.993335e-02	4.547675e+02	4.313194e-02	
36.000000	28.000000	160.808541	598.456296	5.327395e-01	2.977869e-02	4.552276e+02	3.540644e-02	
36.000000	32.000000	160.063421	14.562111	5.507794e-01	2.461880e-02	4.555190e+02	3.794192e-02	
36.000000	36.000000	160.437755	12.485741	5.743608e-01	2.803861e-02	4.555880e+02	3.913278e-02	
36.000000	40.000000	160.884607	878.984232	4.941525e-01	3.325257e-02	4.559762e+02	3.351878e-02	
36.000000	44.000000	164.931962	11.145785	5.207096e-01	3.493891e-02	4.560673e+02	3.515785e-02	
36.000000	48.000000	170.419675	16.286448	6.455993e-01	2.954975e-02	4.563233e+02	4.383106e-02	
36.000000	52.000000	177.615493	8.712317	5.642699e-01	3.196604e-02	4.558311e+02	3.731878e-02	
36.000000	56.000000	189.939270	178.455961	6.342666e-01	3.079221e-02	4.551048e+02	4.258624e-02	
36.000000	60.000000	209.550470	10.189694	6.159639e-01	3.292828e-02	4.536409e+02	4.133195e-02	
40.000000	0.000000	228.302058	12.240332	6.287412e-01	3.412698e-02	4.505048e+02	4.339273e-02	
40.000000	4.000000	177.273580	17.408675	5.507492e-01	4.021689e-02	4.539776e+02	5.015181e-02	
40.000000	8.000000	176.713746	205.985848	6.078053e-01	2.681346e-02	4.537588e+02	4.752687e-02	
40.000000	12.000000	175.049883	1090.411394	6.318660e-01	2.867071e-02	4.537134e+02	4.279681e-02	
40.000000	16.000000	172.475727	20.776822	6.243985e-01	3.233772e-02	4.540527e+02	4.166607e-02	
40.000000	20.000000	171.024882	16.964781	6.272094e-01	2.656432e-02	4.543525e+02	4.375341e-02	
40.000000	24.000000	167.185298	20.194090	5.908389e-01	2.709230e-02	4.547959e+02	4.694427e-02	
40.000000	28.000000	165.808799	21.389463	6.472632e-01	3.222214e-02	4.549542e+02	4.370237e-02	
40.000000	32.000000	164.948882	17.197003	5.949842e-01	2.802839e-02	4.552276e+02	3.962790e-02	
40.000000	36.000000	165.804757	17.108302	6.486215e-01	3.740930e-02	4.554226e+02	4.519693e-02	
40.000000	40.000000	165.801978	23.604127	5.738040e-01	2.855720e-02	4.555851e+02	3.889993e-02	
40.000000	44.000000	167.682682	17.303871	6.723773e-01	3.719220e-02	4.560477e+02	4.754845e-02	
40.000000	48.000000	172.053073	18.395125	5.984007e-01	2.556896e-02	4.562581e+02	4.291620e-02	
40.000000	52.000000	178.708019	12.150181	5.269971e-01	2.664168e-02	4.558091e+02	3.477665e-02	
40.000000	56.000000	190.806786	14.403908	5.924906e-01	3.019373e-02	4.550638e+02	3.865399e-02	
40.000000	60.000000	209.555710	12.205492	6.356112e-01	3.174592e-02	4.540152e+02	4.187544e-02	
44.000000	0.000000	234.550985	13.185330	6.656676e-01	3.285948e-02	4.514053e+02	4.412548e-02	
44.000000	4.000000	183.386381	29.817102	6.627346e-01	3.139420e-02	4.536937e+02	4.400390e-02	
44.000000	8.000000	182.962440	24.846509	6.293735e-01	2.839211e-02	4.532736e+02	4.274236e-02	
44.000000	12.000000	181.479843	29.775120	6.446150e-01	3.678905e-02	4.533013e+02	4.348046e-02	
44.000000	16.000000	178.825359	22.541449	6.979828e-01	2.977946e-02	4.533897e+02	4.616128e-02	
44.000000	20.000000	176.699741	803.700092	6.438750e-01	2.835125e-02	4.535805e+02	4.455869e-02	
44.000000	24.000000	172.051994	19.391638	5.726064e-01	2.860753e-02	4.542609e+02	3.792769e-02	
44.000000	28.000000	172.050019	18.320909	6.447521e-01	2.846819e-02	4.547432e+02	4.561896e-02	
44.000000	32.000000	170.424556	14.509309	6.337436e-01	3.472608e-02	4.550075e+02	4.557442e-02	
44.000000	36.000000	170.848680	17.457229	5.871667e-01	2.905570e-02	4.551445e+02	3.856785e-02	
44.000000	40.000000	172.054094	12.832187	6.426703e-01	2.632943e-02	4.556261e+02	4.449246e-02	
44.000000	44.000000	172.042143	20.362890	5.844511e-01	3.060694e-02	4.559996e+02	3.878138e-02	
44.000000	48.000000	177.382692	117.490946	5.486971e-01	2.931179e-02	4.557577e+02	3.705685e-02	
44.000000	52.000000	184.561283	13.489138	5.378487e-01	3.321749e-02	4.558910e+02	3.563674e-02	
44.000000	56.000000	195.431133	12.402014	6.048455e-01	3.202359e-02	4.553360e+02	4.052122e-02	
44.000000	60.000000	213.946381	964.604220	6.317347e-01	3.958424e-02	4.540985e+02	4.697768e-02	
48.000000	0.000000	238.931620	12.745875	6.141591e-01	3.026843e-02	4.516770e+02	4.075206e-02	
48.000000	4.000000	191.680740	28.646722	6.307223e-01	3.412595e-02	4.528861e+02	5.314119e-02	
48.000000	8.000000	190.795555	21.518321	7.342483e-01	4.702628e-02	4.525856e+02	5.274878e-02	
48.000000	12.000000	189.157972	235.975521	6.892069e-01	3.064702e-02	4.524946e+02	5.028152e-02	
48.000000	16.000000	186.007202	894.327600	6.832347e-01	3.246690e-02	4.528155e+02	5.017220e-02	
48.000000	20.000000	183.448884	23.456550	6.679869e-01	3.699449e-02	4.532105e+02	4.500600e-02	
48.000000	24.000000	179.542529	26.423971	6.452848e-01	2.712719e-02	4.535750e+02	4.336452e-02	
48.000000	28.000000	177.237156	21.691735	5.580386e-01	4.583698e-02	4.539738e+02	5.889818e-02	
48.000000	32.000000	176.590029	653.869200	7.576600e-01	4.845408e-02	4.545436e+02	5.452849e-02	
48.000000	36.000000	176.541094	899.167794	6.836934e-01	3.027066e-02	4.547397e+02	4.817224e-02	
48.000000	40.000000	177.078892	747.215188	6.569579e-01	3.626770e-02	4.550255e+02	4.709839e-02	
48.000000	44.000000	177.460542	22.749037	5.284797e-01	2.897729e-02	4.552335e+02	3.508067e-02	
48.000000	48.000000	182.512063	20.313351	5.367335e-01	2.432195e-02	4.553785e+02	3.652407e-02	
48.000000	52.000000	189.199741	825.278217	6.038507e-01	3.181054e-02	4.553634e+02	4.149267e-02	
48.000000	56.000000	197.686856	14.573383	5.893960e-01	3.181453e-02	4.551170e+02	3.901415e-02	
48.000000	60.000000	215.794284	15.774560	6.846812e-01	3.559445e-02	4.541243e+02	4.572468e-02	
52.000000	0.000000	242.007140	17.806325	6.503184e-01	3.241168e-02	4.519631e+02	4.287602e-02	
52.000000	4.000000	203.988580	30.607995	6.105471e-01	3.086641e-02	4.518882e+02	4.009970e-02	
52.000000	8.000000	202.579129	28.548807	6.060987e-01	3.163625e-02	4.516037e+02	4.163986e-02	
52.000000	12.000000	201.333572	943.596964	7.006755e-01	2.950047e-02	4.516264e+02	4.639579e-02	
52.000000	16.000000	197.456004	23.273209	7.154880e-01	3.683667e-02	4.519330e+02	4.784815e-02	
52.000000	20.000000	194.903924	32.716440	6.902716e-01	3.066787e-02	4.523494e+02	5.075627e-02	
52.000000	24.000000	190.833348	23.016415	6.489705e-01	3.319890e-02	4.528867e+02	5.007450e-02	
52.000000	28.000000	185.990821	887.759037	6.561072e-01	3.562692e-02	4.535918e+02	4.539653e-02	
52.000000	32.000000	185.268407	30.546143	6.568310e-01	3.270608e-02	4.539200e+02	4.586910e-02	
52.000000	36.000000	183.686798	28.274716	7.122243e-01	3.511060e-02	4.542663e+02	4.904478e-02	
52.000000	40.000000	184.555025	30.264436	7.148014e-01	4.823307e-02	4.547832e+02	5.591553e-02	
52.000000	44.000000	185.825234	177.813218	5.465824e-01	3.346854e-02	4.551853e+02	3.683229e-02	
52.000000	48.000000	189.071488	26.802098	5.884676e-01	3.211192e-02	4.550403e+02	3.981045e-02	
52.000000	52.000000	195.928515	12.007884	6.205809e-01	3.931363e-02	4.551155e+02	4.572464e-02	
52.000000	56.000000	204.610960	15.033149	6.214499e-01	3.147038e-02	4.547210e+02	4.132336e-02	
52.000000	60.000000	222.055621	19.386578	6.353353e-01	2.939434e-02	4.541902e+02	4.382231e-02	
56.000000	0.000000	247.057909	21.239853	6.452683e-01	3.072370e-02	4.525420e+02	4.358425e-02	
56.000000	4.000000	225.429737	1003.088534	6.512250e-01	3.994854e-02	4.507183e+02	4.635343e-02	
56.000000	8.000000	223.370848	808.250091	7.117040e-01	3.636982e-02	4.503742e+02	4.898311e-02	
56.000000	12.000000	221.130288	52.907866	6.844084e-01	3.295657e-02	4.505772e+02	4.733450e-02	
56.000000	16.000000	217.094740	46.230442	7.739862e-01	6.136052e-02	4.505392e+02	5.807342e-02	
56.000000	20.000000	213.305782	997.584281	5.910989e-01	3.148109e-02	4.512752e+02	3.926444e-02	
56.000000	24.000000	208.307306	43.213911	6.215600e-01	3.053104e-02	4.520757e+02	4.167914e-02	
56.000000	28.000000	204.566706	38.666242	6.303731e-01	2.660614e-02	4.526414e+02	4.400193e-02	
56.000000	32.000000	201.222213	960.510182	6.143865e-01	4.452790e-02	4.531757e+02	4.729829e-02	
56.000000	36.000000	198.410190	840.500690	6.460139e-01	3.464969e-02	4.535805e+02	4.429910e-02	
56.000000	40.000000	198.250184	487.252934	5.261936e-01	3.366329e-02	4.540516e+02	3.527804e-02	
56.000000	44.000000	198.257033	749.161521	6.287322e-01	3.086730e-02	4.543562e+02	4.170558e-02	
56.000000	48.000000	201.843259	162.998236	6.194896e-01	3.391770e-02	4.544459e+02	4.188018e-02	
56.000000	52.000000	207.486274	24.754363	6.369655e-01	2.826742e-02	4.547569e+02	4.540742e-02	
56.000000	56.000000	214.916545	20.944594	6.243684e-01	3.047185e-02	4.544807e+02	4.220656e-02	
56.000000	60.000000	231.897049	27.378596	5.818585e-01	3.385284e-02	4.540626e+02	4.038936e-02	
60.000000	0.000000	256.951298	22.493630	5.901963e-01	2.797223e-02	4.527816e+02	3.923860e-02	
60.000000	4.000000	301.946404	789.642554	5.836520e-01	2.969256e-02	4.499491e+02	3.850608e-02	
60.000000	8.000000	299.426811	839.648414	6.879175e-01	3.168059e-02	4.496096e+02	4.852555e-02	
60.000000	12.000000	294.718581	166.448611	6.435757e-01	2.852832e-02	4.497333e+02	4.483187e-02	
60.000000	16.000000	286.627928	826.966095	6.090109e-01	3.113850e-02	4.499351e+02	4.311409e-02	
60.000000	20.000000	276.520005	778.158755	6.136153e-01	3.156131e-02	4.505252e+02	4.112372e-02	
60.000000	24.000000	264.365093	786.801172	6.667511e-01	3.444506e-02	4.513007e+02	4.464300e-02	
60.000000	28.000000	254.978424	148.983894	7.364515e-01	3.815939e-02	4.520768e+02	4.972304e-02	
60.000000	32.000000	246.621148	172.647678	7.163306e-01	2.928936e-02	4.525679e+02	4.852395e-02	
60.000000	36.000000	241.211258	172.114228	6.670391e-01	3.095330e-02	4.527872e+02	4.960244e-02	
60.000000	40.000000	235.934733	746.626554	6.404081e-01	3.247764e-02	4.530655e+02	4.241175e-02	
60.000000	44.000000	232.317320	92.460820	6.019042e-01	3.482320e-02	4.532983e+02	4.054854e-02	
60.000000	48.000000	231.134182	82.534059	6.802174e-01	3.663496e-02	4.536063e+02	4.799161e-02	
60.000000	52.000000	233.251369	80.576847	6.531627e-01	2.880843e-02	4.537191e+02	4.653975e-02	
60.000000	56.000000	239.626644	237.560004	6.365269e-01	2.893280e-02	4.537049e+02	4.329025e-02	
60.000000	60.000000	254.477955	41.236770	6.208823e-01	3.037188e-02	4.530926e+02	4.105787e-02	
0.000000	0.000000	276.717480	465.138499	6.751245e-01	3.704336e-02	4.522147e+02	4.538292e-02	
