0.000000	4.000000	163.484516	23.047216	6.083292e-01	2.588057e-02	1.806860e+02	4.201063e-02	
0.000000	8.000000	160.818960	22.900348	5.635498e-01	2.596533e-02	1.805375e+02	3.859391e-02	
0.000000	12.000000	159.553128	7.087618	6.057543e-01	3.387309e-02	1.807218e+02	4.187214e-02	
0.000000	16.000000	159.587222	5.878308	5.510703e-01	3.765438e-02	1.810620e+02	4.097988e-02	
0.000000	20.000000	157.822421	76.716251	6.250887e-01	2.887584e-02	1.812883e+02	4.207192e-02	
0.000000	24.000000	154.710619	132.295678	5.839931e-01	3.207291e-02	1.812345e+02	3.894346e-02	
0.000000	28.000000	153.970353	80.362643	5.894620e-01	2.890981e-02	1.815000e+02	4.039297e-02	
0.000000	32.000000	154.676172	119.609091	5.252940e-01	2.280720e-02	1.815921e+02	3.651004e-02	
0.000000	36.000000	157.853928	73.757921	5.286847e-01	3.512619e-02	1.820016e+02	3.905263e-02	
0.000000	40.000000	159.535200	5.406665	5.630472e-01	2.736651e-02	1.821538e+02	3.647944e-02	
0.000000	44.000000	164.067576	3.254313	5.497458e-01	2.595776e-02	1.822779e+02	3.673768e-02	
0.000000	48.000000	172.044328	4.269296	5.015603e-01	3.083000e-02	1.820535e+02	3.347322e-02	
0.000000	52.000000	180.312257	1025.286547	5.758186e-01	3.282661e-02	1.812073e+02	3.921426e-02	
0.000000	56.000000	195.419675	10.712994	2.045681e+01	1.719816e-01	3.129785e+02	3.655320e-01	
0.000000	60.000000	197.046452	6.678467	6.272393e-01	3.149326e-02	4.438526e+02	4.138272e-02	
4.000000	0.000000	184.554370	10.573965	6.695752e-01	3.380665e-02	4.393553e+02	4.507108e-02	
4.000000	4.000000	165.794221	9.808425	5.899960e-01	2.907088e-02	1.804486e+02	4.033582e-02	
4.000000	8.000000	164.560780	10.181001	5.819246e-01	2.778595e-02	1.801435e+02	3.998290e-02	
4.000000	12.000000	161.425303	27.131980	5.569726e-01	2.596725e-02	1.802977e+02	3.720939e-02	
4.000000	16.000000	159.553800	10.644963	5.963583e-01	2.969937e-02	1.805000e+02	4.079646e-02	
4.000000	20.000000	159.549765	5.433017	5.357893e-01	2.999783e-02	1.809981e+02	3.424006e-02	
4.000000	24.000000	157.943820	175.371526	5.854920e-01	3.002519e-02	1.812027e+02	3.847104e-02	
4.000000	28.000000	157.588788	71.058184	5.701587e-01	2.906540e-02	1.813043e+02	3.875466e-02	
4.000000	32.000000	158.071349	100.751373	5.764564e-01	2.757612e-02	1.814346e+02	3.939533e-02	
4.000000	36.000000	159.535197	4.631697	5.514116e-01	2.959937e-02	1.817659e+02	3.719705e-02	
4.000000	40.000000	159.559288	3.356577	5.030932e-01	3.008303e-02	1.819344e+02	3.319527e-02	
4.000000	44.000000	165.789970	4.432623	5.376436e-01	2.880206e-02	1.818902e+02	3.461797e-02	
4.000000	48.000000	172.044345	33.264713	5.365943e-01	2.974293e-02	1.819859e+02	3.413960e-02	
4.000000	52.000000	182.992866	139.691911	5.846356e-01	2.552110e-02	1.812365e+02	4.133275e-02	
4.000000	56.000000	195.816305	12.913691	5.667768e+01	2.639293e+01	3.386363e+02	2.408413e+01	
4.000000	60.000000	201.618348	7.985805	5.147906e-01	3.205372e-02	4.440078e+02	3.368870e-02	
8.000000	0.000000	190.806007	12.174227	6.250542e-01	3.133487e-02	4.399610e+02	4.209605e-02	
8.000000	4.000000	165.804871	10.223539	5.606063e-01	2.704553e-02	1.801596e+02	4.179707e-02	
8.000000	8.000000	164.936038	22.085169	2.470839e+02	1.403509e+02	-1.818117e+02	1.982977e+02	
8.000000	12.000000	165.134247	7.423447	5.785665e-01	3.201461e-02	1.800066e+02	4.047406e-02	
8.000000	16.000000	161.924948	31.763114	6.441236e-01	3.647149e-02	1.804473e+02	4.464089e-02	
8.000000	20.000000	159.556828	6.094335	6.515843e-01	4.347879e-02	1.808295e+02	4.864954e-02	
8.000000	24.000000	159.556437	6.796280	5.056976e-01	2.637022e-02	1.812160e+02	3.346133e-02	
8.000000	28.000000	159.587222	5.319027	5.925177e-01	3.212739e-02	1.812841e+02	4.065514e-02	
8.000000	32.000000	159.555507	6.003829	5.492201e-01	2.498433e-02	1.814056e+02	3.765658e-02	
8.000000	36.000000	159.549136	5.805336	5.851787e-01	3.450180e-02	1.818090e+02	4.031259e-02	
8.000000	40.000000	160.782520	5.766377	6.005358e-01	3.835493e-02	1.818593e+02	4.269084e-02	
8.000000	44.000000	165.790001	169.645172	5.676400e-01	2.963238e-02	1.820292e+02	3.683260e-02	
8.000000	48.000000	172.051077	4.865958	5.597323e-01	3.056831e-02	1.820817e+02	3.631661e-02	
8.000000	52.000000	184.553968	4.806029	5.946886e-01	2.672454e-02	1.816523e+02	3.998653e-02	
8.000000	56.000000	196.048771	10.163492	6.360686e+02	5.957018e+02	-8.644880e+02	6.830530e+02	
8.000000	60.000000	203.837273	11.655787	5.842356e-01	2.742718e-02	4.444046e+02	3.926075e-02	
12.000000	0.000000	195.407633	7.590718	5.844982e-01	2.548663e-02	4.407663e+02	4.143659e-02	
12.000000	4.000000	170.844682	107.539917	6.168410e-01	2.614395e-02	1.803285e+02	4.291392e-02	
12.000000	8.000000	167.704368	961.870943	1.798760e+02	7.610699e+01	2.094163e+02	1.083570e+01	
12.000000	12.000000	164.940943	9.431269	5.604658e-01	2.800249e-02	1.801420e+02	3.684592e-02	
12.000000	16.000000	165.795499	8.688869	6.057923e-01	2.678754e-02	1.803543e+02	4.095428e-02	
12.000000	20.000000	162.238313	39.999087	6.291387e-01	3.581852e-02	1.806720e+02	4.381667e-02	
12.000000	24.000000	160.415042	6.694396	5.114972e-01	3.280929e-02	1.810188e+02	3.359517e-02	
12.000000	28.000000	159.550140	5.172215	5.714741e-01	2.928210e-02	1.810675e+02	3.810238e-02	
12.000000	32.000000	159.578664	5.476526	5.971632e-01	3.584553e-02	1.811892e+02	4.161114e-02	
12.000000	36.000000	160.909063	6.062097	5.927437e-01	2.950461e-02	1.815655e+02	4.052980e-02	
12.000000	40.000000	164.686907	4.187784	5.636109e-01	2.573067e-02	1.817582e+02	3.801863e-02	
12.000000	44.000000	165.966465	4.715155	5.740394e-01	2.831580e-02	1.818345e+02	4.687560e-02	
12.000000	48.000000	172.695555	5.240497	5.716685e-01	3.348066e-02	1.820134e+02	4.092978e-02	
12.000000	52.000000	184.540109	7.769359	6.046844e-01	3.915239e-02	1.818683e+02	4.330979e-02	
12.000000	56.000000	198.647640	11.035951	5.623872e-01	2.633659e-02	1.802753e+02	3.805562e-02	
12.000000	60.000000	209.547652	17.036336	5.659618e-01	3.150649e-02	4.449724e+02	3.997525e-02	
16.000000	0.000000	197.541592	13.526534	5.947194e-01	2.866874e-02	4.412678e+02	3.941263e-02	
16.000000	4.000000	170.893379	29.914287	3.999278e+00	1.751249e+02	1.862270e+02	2.174877e+02	
16.000000	8.000000	170.398090	25.142335	5.155963e+02	3.764481e+02	-7.696861e+01	4.461953e+02	
16.000000	12.000000	173.767045	669.650236	1.744324e+02	1.687497e+02	1.014574e+02	1.319614e+02	
16.000000	16.000000	166.627433	7.857706	2.379963e+02	2.331639e+02	1.919152e+02	1.552051e-01	
16.000000	20.000000	165.800045	8.670031	5.873401e-01	2.936467e-02	1.803304e+02	3.923410e-02	
16.000000	24.000000	164.208756	7.077815	5.609323e-01	3.115251e-02	1.807841e+02	3.793326e-02	
16.000000	28.000000	163.413878	60.717778	5.212843e-01	3.401234e-02	1.809406e+02	4.224120e-02	
16.000000	32.000000	163.356068	5.301677	5.132893e-01	2.870698e-02	1.810948e+02	3.418370e-02	
16.000000	36.000000	165.007077	5.351984	5.529003e-01	2.568502e-02	1.813519e+02	3.720611e-02	
16.000000	40.000000	165.801946	7.674362	5.902846e-01	2.897070e-02	1.815119e+02	4.001369e-02	
16.000000	44.000000	170.242798	51.524896	5.299078e-01	3.800945e-02	1.820078e+02	4.190193e-02	
16.000000	48.000000	176.594330	4.355022	5.238418e-01	3.037758e-02	1.819760e+02	3.311366e-02	
16.000000	52.000000	184.555348	38.617786	6.227427e-01	2.917764e-02	1.815600e+02	4.207201e-02	
16.000000	56.000000	201.459225	12.729414	5.275695e-01	2.650968e-02	1.802219e+02	3.515709e-02	
16.000000	60.000000	210.881652	14.764403	5.813511e-01	2.773814e-02	4.451928e+02	3.850112e-02	
20.000000	0.000000	203.324773	8.287041	6.125084e-01	2.852952e-02	4.415793e+02	4.125694e-02	
20.000000	4.000000	176.379663	22.767973	4.858829e+02	4.840343e+02	-3.776214e+02	6.769748e+02	
20.000000	8.000000	171.564499	10.412250	4.595522e+01	7.944276e+00	2.905599e+02	7.719251e+00	
20.000000	12.000000	170.381450	31.578062	5.066746e+01	1.077250e+02	2.956329e+02	7.342123e+01	
20.000000	16.000000	179.423013	161.602677	4.568821e+02	4.272669e+02	-3.012375e+02	4.743322e+02	
20.000000	20.000000	165.961417	8.396995	2.470998e+02	1.770897e+02	-1.642538e+02	1.941911e+02	
20.000000	24.000000	165.625000	39.008020	5.631211e-01	2.571322e-02	1.803095e+02	1.864117e+03	
20.000000	28.000000	165.801057	8.389991	6.138811e-01	3.226389e-02	1.805706e+02	4.213871e-02	
20.000000	32.000000	165.804963	10.316456	5.700191e-01	2.794173e-02	1.808373e+02	4.532716e-02	
20.000000	36.000000	165.804597	50.745147	6.025698e-01	2.986710e-02	1.812064e+02	3.977120e-02	
20.000000	40.000000	166.614830	6.031868	5.445832e-01	2.528074e-02	1.816374e+02	3.733433e-02	
20.000000	44.000000	172.051927	7.543309	6.331287e-01	3.079019e-02	1.818826e+02	4.209920e-02	
20.000000	48.000000	178.301696	4.777501	5.889156e-01	2.677622e-02	1.816540e+02	3.960435e-02	
20.000000	52.000000	184.827366	5.896118	6.091420e-01	3.151957e-02	1.815425e+02	4.184304e-02	
20.000000	56.000000	202.297132	6.614972	3.382141e+00	8.809323e+01	1.886333e+02	7.167434e+02	
20.000000	60.000000	215.008112	14.344814	5.614312e-01	2.922489e-02	4.450915e+02	3.635338e-02	
24.000000	0.000000	209.546669	14.433451	5.651933e-01	3.199893e-02	4.420826e+02	3.752306e-02	
24.000000	4.000000	176.655259	26.636588	2.103514e+01	4.516734e-01	3.121896e+02	5.140340e-01	
24.000000	8.000000	176.007481	19.272303	1.255542e+03	6.943089e+02	2.919437e+03	3.328172e+03	
24.000000	12.000000	177.628138	21.732560	7.899950e+02	4.048175e+02	-1.947177e+03	2.450198e+03	
24.000000	16.000000	170.741106	9.065256	2.482653e+01	8.451128e-01	3.072733e+02	7.883672e-01	
24.000000	20.000000	170.194842	11.444304	2.540832e+00	2.708781e+02	1.835048e+02	3.164975e+02	
24.000000	24.000000	167.727565	970.788907	6.094373e-01	2.790481e-02	1.801859e+02	4.322651e-02	
24.000000	28.000000	166.987043	7.975256	5.568364e-01	2.779917e-02	1.803169e+02	3.790234e-02	
24.000000	32.000000	166.281122	315.385256	6.197179e-01	3.354467e-02	1.806119e+02	4.235254e-02	
24.000000	36.000000	167.080325	595.949278	5.548093e-01	2.919948e-02	1.810637e+02	3.575275e-02	
24.000000	40.000000	170.312480	128.677023	5.728767e-01	2.701172e-02	1.815282e+02	3.927023e-02	
24.000000	44.000000	172.055561	6.171168	5.678319e-01	3.265377e-02	1.819310e+02	4.519917e-02	
24.000000	48.000000	178.300080	6.091335	6.320778e-01	4.178675e-02	1.818534e+02	4.666680e-02	
24.000000	52.000000	188.596561	8.121225	5.271388e-01	2.297297e-02	1.814037e+02	3.650085e-02	
24.000000	56.000000	203.308172	6.962298	5.469831e-01	2.425235e-02	1.805238e+02	3.772987e-02	
24.000000	60.000000	217.095370	9.508791	5.146558e+02	3.549162e+02	6.953570e+01	3.989384e+02	
28.000000	0.000000	215.804912	8.496474	5.315721e-01	2.395474e-02	4.426295e+02	3.666308e-02	
28.000000	4.000000	182.750136	621.869951	1.089105e+03	1.160833e+03	-2.598052e+03	5.079178e+03	
28.000000	8.000000	176.751119	987.141519	1.130980e+03	1.189266e+03	3.549473e+03	4.531444e+03	
28.000000	12.000000	175.261686	13.232546	7.394817e+02	4.383733e+02	2.542001e+03	2.712885e+03	
28.000000	16.000000	177.575476	11.918814	1.096028e+03	1.148312e+03	-2.631700e+03	4.275725e+03	
28.000000	20.000000	171.352137	8.860173	8.684810e+02	4.927417e+02	-1.913583e+03	1.812681e+03	
28.000000	24.000000	171.161879	29.315517	5.367619e-01	2.974301e-02	1.800283e+02	3.413762e-02	
28.000000	28.000000	170.824852	10.116943	5.803966e-01	2.880245e-02	1.802648e+02	3.855425e-02	
28.000000	32.000000	171.255778	8.597032	5.685294e-01	2.776492e-02	1.806166e+02	3.876571e-02	
28.000000	36.000000	171.281906	11.080284	5.128179e-01	4.984042e-02	1.810416e+02	3.799152e-02	
28.000000	40.000000	172.051869	3.755233	5.858650e-01	2.760369e-02	1.814139e+02	3.938865e-02	
28.000000	44.000000	176.406900	70.010646	6.275914e-01	3.436426e-02	1.815857e+02	4.337777e-02	
28.000000	48.000000	180.054408	964.282039	6.003706e-01	2.557931e-02	1.817217e+02	4.214935e-02	
28.000000	52.000000	190.804624	6.339602	5.652869e-01	2.630041e-02	1.815609e+02	3.867816e-02	
28.000000	56.000000	203.301560	18.988661	5.954342e-01	2.636827e-02	1.806693e+02	4.016493e-02	
28.000000	60.000000	217.060196	12.790826	8.519105e+02	7.538264e+02	2.998935e+03	2.113241e+03	
32.000000	0.000000	222.051890	7.340740	6.200088e-01	3.857203e-02	4.431859e+02	4.418220e-02	
32.000000	4.000000	178.762466	23.366974	2.369920e+01	4.997278e-01	3.121650e+02	3.664692e-01	
32.000000	8.000000	179.634607	38.249500	2.792892e+01	1.299980e+00	3.209267e+02	1.417429e+00	
32.000000	12.000000	179.524465	19.146561	2.076360e+01	4.262501e-01	3.163816e+02	5.421114e-01	
32.000000	16.000000	174.600375	705.312926	7.760966e+02	1.039903e+03	2.257355e+03	5.037620e+03	
32.000000	20.000000	176.459225	20.152348	7.680194e+02	3.743045e+02	-2.132090e+03	2.470662e+03	
32.000000	24.000000	175.639369	8.762851	5.176720e-01	2.577163e-02	1.797002e+02	3.717705e-02	
32.000000	28.000000	172.668810	8.164861	5.151662e+02	4.634109e+02	1.272772e+03	4.140433e+02	
32.000000	32.000000	172.558795	8.647647	3.867728e+02	3.737820e+02	-7.868616e+02	2.199862e+02	
32.000000	36.000000	173.354187	11.341771	6.131844e-01	2.843800e-02	1.805889e+02	4.149533e-02	
32.000000	40.000000	175.674343	8.795087	6.220101e-01	3.077667e-02	1.809304e+02	4.210466e-02	
32.000000	44.000000	178.307862	51.531733	5.255549e-01	2.254530e-02	1.814320e+02	3.659323e-02	
32.000000	48.000000	183.659336	9.072535	5.798170e-01	3.354773e-02	1.817990e+02	3.971152e-02	
32.000000	52.000000	190.825968	8.577963	5.927161e-01	2.875640e-02	1.814790e+02	3.999709e-02	
32.000000	56.000000	204.497675	187.888054	6.080722e-01	3.050980e-02	1.806364e+02	4.061768e-02	
32.000000	60.000000	223.583762	11.585203	3.588040e+02	8.347421e+01	-8.442394e+02	4.782632e+02	
36.000000	0.000000	229.506903	20.467011	5.871739e-01	3.027943e-02	4.436641e+02	4.017566e-02	
36.000000	4.000000	169.843685	256.478821	2.391546e+01	5.950949e-01	3.157044e+02	5.692086e-01	
36.000000	8.000000	185.884067	39.841415	4.872908e+02	3.631478e+02	4.615568e+02	4.507986e+02	
36.000000	12.000000	183.185581	26.500862	5.910222e+02	5.896836e+02	2.010675e+03	6.270947e+02	
36.000000	16.000000	179.522800	41.113853	2.093565e+01	3.550408e-01	3.113530e+02	4.192679e-01	
36.000000	20.000000	179.851405	852.936460	5.602613e+01	4.443931e+01	3.195760e+02	9.791202e+00	
36.000000	24.000000	175.981596	9.093584	1.068702e+03	9.483889e+02	-2.872620e+03	2.762683e+03	
36.000000	28.000000	176.602391	37.060100	2.210348e+01	4.316056e-01	3.103822e+02	5.044599e-01	
36.000000	32.000000	177.470322	34.118613	4.863561e+02	2.655556e+02	1.482940e+01	4.092114e+02	
36.000000	36.000000	177.679520	47.770692	3.569687e+00	1.473489e+02	1.849650e+02	1.312411e+02	
36.000000	40.000000	178.800138	42.315665	5.849495e-01	2.839900e-02	1.805235e+02	4.007690e-02	
36.000000	44.000000	180.894537	1033.954279	5.642333e-01	2.586219e-02	1.812631e+02	3.787307e-02	
36.000000	48.000000	185.830441	7.399961	5.839048e-01	2.796807e-02	1.815754e+02	3.905598e-02	
36.000000	52.000000	194.565458	103.557826	5.492201e-01	2.498463e-02	1.815944e+02	3.765687e-02	
36.000000	56.000000	207.881277	194.486849	6.113419e-01	3.089427e-02	1.810065e+02	4.023869e-02	
36.000000	60.000000	225.913878	14.722753	2.295534e+01	6.190073e-01	3.166641e+02	9.104917e-01	
40.000000	0.000000	239.200968	553.963945	5.270133e-01	3.131265e-02	4.439835e+02	3.540583e-02	
40.000000	4.000000	191.697673	39.091803	5.885915e-01	2.910868e-02	4.448722e+02	4.334753e-02	
40.000000	8.000000	189.925975	31.246776	5.889029e-01	2.930494e-02	4.445935e+02	4.024347e-02	
40.000000	12.000000	189.071816	837.968508	5.836480e-01	2.926506e-02	4.446231e+02	3.931329e-02	
40.000000	16.000000	185.053520	42.422166	5.603741e-01	2.809072e-02	4.451447e+02	3.687770e-02	
40.000000	20.000000	181.942190	51.569959	8.561861e+02	8.195980e+02	-1.355406e+03	8.171871e+02	
40.000000	24.000000	180.803546	46.590213	1.043530e+03	3.627324e+02	-2.895236e+03	2.478831e+03	
40.000000	28.000000	182.256449	485.135567	2.604359e+01	1.139727e+00	3.098910e+02	6.590124e-01	
40.000000	32.000000	184.323866	760.967962	2.204686e+00	7.435745e+02	1.851748e+02	3.257311e+03	
40.000000	36.000000	182.881841	764.346783	5.342051e-01	2.947252e-02	1.800746e+02	3.481571e-02	
40.000000	40.000000	183.557167	139.026625	5.745630e-01	3.015686e-02	1.807188e+02	3.906179e-02	
40.000000	44.000000	184.549818	37.027226	5.811721e-01	3.295339e-02	1.811614e+02	3.882494e-02	
40.000000	48.000000	190.808466	7.961173	5.592840e-01	2.791824e-02	1.813020e+02	3.733188e-02	
40.000000	52.000000	197.056641	34.418548	6.390487e-01	3.638971e-02	1.816244e+02	4.440579e-02	
40.000000	56.000000	209.551066	25.539428	5.969255e-01	3.242221e-02	1.810278e+02	4.087460e-02	
40.000000	60.000000	226.727223	11.156887	2.182625e+01	3.160490e-01	3.129290e+02	4.425398e-01	
44.000000	0.000000	247.060000	17.709803	5.773222e-01	2.609832e-02	4.446945e+02	3.871657e-02	
44.000000	4.000000	201.559995	838.916181	5.710399e-01	2.843100e-02	4.442438e+02	3.765339e-02	
44.000000	8.000000	198.458906	848.446004	5.882803e-01	2.825849e-02	4.441394e+02	4.181901e-02	
44.000000	12.000000	196.175208	29.077429	5.621042e-01	3.119015e-02	4.442137e+02	3.719059e-02	
44.000000	16.000000	192.134607	29.961077	6.186542e-01	3.276611e-02	4.444668e+02	4.258529e-02	
44.000000	20.000000	189.208842	750.307849	5.634723e-01	2.909505e-02	4.449250e+02	3.668929e-02	
44.000000	24.000000	185.824217	46.056484	7.147038e+02	3.856735e+02	-6.573247e+02	9.727320e+02	
44.000000	28.000000	185.728764	19.440992	2.862616e+01	2.267344e+00	3.207977e+02	1.604483e+00	
44.000000	32.000000	187.668376	36.794442	1.095489e+03	1.138238e+03	-2.623105e+03	4.088311e+03	
44.000000	36.000000	188.592597	45.339971	2.159657e+01	3.191036e-01	3.094964e+02	5.662620e-01	
44.000000	40.000000	188.499530	7.658792	5.260280e-01	2.990952e-02	1.800832e+02	3.810792e-02	
44.000000	44.000000	190.805429	30.325112	5.692341e-01	2.604399e-02	1.807099e+02	3.818637e-02	
44.000000	48.000000	194.581084	113.047028	5.277134e-01	2.901012e-02	1.810975e+02	3.788243e-02	
44.000000	52.000000	201.508147	5.087365	5.900649e-01	2.756925e-02	1.812732e+02	3.790551e-02	
44.000000	56.000000	214.157633	8.308423	5.675018e-01	3.213196e-02	1.810467e+02	3.821510e-02	
44.000000	60.000000	235.229097	851.596762	1.521025e+02	2.080444e+02	4.157498e+02	3.304382e+02	
48.000000	0.000000	252.147203	15.196568	5.790298e-01	3.043549e-02	4.449013e+02	4.414933e-02	
48.000000	4.000000	213.063119	986.833436	6.277105e-01	3.939238e-02	4.438076e+02	4.509164e-02	
48.000000	8.000000	210.788156	498.415188	6.024480e-01	3.110951e-02	4.435989e+02	4.135018e-02	
48.000000	12.000000	207.835023	38.144806	6.273985e-01	3.547972e-02	4.436710e+02	4.355376e-02	
48.000000	16.000000	204.039260	58.283909	5.816511e-01	2.956890e-02	4.439222e+02	3.779585e-02	
48.000000	20.000000	198.296092	558.940240	7.238355e-01	5.320858e-02	4.442565e+02	5.589059e-02	
48.000000	24.000000	194.872346	39.942289	4.062715e+00	1.592134e+02	4.343082e+02	2.115314e+03	
48.000000	28.000000	191.872965	42.973950	1.160288e+02	2.408294e+02	3.568618e+02	2.267512e+02	
48.000000	32.000000	192.020861	35.404955	2.386498e+01	5.907885e-01	3.144631e+02	4.845758e-01	
48.000000	36.000000	193.918376	280.011096	3.414741e+01	3.815496e+00	3.154969e+02	1.189201e+00	
48.000000	40.000000	197.821578	209.264078	2.037324e+01	3.093509e-01	3.077783e+02	8.222474e-01	
48.000000	44.000000	196.191235	9.115437	5.515178e-01	2.586597e-02	1.803637e+02	3.766657e-02	
48.000000	48.000000	199.802273	45.625169	5.992110e-01	2.829430e-02	1.805811e+02	4.036272e-02	
48.000000	52.000000	205.273635	993.276833	5.628694e-01	2.986889e-02	1.810416e+02	3.772167e-02	
48.000000	56.000000	216.957036	212.621439	6.727968e-01	4.884755e-02	1.808846e+02	5.380646e-02	
48.000000	60.000000	232.869201	19.195376	4.139627e+02	1.150826e+02	-1.240813e+03	7.005415e+02	
52.000000	0.000000	257.138505	17.100085	2.479756e+00	1.272104e+02	4.499894e+02	7.712795e+01	
52.000000	4.000000	232.412542	78.105827	5.638740e-01	2.996132e-02	4.430645e+02	3.641064e-02	
52.000000	8.000000	229.897718	75.608830	5.955025e-01	3.106506e-02	4.428151e+02	5.619114e-02	
52.000000	12.000000	226.319973	871.873119	5.463894e-01	2.941067e-02	4.430427e+02	3.499485e-02	
52.000000	16.000000	220.449742	62.150575	5.996107e-01	3.187619e-02	4.433307e+02	4.118559e-02	
52.000000	20.000000	214.054136	228.311274	6.056672e-01	2.839044e-02	4.437397e+02	4.032952e-02	
52.000000	24.000000	207.801635	41.842261	6.216378e-01	3.100136e-02	4.443685e+02	4.154944e-02	
52.000000	28.000000	204.740741	53.644802	5.727544e-01	2.880294e-02	4.446495e+02	3.901426e-02	
52.000000	32.000000	202.334636	32.506073	5.293203e-01	2.670954e-02	4.448580e+02	3.554141e-02	
52.000000	36.000000	202.333446	903.118004	5.782288e+02	3.784180e+02	-1.505694e+03	2.564955e+03	
52.000000	40.000000	201.765352	777.710959	1.292553e+03	1.188293e+03	-1.723531e+03	2.449963e+03	
52.000000	44.000000	203.804045	773.192714	7.321069e+02	5.098912e+02	1.240826e+03	7.208978e+02	
52.000000	48.000000	208.052787	417.741505	5.787439e-01	2.743412e-02	1.804269e+02	3.916432e-02	
52.000000	52.000000	214.570859	24.242919	5.790163e-01	2.603040e-02	1.806985e+02	3.888014e-02	
52.000000	56.000000	223.384831	11.220498	5.777585e-01	2.984421e-02	1.806919e+02	3.942561e-02	
52.000000	60.000000	239.248630	24.331152	4.032633e+00	3.727464e+02	1.869883e+02	3.955911e+02	
56.000000	0.000000	261.053519	895.763092	2.745047e+02	6.691800e+01	1.279883e+03	3.931159e+02	
56.000000	4.000000	282.112480	142.283616	6.132239e-01	3.208957e-02	4.424527e+02	4.216286e-02	
56.000000	8.000000	278.106509	705.149811	5.809517e-01	2.577882e-02	4.422127e+02	4.219158e-02	
56.000000	12.000000	271.260876	347.818588	5.480582e-01	2.441890e-02	4.424527e+02	3.768307e-02	
56.000000	16.000000	262.191463	901.543240	5.980874e-01	2.905760e-02	4.427317e+02	3.956979e-02	
56.000000	20.000000	250.948489	784.756418	5.701568e-01	2.801198e-02	4.433687e+02	3.829618e-02	
56.000000	24.000000	242.242473	133.623585	6.136197e-01	3.633514e-02	4.438229e+02	4.224720e-02	
56.000000	28.000000	235.069880	676.834635	6.058081e-01	2.581946e-02	4.443042e+02	4.200944e-02	
56.000000	32.000000	228.955251	114.889892	5.814308e-01	3.126170e-02	4.447293e+02	3.971306e-02	
56.000000	36.000000	223.570182	674.058977	3.871944e+02	3.842137e+02	1.234162e+03	2.363022e+02	
56.000000	40.000000	219.763349	70.708951	4.837414e+02	1.586280e+02	2.081138e+03	9.729238e+02	
56.000000	44.000000	219.759009	59.754290	2.671099e+00	9.336809e+02	3.378352e+02	1.414214e+00	
56.000000	48.000000	221.444022	55.980113	5.088347e-01	4.890131e-02	1.800103e+02	3.706609e-02	
56.000000	52.000000	227.075195	29.304115	2.701744e+02	5.507819e+01	-7.093829e+02	3.930130e+02	
56.000000	56.000000	235.007484	54.131345	1.471653e+02	1.910535e+01	8.613376e+00	3.475921e+01	
56.000000	60.000000	253.547535	20.636641	5.027050e+02	1.293177e+02	-1.497190e+03	7.253684e+02	
60.000000	0.000000	272.452102	15.041479	5.375971e-01	3.237086e-02	4.459113e+02	4.398756e-02	
60.000000	4.000000	574.364591	225.330659	6.123510e-01	3.185652e-02	4.435376e+02	4.199879e-02	
60.000000	8.000000	555.510703	717.346109	5.130302e-01	2.868265e-02	4.431765e+02	3.307329e-02	
60.000000	12.000000	526.738264	786.306880	5.692118e-01	2.859297e-02	4.433220e+02	3.880513e-02	
60.000000	16.000000	489.203541	731.672374	6.328040e-01	3.068266e-02	4.438852e+02	4.204679e-02	
60.000000	20.000000	447.224589	306.324476	1.741469e+02	1.618663e+02	7.767530e+02	1.529653e+02	
60.000000	24.000000	407.206866	738.754600	5.065797e-01	3.858432e-02	4.450615e+02	3.655642e-02	
60.000000	28.000000	378.068639	714.585213	2.399304e+01	8.212349e-01	3.155402e+02	7.760845e-01	
60.000000	32.000000	353.767870	773.625358	7.998123e+02	3.784846e+02	-1.786219e+03	2.363738e+03	
60.000000	36.000000	326.245462	776.646441	9.083743e+02	9.351258e+02	2.908955e+03	3.277691e+03	
60.000000	40.000000	299.854920	771.175899	2.469995e+01	8.255989e-01	3.115460e+02	4.684056e-01	
60.000000	44.000000	277.837349	819.645642	1.304397e+03	7.392957e+02	2.171679e+03	3.218687e+03	
60.000000	48.000000	264.992644	758.904646	1.185250e+03	1.043425e+03	-2.669255e+03	5.947712e+03	
60.000000	52.000000	260.151430	120.740648	3.713806e+01	5.255314e+00	3.014160e+02	3.445701e+00	
60.000000	56.000000	263.663353	61.720996	2.476333e+00	7.558745e+02	1.829426e+02	2.971562e+01	
60.000000	60.000000	273.695489	63.512478	4.523349e-01	2.456946e-02	1.796468e+02	4.370154e-02	
0.000000	0.000000	292.104992	69.303071	6.555306e+02	4.472834e+02	1.497252e+03	9.857938e+02	
