0.000000	4.000000	158.509968	4.635884	6.060987e-01	3.163655e-02	4.533963e+02	4.164063e-02	
0.000000	8.000000	154.703170	4.366784	5.587984e-01	2.827777e-02	4.533198e+02	3.741781e-02	
0.000000	12.000000	153.304187	4.503366	5.720200e-01	2.753863e-02	4.533967e+02	3.914059e-02	
0.000000	16.000000	148.451015	75.515785	5.798462e-01	3.814354e-02	4.538926e+02	4.071768e-02	
0.000000	20.000000	147.055484	15.555438	5.708411e-01	3.284151e-02	4.538029e+02	3.884666e-02	
0.000000	24.000000	147.056006	21.386260	5.446883e-01	3.290000e-02	4.538470e+02	3.637690e-02	
0.000000	28.000000	147.059041	2.407962	5.838400e-01	3.517134e-02	4.538275e+02	4.031083e-02	
0.000000	32.000000	147.059911	42.868709	4.651814e-01	3.512205e-02	4.539714e+02	2.787085e-02	
0.000000	36.000000	147.055331	220.888939	5.198168e-01	2.602722e-02	4.542368e+02	3.454118e-02	
0.000000	40.000000	148.743765	27.768216	5.499549e-01	2.596501e-02	4.543537e+02	3.761742e-02	
0.000000	44.000000	154.517918	38.232354	5.497934e-01	2.459198e-02	4.545380e+02	3.787245e-02	
0.000000	48.000000	165.810643	22.548241	4.748565e-01	2.746089e-02	4.541854e+02	3.139320e-02	
0.000000	52.000000	184.555604	6.588242	5.806556e-01	3.028026e-02	4.533034e+02	3.965120e-02	
0.000000	56.000000	201.743922	4.881961	6.073964e-01	3.196514e-02	4.502090e+02	4.027230e-02	
0.000000	60.000000	190.800202	9.297544	6.909549e-01	4.424479e-02	4.445352e+02	4.906833e-02	
4.000000	0.000000	178.311637	6.510734	5.477648e-01	2.987181e-02	4.409836e+02	3.512047e-02	
4.000000	4.000000	159.555611	180.869007	5.478801e-01	3.306366e-02	4.531217e+02	3.644912e-02	
4.000000	8.000000	157.954148	3.010647	5.554936e-01	2.944598e-02	4.529249e+02	3.865747e-02	
4.000000	12.000000	153.302082	3.571562	5.273798e-01	3.187155e-02	4.530384e+02	3.436569e-02	
4.000000	16.000000	152.434469	3.006120	5.496035e-01	2.590952e-02	4.532569e+02	3.660458e-02	
4.000000	20.000000	148.415769	57.499911	4.988909e-01	2.109536e-02	4.536157e+02	3.530623e-02	
4.000000	24.000000	147.057632	21.704951	5.510247e-01	2.587525e-02	4.537076e+02	3.680046e-02	
4.000000	28.000000	147.045154	24.459715	5.453209e-01	2.610936e-02	4.538087e+02	3.667904e-02	
4.000000	32.000000	147.045359	43.235221	4.921062e-01	3.098423e-02	4.539512e+02	3.140539e-02	
4.000000	36.000000	147.558155	2.153612	5.092121e-01	2.803758e-02	4.541307e+02	3.295478e-02	
4.000000	40.000000	153.302239	1.858144	5.705949e-01	2.632565e-02	4.543212e+02	3.826609e-02	
4.000000	44.000000	157.958833	33.868534	5.759186e-01	2.741918e-02	4.544577e+02	3.946139e-02	
4.000000	48.000000	165.796779	2.329360	5.082401e-01	3.215797e-02	4.541356e+02	3.299237e-02	
4.000000	52.000000	184.555741	172.606214	5.751793e-01	2.766936e-02	4.534155e+02	3.937687e-02	
4.000000	56.000000	203.304700	4.338067	5.514826e-01	2.703947e-02	4.506742e+02	3.759245e-02	
4.000000	60.000000	196.049266	7.037251	5.916267e-01	2.695151e-02	4.453552e+02	3.979556e-02	
8.000000	0.000000	184.553070	4.930804	5.633240e-01	3.096868e-02	4.410094e+02	3.759426e-02	
8.000000	4.000000	160.419299	115.339725	5.468130e-01	2.962983e-02	4.529713e+02	3.531553e-02	
8.000000	8.000000	159.559802	193.474278	5.506607e-01	3.326373e-02	4.530073e+02	3.914401e-02	
8.000000	12.000000	156.183266	251.280712	5.605583e-01	2.602414e-02	4.531838e+02	3.948465e-02	
8.000000	16.000000	153.300621	3.867173	5.454366e-01	2.524280e-02	4.534062e+02	3.723660e-02	
8.000000	20.000000	152.451176	2.316906	5.217911e-01	2.414172e-02	4.533267e+02	3.592730e-02	
8.000000	24.000000	149.494540	43.540279	5.361281e-01	2.402348e-02	4.536100e+02	3.697616e-02	
8.000000	28.000000	148.451017	618.639461	5.697010e-01	2.660713e-02	4.535047e+02	3.907351e-02	
8.000000	32.000000	148.320980	742.407889	5.798170e-01	3.354768e-02	4.537990e+02	3.971115e-02	
8.000000	36.000000	151.319973	664.930589	5.284856e-01	3.139178e-02	4.539193e+02	4.117673e-02	
8.000000	40.000000	153.293544	41.046864	5.386463e-01	2.881393e-02	4.541477e+02	3.482164e-02	
8.000000	44.000000	159.551890	1.931213	5.171642e-01	2.195313e-02	4.544214e+02	3.620033e-02	
8.000000	48.000000	167.178183	219.065516	5.159583e-01	2.679351e-02	4.542389e+02	3.484128e-02	
8.000000	52.000000	184.543618	178.975444	6.059755e-01	3.101955e-02	4.534811e+02	4.159669e-02	
8.000000	56.000000	206.784460	4.912333	5.177690e-01	2.902001e-02	4.511671e+02	3.337274e-02	
8.000000	60.000000	198.310625	12.423135	5.140149e-01	2.650031e-02	4.462429e+02	3.477940e-02	
12.000000	0.000000	185.207435	7.318318	5.663061e-01	3.013781e-02	4.409919e+02	3.721602e-02	
12.000000	4.000000	164.592582	7.534622	5.525596e-01	2.603430e-02	4.526368e+02	3.781062e-02	
12.000000	8.000000	160.939821	243.678251	5.259361e-01	2.516108e-02	4.526995e+02	3.587393e-02	
12.000000	12.000000	159.549209	7.211851	5.801305e-01	3.074660e-02	4.528719e+02	3.801240e-02	
12.000000	16.000000	154.707964	50.641029	5.232801e-01	2.955378e-02	4.531165e+02	3.335969e-02	
12.000000	20.000000	153.302532	3.078035	5.559338e-01	2.573564e-02	4.532119e+02	3.755429e-02	
12.000000	24.000000	153.305747	2.803744	5.222255e-01	2.677219e-02	4.532490e+02	3.530370e-02	
12.000000	28.000000	152.507076	2.814267	5.406356e-01	2.558272e-02	4.532954e+02	3.617401e-02	
12.000000	32.000000	152.477840	2.409619	5.761981e-01	2.714569e-02	4.534178e+02	3.889775e-02	
12.000000	36.000000	153.305806	3.153187	5.809937e-01	2.938121e-02	4.536546e+02	3.970825e-02	
12.000000	40.000000	153.295642	2.684061	5.083748e-01	2.802514e-02	4.541345e+02	3.286384e-02	
12.000000	44.000000	159.556080	72.811528	5.988289e-01	3.059658e-02	4.544060e+02	4.107062e-02	
12.000000	48.000000	170.335439	30.526044	5.596444e-01	2.842082e-02	4.542285e+02	3.686627e-02	
12.000000	52.000000	184.546470	3.729326	5.739575e-01	2.719082e-02	4.535515e+02	3.924121e-02	
12.000000	56.000000	209.561136	9.656523	5.410454e-01	2.547534e-02	4.513129e+02	3.638997e-02	
12.000000	60.000000	203.301970	8.246312	6.245512e-01	3.526965e-02	4.466803e+02	4.333574e-02	
16.000000	0.000000	190.802087	16.073659	5.007248e-01	3.810135e-02	4.409847e+02	3.944885e-02	
16.000000	4.000000	166.290507	5.736881	5.780955e-01	2.774467e-02	4.525073e+02	3.926195e-02	
16.000000	8.000000	164.926286	6.541418	5.962088e-01	2.826571e-02	4.524233e+02	4.016554e-02	
16.000000	12.000000	160.688771	113.147553	6.417279e-01	4.027298e-02	4.527802e+02	4.619221e-02	
16.000000	16.000000	158.510598	3.239110	5.773553e-01	2.983708e-02	4.529937e+02	3.745995e-02	
16.000000	20.000000	154.541148	46.603264	4.700099e-01	2.929673e-02	4.531514e+02	3.027453e-02	
16.000000	24.000000	153.337325	42.316510	5.534642e-01	2.821123e-02	4.531366e+02	4.251291e-02	
16.000000	28.000000	153.300240	222.012003	5.121815e-01	2.875716e-02	4.531943e+02	3.408767e-02	
16.000000	32.000000	153.301903	225.439636	5.352992e-01	2.373953e-02	4.534041e+02	3.698045e-02	
16.000000	36.000000	153.814714	31.888062	5.392578e-01	2.462274e-02	4.536286e+02	3.707093e-02	
16.000000	40.000000	156.494767	34.581360	4.479541e-01	3.559924e-02	4.540591e+02	2.613519e-02	
16.000000	44.000000	160.057245	2.540538	4.927164e-01	2.443483e-02	4.542638e+02	3.409017e-02	
16.000000	48.000000	172.046104	3.210260	5.045727e-01	3.224488e-02	4.540863e+02	3.180682e-02	
16.000000	52.000000	185.082782	3.641142	6.060987e-01	3.163625e-02	4.536037e+02	4.163986e-02	
16.000000	56.000000	209.545953	5.692770	5.498623e-01	2.514066e-02	4.515655e+02	3.773815e-02	
16.000000	60.000000	209.549548	5.933178	6.015335e-01	3.075290e-02	4.474247e+02	4.127168e-02	
20.000000	0.000000	197.035407	7.246497	5.739825e-01	2.747111e-02	4.414159e+02	3.921186e-02	
20.000000	4.000000	170.366610	8.597277	5.650497e-01	2.918616e-02	4.522812e+02	3.831812e-02	
20.000000	8.000000	166.949329	5.303498	5.354357e-01	3.187270e-02	4.520681e+02	3.490105e-02	
20.000000	12.000000	164.813248	471.996219	5.477809e-01	2.583303e-02	4.523001e+02	3.670779e-02	
20.000000	16.000000	160.173776	3.595565	5.803956e-01	2.940910e-02	4.528902e+02	4.281297e-02	
20.000000	20.000000	158.428100	4.064236	5.942726e-01	3.003622e-02	4.529617e+02	3.897691e-02	
20.000000	24.000000	157.081085	40.881587	5.466086e-01	2.972428e-02	4.530245e+02	3.538495e-02	
20.000000	28.000000	154.807950	49.791783	5.416132e-01	3.003032e-02	4.530779e+02	3.470079e-02	
20.000000	32.000000	154.570979	29.904485	5.430815e-01	2.796817e-02	4.532410e+02	3.584856e-02	
20.000000	36.000000	155.956755	104.627731	5.786711e-01	2.782168e-02	4.535563e+02	3.963625e-02	
20.000000	40.000000	159.548545	2.976171	5.369313e-01	2.973371e-02	4.539758e+02	3.416600e-02	
20.000000	44.000000	164.086697	0.715803	5.880035e-01	2.978489e-02	4.540976e+02	3.838376e-02	
20.000000	48.000000	172.049511	4.025336	5.340640e-01	3.165022e-02	4.541442e+02	3.479294e-02	
20.000000	52.000000	185.854783	640.069425	6.326110e-01	3.520577e-02	4.536047e+02	4.376064e-02	
20.000000	56.000000	209.550055	13.843422	5.852246e-01	2.891441e-02	4.518977e+02	3.906965e-02	
20.000000	60.000000	215.806006	8.591103	6.256908e-01	3.150545e-02	4.479394e+02	4.119424e-02	
24.000000	0.000000	202.311161	7.935524	5.731757e-01	3.135589e-02	4.418536e+02	3.773924e-02	
24.000000	4.000000	172.816724	5.571418	5.361741e-01	2.636158e-02	4.518069e+02	3.563272e-02	
24.000000	8.000000	170.942573	7.903800	5.363088e-01	2.767640e-02	4.518759e+02	3.793423e-02	
24.000000	12.000000	167.197567	4.548398	4.955993e-01	3.319852e-02	4.520494e+02	3.114907e-02	
24.000000	16.000000	164.243097	709.169811	5.942285e-01	2.740037e-02	4.523778e+02	3.997168e-02	
24.000000	20.000000	160.251884	4.507030	5.886335e-01	3.430904e-02	4.527953e+02	4.058080e-02	
24.000000	24.000000	159.551939	5.869951	5.515994e-01	3.217700e-02	4.528885e+02	4.844209e-02	
24.000000	28.000000	158.782447	4.283096	5.440374e-01	3.053614e-02	4.529965e+02	3.575381e-02	
24.000000	32.000000	158.568860	3.685531	5.360195e-01	2.881325e-02	4.531153e+02	3.439725e-02	
24.000000	36.000000	159.545554	3.927068	5.940962e-01	2.973809e-02	4.534342e+02	4.071659e-02	
24.000000	40.000000	159.551976	3.381105	5.661290e-01	3.334548e-02	4.539365e+02	4.575455e-02	
24.000000	44.000000	165.806022	84.403089	4.898558e-01	3.011439e-02	4.540900e+02	3.076404e-02	
24.000000	48.000000	172.619301	76.312898	5.294002e-01	2.745636e-02	4.541263e+02	3.610949e-02	
24.000000	52.000000	189.207333	76.153020	6.229532e-01	3.338302e-02	4.535380e+02	4.293348e-02	
24.000000	56.000000	210.913384	704.558102	4.833849e-01	3.005230e-02	4.521156e+02	3.039374e-02	
24.000000	60.000000	222.045354	5.121730	6.062600e-01	3.356881e-02	4.487076e+02	4.186072e-02	
28.000000	0.000000	208.697118	9.960756	5.433421e-01	3.438898e-02	4.428737e+02	3.626623e-02	
28.000000	4.000000	177.169049	8.616399	6.068295e-01	2.684768e-02	4.516462e+02	4.114504e-02	
28.000000	8.000000	173.291159	116.479873	6.211210e-01	2.622979e-02	4.516658e+02	4.340853e-02	
28.000000	12.000000	170.308751	4.986665	5.525687e-01	3.756653e-02	4.519002e+02	5.690614e-02	
28.000000	16.000000	165.013632	4.701871	5.602636e-01	2.828973e-02	4.522031e+02	3.669493e-02	
28.000000	20.000000	164.206700	34.147337	6.031293e-01	3.272251e-02	4.523116e+02	4.152287e-02	
28.000000	24.000000	161.388859	900.541546	6.052960e-01	3.128057e-02	4.525801e+02	4.156176e-02	
28.000000	28.000000	160.867981	118.305694	6.063070e-01	2.563554e-02	4.527228e+02	4.341125e-02	
28.000000	32.000000	160.320295	42.107475	5.957529e-01	4.340152e-02	4.529552e+02	4.496386e-02	
28.000000	36.000000	160.247987	405.414792	5.496035e-01	2.590952e-02	4.532569e+02	3.660458e-02	
28.000000	40.000000	163.833574	740.410728	5.164291e-01	2.275250e-02	4.536318e+02	3.594381e-02	
28.000000	44.000000	166.563169	3.605648	5.487891e-01	2.925066e-02	4.539297e+02	3.723618e-02	
28.000000	48.000000	176.500600	833.154142	5.643726e-01	3.263410e-02	4.540205e+02	3.912331e-02	
28.000000	52.000000	190.805813	3.806575	5.135918e-01	2.274950e-02	4.536419e+02	3.576644e-02	
28.000000	56.000000	212.761686	1115.222486	5.767402e-01	2.658566e-02	4.523398e+02	3.871299e-02	
28.000000	60.000000	228.305392	6.768826	5.768805e-01	3.000687e-02	4.490337e+02	3.745454e-02	
32.000000	0.000000	215.803237	11.764234	5.448485e-01	2.407556e-02	4.435427e+02	3.751518e-02	
32.000000	4.000000	182.249540	234.935719	5.483783e-01	2.804175e-02	4.512904e+02	3.665054e-02	
32.000000	8.000000	178.813740	67.838214	4.831047e-01	2.568205e-02	4.512294e+02	3.325017e-02	
32.000000	12.000000	173.685387	192.285239	5.537560e-01	2.497133e-02	4.515332e+02	3.810076e-02	
32.000000	16.000000	170.822745	6.161585	5.854866e-01	3.044889e-02	4.520256e+02	3.835002e-02	
32.000000	20.000000	166.975618	38.158345	5.685460e-01	2.560544e-02	4.522484e+02	3.839579e-02	
32.000000	24.000000	164.959053	99.520762	6.030502e-01	2.554267e-02	4.523170e+02	4.077390e-02	
32.000000	28.000000	164.571164	126.012354	5.516165e-01	2.597566e-02	4.522738e+02	3.685513e-02	
32.000000	32.000000	164.260331	4.418181	5.476557e-01	2.478859e-02	4.525640e+02	3.741651e-02	
32.000000	36.000000	164.168142	4.591281	5.864987e-01	3.002494e-02	4.530105e+02	3.810976e-02	
32.000000	40.000000	165.837222	55.470841	5.597930e-01	2.657575e-02	4.534208e+02	3.804842e-02	
32.000000	44.000000	170.477050	3.419914	5.706578e-01	2.891895e-02	4.539143e+02	3.735587e-02	
32.000000	48.000000	178.292397	56.514120	5.452808e-01	2.999915e-02	4.539859e+02	3.546037e-02	
32.000000	52.000000	190.804965	217.816817	5.092690e-01	2.416422e-02	4.537039e+02	3.510466e-02	
32.000000	56.000000	214.127445	179.876821	5.459285e-01	2.633579e-02	4.523392e+02	3.682845e-02	
32.000000	60.000000	235.731373	85.343689	6.246278e-01	3.598035e-02	4.497322e+02	4.221967e-02	
36.000000	0.000000	222.053464	7.302611	6.800805e-01	4.227325e-02	4.444851e+02	4.797470e-02	
36.000000	4.000000	185.928182	818.078504	5.896146e-01	2.820089e-02	4.508087e+02	4.925769e-02	
36.000000	8.000000	182.692075	12.603724	5.967781e-01	2.587026e-02	4.507501e+02	4.304302e-02	
36.000000	12.000000	179.091362	5.146973	5.452808e-01	2.999880e-02	4.510141e+02	3.546001e-02	
36.000000	16.000000	174.408562	77.938048	6.313450e-01	3.150273e-02	4.515043e+02	4.289502e-02	
36.000000	20.000000	172.050717	79.344306	5.494510e-01	2.875415e-02	4.519172e+02	3.668181e-02	
36.000000	24.000000	170.449751	51.897151	5.554310e-01	2.963225e-02	4.519628e+02	3.644834e-02	
36.000000	28.000000	167.727591	58.235433	5.538646e-01	2.840949e-02	4.522191e+02	3.640700e-02	
36.000000	32.000000	167.070889	4.379417	5.457897e-01	2.586320e-02	4.522862e+02	3.651273e-02	
36.000000	36.000000	167.240458	44.892295	5.561226e-01	2.805802e-02	4.527260e+02	3.694050e-02	
36.000000	40.000000	169.966065	238.516730	4.925741e-01	3.055071e-02	4.530602e+02	3.125148e-02	
36.000000	44.000000	172.063878	4.106905	6.832365e-01	4.378601e-02	4.536402e+02	4.897101e-02	
36.000000	48.000000	179.582528	4.881750	5.561330e-01	3.894143e-02	4.538967e+02	6.015505e-02	
36.000000	52.000000	192.507737	210.819591	5.573754e-01	2.521944e-02	4.535000e+02	3.824053e-02	
36.000000	56.000000	215.795171	8.696979	5.569805e-01	2.759309e-02	4.523123e+02	3.791576e-02	
36.000000	60.000000	242.124588	14.768973	6.774438e-01	5.593441e-02	4.500084e+02	6.296883e-02	
40.000000	0.000000	234.552066	6.395703	6.199784e-01	2.629828e-02	4.453376e+02	4.309809e-02	
40.000000	4.000000	192.178183	13.723988	6.216113e-01	3.308302e-02	4.502549e+02	4.143268e-02	
40.000000	8.000000	189.701858	12.075099	5.909249e-01	2.977848e-02	4.499403e+02	3.934636e-02	
40.000000	12.000000	185.242410	142.411425	5.810307e-01	2.553642e-02	4.507448e+02	3.990990e-02	
40.000000	16.000000	179.620848	51.702399	5.634186e-01	3.222044e-02	4.510874e+02	3.747778e-02	
40.000000	20.000000	176.647144	560.705202	5.843799e-01	2.549851e-02	4.512654e+02	4.001171e-02	
40.000000	24.000000	173.523855	816.188718	5.759178e-01	2.735504e-02	4.518226e+02	4.519264e-02	
40.000000	28.000000	172.805208	266.631012	5.105834e-01	3.027201e-02	4.519594e+02	3.181621e-02	
40.000000	32.000000	172.576565	29.031344	5.417611e-01	2.843908e-02	4.521971e+02	3.532089e-02	
40.000000	36.000000	172.052655	230.701274	5.796043e-01	2.822636e-02	4.525499e+02	3.942378e-02	
40.000000	40.000000	172.553170	24.594229	5.145756e-01	3.054079e-02	4.531466e+02	3.295446e-02	
40.000000	44.000000	176.711857	4.290154	5.640053e-01	2.667227e-02	4.536035e+02	3.861470e-02	
40.000000	48.000000	183.712745	35.785208	4.801586e-01	3.811129e-02	4.540199e+02	3.272212e-02	
40.000000	52.000000	197.056000	4.250985	5.682490e-01	3.745317e-02	4.538978e+02	3.926738e-02	
40.000000	56.000000	216.444876	6.694018	5.339197e-01	2.659995e-02	4.528390e+02	3.569284e-02	
40.000000	60.000000	247.055866	17.369654	6.093515e-01	3.732554e-02	4.508131e+02	4.300929e-02	
44.000000	0.000000	245.294155	7.342595	5.418204e-01	2.457660e-02	4.463975e+02	3.695604e-02	
44.000000	4.000000	201.067320	230.262624	7.125298e-01	4.849460e-02	4.495775e+02	5.148758e-02	
44.000000	8.000000	197.055582	32.478501	5.549501e-01	2.610163e-02	4.496273e+02	3.798769e-02	
44.000000	12.000000	192.047862	28.725989	5.344251e-01	3.005825e-02	4.500485e+02	3.400136e-02	
44.000000	16.000000	185.958703	809.698039	6.026667e-01	3.147499e-02	4.506019e+02	4.103909e-02	
44.000000	20.000000	182.960628	41.101949	5.757284e-01	2.978222e-02	4.509663e+02	3.783898e-02	
44.000000	24.000000	179.708906	6.191425	5.658698e-01	2.816351e-02	4.511893e+02	3.716980e-02	
44.000000	28.000000	177.523082	63.753080	5.666366e-01	2.808361e-02	4.513350e+02	3.798463e-02	
44.000000	32.000000	177.288880	7.671620	5.651928e-01	2.636783e-02	4.516013e+02	3.819234e-02	
44.000000	36.000000	176.540165	420.515592	6.059927e-01	3.155798e-02	4.519749e+02	4.182337e-02	
44.000000	40.000000	177.506634	158.151066	5.760927e-01	2.675875e-02	4.526325e+02	3.864597e-02	
44.000000	44.000000	180.732070	261.339107	5.309423e-01	2.914401e-02	4.532069e+02	3.541576e-02	
44.000000	48.000000	188.238312	79.175400	6.047387e-01	3.077572e-02	4.534906e+02	4.141307e-02	
44.000000	52.000000	198.443925	116.169836	5.608235e-01	2.600847e-02	4.535754e+02	3.846591e-02	
44.000000	56.000000	220.278934	8.971741	5.122836e-01	2.933426e-02	4.529196e+02	3.463316e-02	
44.000000	60.000000	251.424599	958.096127	5.597039e-01	4.043304e-02	4.508931e+02	6.366255e-02	
48.000000	0.000000	259.550014	30.221956	5.731094e-01	2.803440e-02	4.471945e+02	3.778200e-02	
48.000000	4.000000	211.007201	852.975818	6.041890e-01	3.218349e-02	4.489842e+02	4.233579e-02	
48.000000	8.000000	207.977225	56.651701	6.243353e-01	3.093598e-02	4.488746e+02	4.114627e-02	
48.000000	12.000000	201.704098	362.146504	6.836372e-01	3.746224e-02	4.493129e+02	4.595667e-02	
48.000000	16.000000	195.809545	9.702057	5.968697e-01	2.960903e-02	4.500939e+02	3.926992e-02	
48.000000	20.000000	191.614940	8.925625	5.944669e-01	3.288921e-02	4.502651e+02	4.087650e-02	
48.000000	24.000000	189.101466	781.538637	5.909956e-01	2.774347e-02	4.506214e+02	3.953431e-02	
48.000000	28.000000	186.023854	827.585017	5.770574e-01	3.250138e-02	4.510326e+02	3.960463e-02	
48.000000	32.000000	186.153965	340.374064	5.792903e-01	2.585633e-02	4.512836e+02	3.913256e-02	
48.000000	36.000000	183.382084	65.460129	5.879532e-01	2.599493e-02	4.517738e+02	4.284073e-02	
48.000000	40.000000	184.560735	239.665950	5.709139e-01	2.598902e-02	4.522861e+02	3.833554e-02	
48.000000	44.000000	186.263723	65.120057	5.786205e-01	3.081834e-02	4.527245e+02	3.947544e-02	
48.000000	48.000000	192.474055	6.271865	5.278659e-01	2.866131e-02	4.532142e+02	3.533710e-02	
48.000000	52.000000	203.301157	147.507877	5.081097e-01	2.806993e-02	4.531370e+02	3.289908e-02	
48.000000	56.000000	222.579943	30.434985	5.811723e-01	2.544809e-02	4.527478e+02	3.995871e-02	
48.000000	60.000000	253.748636	17.085391	5.479576e-01	3.002506e-02	4.511925e+02	3.589353e-02	
52.000000	0.000000	278.296806	32.692070	5.686037e-01	2.886039e-02	4.478466e+02	4.679409e-02	
52.000000	4.000000	228.668986	83.868926	5.824846e-01	2.831632e-02	4.478702e+02	4.114511e-02	
52.000000	8.000000	223.281401	711.098102	6.737071e-01	3.358092e-02	4.478990e+02	4.807721e-02	
52.000000	12.000000	217.045068	35.875752	6.391322e-01	3.503747e-02	4.484010e+02	4.302422e-02	
52.000000	16.000000	210.084462	51.068651	6.315865e-01	2.883700e-02	4.492897e+02	4.277833e-02	
52.000000	20.000000	204.609194	8.485962	6.436945e-01	3.674171e-02	4.496429e+02	4.457507e-02	
52.000000	24.000000	200.229844	950.755442	5.956537e-01	3.028256e-02	4.499958e+02	3.896073e-02	
52.000000	28.000000	198.558168	315.882626	6.615080e-01	3.501578e-02	4.502566e+02	4.417824e-02	
52.000000	32.000000	195.405895	9.246073	6.315347e-01	2.707391e-02	4.506258e+02	4.379621e-02	
52.000000	36.000000	194.986275	41.936737	6.246161e-01	3.185142e-02	4.511563e+02	4.125761e-02	
52.000000	40.000000	193.882719	61.509476	6.315024e-01	2.632724e-02	4.516607e+02	4.509753e-02	
52.000000	44.000000	195.307215	27.892591	5.479780e-01	2.562150e-02	4.523322e+02	3.689903e-02	
52.000000	48.000000	201.586697	787.971779	5.773569e-01	2.779409e-02	4.525262e+02	3.925359e-02	
52.000000	52.000000	210.387125	5.599517	5.291252e-01	3.638558e-02	4.529122e+02	3.488877e-02	
52.000000	56.000000	229.026928	6.530431	6.021065e-01	2.828669e-02	4.524147e+02	4.055833e-02	
52.000000	60.000000	259.555240	6.731135	5.954757e-01	2.859053e-02	4.514463e+02	4.017241e-02	
56.000000	0.000000	298.338352	15.650823	5.764957e-01	2.621939e-02	4.486912e+02	3.871677e-02	
56.000000	4.000000	261.547092	876.437843	5.727693e-01	2.908699e-02	4.466636e+02	3.900452e-02	
56.000000	8.000000	254.843003	78.792094	6.129477e-01	2.978276e-02	4.465342e+02	4.141070e-02	
56.000000	12.000000	244.914289	104.672985	5.660049e-01	3.011699e-02	4.471788e+02	3.709250e-02	
56.000000	16.000000	234.668934	624.691326	5.440374e-01	3.053587e-02	4.480035e+02	3.575351e-02	
56.000000	20.000000	226.769932	751.131730	6.308291e-01	2.958966e-02	4.487860e+02	4.239286e-02	
56.000000	24.000000	221.225763	137.720790	5.512936e-01	2.592930e-02	4.492304e+02	3.688090e-02	
56.000000	28.000000	217.449080	64.237357	6.206821e-01	3.303806e-02	4.494528e+02	4.266406e-02	
56.000000	32.000000	214.575195	182.504392	6.506603e-01	4.161562e-02	4.497665e+02	4.678312e-02	
56.000000	36.000000	210.393762	661.495142	5.792619e-01	3.004990e-02	4.503328e+02	3.885999e-02	
56.000000	40.000000	208.332947	90.234902	5.030866e-01	3.233048e-02	4.509714e+02	3.187805e-02	
56.000000	44.000000	210.390910	144.558669	5.597390e-01	2.723415e-02	4.516636e+02	3.810005e-02	
56.000000	48.000000	213.888947	832.765566	5.766368e-01	2.599742e-02	4.517982e+02	4.208332e-02	
56.000000	52.000000	220.952333	104.564909	5.486390e-01	2.482987e-02	4.524456e+02	3.750015e-02	
56.000000	56.000000	238.852284	870.063339	5.398429e-01	3.195968e-02	4.520987e+02	3.525700e-02	
56.000000	60.000000	266.325704	35.746990	5.969650e-01	3.017525e-02	4.513918e+02	4.002627e-02	
60.000000	0.000000	311.403444	982.954355	6.102567e-01	3.159796e-02	4.492010e+02	4.029426e-02	
60.000000	4.000000	456.241069	760.418158	6.075513e-01	3.115904e-02	4.450732e+02	3.995806e-02	
60.000000	8.000000	432.569093	761.107471	5.313955e-01	2.662294e-02	4.451753e+02	3.524942e-02	
60.000000	12.000000	400.857381	728.662170	5.714138e-01	2.903369e-02	4.459201e+02	3.765353e-02	
60.000000	16.000000	366.076504	762.785499	5.658958e-01	3.242819e-02	4.469485e+02	3.824204e-02	
60.000000	20.000000	339.850181	749.782711	6.155404e-01	2.982839e-02	4.478747e+02	4.092864e-02	
60.000000	24.000000	320.690941	732.094931	6.418769e-01	3.899497e-02	4.482678e+02	4.561029e-02	
60.000000	28.000000	305.385576	736.769170	5.640338e-01	2.568956e-02	4.487909e+02	3.887844e-02	
60.000000	32.000000	291.278229	745.075545	5.633302e-01	3.658160e-02	4.491046e+02	4.008523e-02	
60.000000	36.000000	275.536941	786.187751	6.061941e-01	3.103284e-02	4.494906e+02	4.161269e-02	
60.000000	40.000000	260.118277	704.729423	6.186485e-01	3.079181e-02	4.499568e+02	4.093935e-02	
60.000000	44.000000	250.731906	824.653880	5.716895e-01	2.787364e-02	4.504158e+02	3.869080e-02	
60.000000	48.000000	247.954778	584.996688	6.121683e-01	3.080511e-02	4.510258e+02	4.013405e-02	
60.000000	52.000000	251.052584	830.852703	6.425742e-01	3.668092e-02	4.513945e+02	4.464994e-02	
60.000000	56.000000	263.305798	904.890934	6.342183e-01	3.519962e-02	4.514283e+02	4.391563e-02	
60.000000	60.000000	286.515472	908.497673	5.779627e-01	4.327259e-02	4.509888e+02	5.538334e-02	
0.000000	0.000000	332.564614	44.759594	6.195397e-01	3.306870e-02	4.493541e+02	4.154190e-02	
