0.000000	4.000000	104.649868	3.934855	5.303742e-01	3.089357e-02	1.891120e+02	3.406777e-02	
0.000000	8.000000	-817.254399	3.853945	5.873020e-01	2.922451e-02	1.886028e+02	4.012306e-02	
0.000000	12.000000	-27.815537	3.810426	5.914418e-01	3.480901e-02	1.881996e+02	4.090699e-02	
0.000000	16.000000	100.153545	78.242937	4.910459e-01	3.014968e-02	1.880826e+02	3.088377e-02	
0.000000	20.000000	100.948004	2.857330	5.867728e-01	3.263265e-02	1.882435e+02	4.014582e-02	
0.000000	24.000000	115.740587	3.308037	5.557239e-01	2.581189e-02	1.887852e+02	3.754105e-02	
0.000000	28.000000	-1085.722142	1.418383	5.093363e-01	2.578641e-02	1.892518e+02	3.456401e-02	
0.000000	32.000000	1157.646398	101.644089	5.449355e-01	2.516406e-02	1.896437e+02	3.693043e-02	
0.000000	36.000000	101.020118	1.210189	5.190524e-01	2.966298e-02	1.901287e+02	3.310031e-02	
0.000000	40.000000	93.818058	14.813447	5.225870e-01	2.251750e-02	1.905876e+02	3.640365e-02	
0.000000	44.000000	119.777637	1.242839	4.884627e-01	2.860804e-02	1.908474e+02	3.139558e-02	
0.000000	48.000000	139.034691	7.347581	5.715259e-01	2.549898e-02	1.897631e+02	3.902694e-02	
0.000000	52.000000	996.367120	29.656740	5.230707e+02	1.949695e+02	-1.289917e+03	1.168981e+03	
0.000000	56.000000	103.265042	6.374470	5.568583e-01	2.849075e-02	4.449038e+02	3.751489e-02	
0.000000	60.000000	96.451209	7.566887	5.363354e-01	2.513123e-02	4.373215e+02	3.619472e-02	
4.000000	0.000000	86.129481	4.914982	5.507487e-01	2.713279e-02	4.383073e+02	3.747661e-02	
4.000000	4.000000	119.889344	5.659156	5.568152e-01	2.952022e-02	1.890306e+02	3.557129e-02	
4.000000	8.000000	105.684818	5.125210	5.473931e-01	3.013830e-02	1.881371e+02	3.534075e-02	
4.000000	12.000000	105.473882	4.079017	5.568319e-01	2.837892e-02	1.878997e+02	3.732088e-02	
4.000000	16.000000	106.259833	3.190632	5.753887e-01	2.882718e-02	1.878873e+02	3.747251e-02	
4.000000	20.000000	1007.566724	110.072134	5.211698e-01	3.289414e-02	1.879962e+02	3.554164e-02	
4.000000	24.000000	97.928492	2.767790	5.213869e-01	2.224348e-02	1.884267e+02	3.639493e-02	
4.000000	28.000000	114.258775	2.574166	4.845199e-01	3.337467e-02	1.890112e+02	3.114725e-02	
4.000000	32.000000	97.928502	1.537445	5.415802e-01	2.568612e-02	1.892947e+02	3.630301e-02	
4.000000	36.000000	105.734359	1.669505	5.566322e-01	2.820625e-02	1.898418e+02	3.637349e-02	
4.000000	40.000000	112.697803	1.571023	4.961433e-01	2.150564e-02	1.903586e+02	3.514034e-02	
4.000000	44.000000	101.096672	1.919062	5.355391e-01	2.404618e-02	1.906268e+02	3.656256e-02	
4.000000	48.000000	1093.819144	16.034012	4.912522e-01	2.697584e-02	1.897893e+02	3.322548e-02	
4.000000	52.000000	1327.933725	33.943385	5.063661e+02	1.405220e+02	-1.490017e+03	8.532019e+02	
4.000000	56.000000	126.361141	7.146289	6.021212e-01	3.026392e-02	4.459852e+02	3.933543e-02	
4.000000	60.000000	95.212565	4.233861	6.151485e-01	3.160985e-02	4.372892e+02	4.086152e-02	
8.000000	0.000000	894.310429	6.279685	5.576188e-01	2.581862e-02	4.382361e+02	3.745297e-02	
8.000000	4.000000	102.397742	4.102784	5.389696e-01	2.938506e-02	1.887847e+02	3.614341e-02	
8.000000	8.000000	105.061565	3.908155	4.877908e-01	3.247682e-02	1.879767e+02	3.137668e-02	
8.000000	12.000000	105.420936	4.794594	5.498413e-01	2.800523e-02	1.877249e+02	3.726624e-02	
8.000000	16.000000	105.440869	6.742332	5.146599e-01	2.442596e-02	1.876881e+02	3.507421e-02	
8.000000	20.000000	119.815468	2.802856	5.410448e-01	2.905172e-02	1.879328e+02	3.567704e-02	
8.000000	24.000000	69.779480	80.968175	5.350178e-01	2.444804e-02	1.883513e+02	3.610857e-02	
8.000000	28.000000	99.901566	43.512367	5.021678e-01	2.878343e-02	1.888150e+02	3.327599e-02	
8.000000	32.000000	101.542679	21.900359	5.054074e-01	2.416952e-02	1.892733e+02	3.390153e-02	
8.000000	36.000000	101.483348	41.530131	5.180694e-01	2.470260e-02	1.897018e+02	3.552979e-02	
8.000000	40.000000	268.303115	26.137591	5.393451e-01	2.575760e-02	1.902807e+02	3.608032e-02	
8.000000	44.000000	140.680349	196.157896	5.464783e-01	2.504836e-02	1.903862e+02	3.752603e-02	
8.000000	48.000000	-774.972151	3.519756	5.053052e-01	2.063135e-02	1.894647e+02	3.585978e-02	
8.000000	52.000000	-1348.527438	39.721152	5.113663e-01	2.201422e-02	1.866052e+02	3.610602e-02	
8.000000	56.000000	109.475476	5.030452	5.692522e-01	2.840255e-02	4.466837e+02	3.803246e-02	
8.000000	60.000000	101.483290	4.431439	5.798170e-01	3.354787e-02	4.372010e+02	3.971237e-02	
12.000000	0.000000	91.748320	6.303049	6.062871e-01	3.675407e-02	4.381923e+02	4.259140e-02	
12.000000	4.000000	1035.105167	94.749145	5.583519e-01	2.538242e-02	1.884905e+02	3.837941e-02	
12.000000	8.000000	1281.911062	43.099936	5.644376e-01	2.964609e-02	1.877336e+02	3.831808e-02	
12.000000	12.000000	75.262339	97.096974	5.731246e-01	2.730133e-02	1.875705e+02	3.925498e-02	
12.000000	16.000000	128.309822	4.523750	5.343912e-01	2.360243e-02	1.875955e+02	3.685646e-02	
12.000000	20.000000	102.208060	4.746063	5.892879e-01	3.857268e-02	1.878853e+02	4.177954e-02	
12.000000	24.000000	104.738686	2.342060	5.457168e-01	2.643549e-02	1.883161e+02	3.719570e-02	
12.000000	28.000000	67.574618	2.436399	5.681419e-01	2.654940e-02	1.885423e+02	3.895914e-02	
12.000000	32.000000	96.887209	1.938458	5.524466e-01	2.962832e-02	1.889332e+02	3.850321e-02	
12.000000	36.000000	99.839312	2.261729	5.195816e-01	2.170789e-02	1.894853e+02	3.641856e-02	
12.000000	40.000000	119.777634	1.572571	5.140149e-01	2.650078e-02	1.902429e+02	3.477965e-02	
12.000000	44.000000	109.494425	1.475901	4.725728e-01	2.168795e-02	1.903047e+02	3.383782e-02	
12.000000	48.000000	121.010749	2.765049	5.007600e-01	2.065236e-02	1.894240e+02	3.561258e-02	
12.000000	52.000000	130.834559	3.500294	5.398700e-01	2.633751e-02	1.868225e+02	3.622995e-02	
12.000000	56.000000	151.521857	4.911382	5.716364e-01	2.736262e-02	4.476066e+02	3.885712e-02	
12.000000	60.000000	99.779409	5.185625	5.647248e-01	2.600752e-02	4.375094e+02	3.867874e-02	
16.000000	0.000000	94.930519	4.358112	5.326998e-01	2.919928e-02	4.379355e+02	3.440065e-02	
16.000000	4.000000	126.190345	4.172526	4.855557e-01	3.498799e-02	1.880991e+02	3.072550e-02	
16.000000	8.000000	109.467944	4.637734	4.855919e-01	2.344779e-02	1.872793e+02	3.407632e-02	
16.000000	12.000000	109.444853	4.303395	4.928542e-01	3.329702e-02	1.870553e+02	3.076719e-02	
16.000000	16.000000	143.597467	4.001167	5.138608e-01	2.683721e-02	1.871964e+02	3.376479e-02	
16.000000	20.000000	131.089695	5.385278	5.229421e-01	2.387034e-02	1.873410e+02	3.607693e-02	
16.000000	24.000000	117.200581	53.250694	4.945735e-01	3.319116e-02	1.879488e+02	3.096657e-02	
16.000000	28.000000	-594.838224	1.764504	5.415182e-01	2.549607e-02	1.883389e+02	3.705343e-02	
16.000000	32.000000	1092.990732	0.389014	5.522539e-01	3.059699e-02	1.887886e+02	3.718245e-02	
16.000000	36.000000	94.648612	354.296619	5.117199e-01	2.141261e-02	1.895695e+02	3.601474e-02	
16.000000	40.000000	113.625849	226.736620	5.497465e-01	3.564811e-02	1.901124e+02	3.703309e-02	
16.000000	44.000000	107.582129	142.636330	4.902458e-01	3.459890e-02	1.900683e+02	3.089993e-02	
16.000000	48.000000	122.859073	4.953568	5.366298e-01	2.418697e-02	1.893754e+02	3.626554e-02	
16.000000	52.000000	124.809746	6.226330	5.785458e-01	3.420728e-02	1.868175e+02	3.967720e-02	
16.000000	56.000000	116.098835	6.029234	5.609395e-01	3.115361e-02	4.482159e+02	3.793292e-02	
16.000000	60.000000	109.599481	4.710367	5.637154e-01	3.084205e-02	4.380426e+02	3.697860e-02	
20.000000	0.000000	133.197013	299.840257	5.510823e-01	2.568906e-02	4.376036e+02	3.775904e-02	
20.000000	4.000000	243.186741	4.783094	5.669953e-01	3.015300e-02	1.879748e+02	3.684956e-02	
20.000000	8.000000	109.647820	4.322383	5.145691e-01	2.744027e-02	1.871589e+02	3.358435e-02	
20.000000	12.000000	122.614958	4.950386	5.393679e-01	3.027664e-02	1.869137e+02	3.459085e-02	
20.000000	16.000000	111.186929	22.889288	5.328004e-01	3.028900e-02	1.869432e+02	3.393417e-02	
20.000000	20.000000	109.571823	3.863076	5.377695e-01	2.560726e-02	1.872587e+02	3.547990e-02	
20.000000	24.000000	98.934924	3.792087	5.314469e-01	2.422594e-02	1.876436e+02	3.658850e-02	
20.000000	28.000000	104.641362	25.053847	5.310485e-01	2.650778e-02	1.882731e+02	3.603228e-02	
20.000000	32.000000	120.810100	2.306030	5.286860e-01	2.337791e-02	1.886109e+02	3.659946e-02	
20.000000	36.000000	106.708088	2.404394	4.775209e-01	2.445666e-02	1.892476e+02	3.283515e-02	
20.000000	40.000000	103.222979	2.236892	5.362040e-01	3.513264e-02	1.898909e+02	3.556520e-02	
20.000000	44.000000	113.147727	1.976355	4.455364e-01	4.512756e-02	1.900400e+02	2.608398e-02	
20.000000	48.000000	250.938498	3.583047	5.227885e-01	2.249706e-02	1.893916e+02	3.579273e-02	
20.000000	52.000000	134.556908	6.133458	5.530248e-01	2.536189e-02	1.873974e+02	3.769413e-02	
20.000000	56.000000	119.143701	5.632834	4.741026e-01	3.688851e-02	4.490258e+02	3.046039e-02	
20.000000	60.000000	106.275024	5.980863	5.494725e-01	2.863766e-02	4.390869e+02	3.651278e-02	
24.000000	0.000000	112.697798	5.966423	5.681419e-01	2.654669e-02	4.375423e+02	3.895916e-02	
24.000000	4.000000	1541.165842	106.458761	5.728841e-01	4.049414e-02	1.879380e+02	4.092877e-02	
24.000000	8.000000	1227.512217	134.354201	5.111861e-01	3.558127e-02	1.870331e+02	3.534041e-02	
24.000000	12.000000	181.031050	82.174287	5.898320e-01	2.959293e-02	1.869150e+02	3.861564e-02	
24.000000	16.000000	137.835527	67.346564	5.696255e-01	2.561941e-02	1.867850e+02	3.958780e-02	
24.000000	20.000000	109.475475	4.495564	5.402937e-01	2.972271e-02	1.869470e+02	3.630285e-02	
24.000000	24.000000	147.848875	2.977084	5.015706e-01	2.091154e-02	1.874092e+02	3.558315e-02	
24.000000	28.000000	106.660180	3.464670	5.370154e-01	2.853872e-02	1.881805e+02	3.477202e-02	
24.000000	32.000000	119.815447	33.638733	5.814799e-01	2.894598e-02	1.886307e+02	3.968061e-02	
24.000000	36.000000	106.400849	2.065703	5.388544e-01	2.841662e-02	1.892045e+02	3.525185e-02	
24.000000	40.000000	778.561018	21.241525	5.351714e-01	2.614577e-02	1.897763e+02	3.544367e-02	
24.000000	44.000000	137.156845	122.754016	4.713933e-01	3.199039e-02	1.901352e+02	3.068118e-02	
24.000000	48.000000	145.900674	3.201079	5.455125e-01	2.409131e-02	1.895332e+02	3.756112e-02	
24.000000	52.000000	151.786940	5.521426	5.234218e-01	2.278988e-02	1.876020e+02	3.638883e-02	
24.000000	56.000000	125.922644	6.266501	5.284457e-01	2.536994e-02	4.497166e+02	3.546867e-02	
24.000000	60.000000	123.627322	6.489334	5.786125e-01	3.373741e-02	4.399969e+02	4.222170e-02	
28.000000	0.000000	143.271155	6.809174	5.511081e-01	2.462806e-02	4.375000e+02	3.796504e-02	
28.000000	4.000000	116.098832	27.930678	5.779211e-01	2.638770e-02	1.876778e+02	3.879715e-02	
28.000000	8.000000	124.789114	35.531476	5.365721e-01	2.808604e-02	1.867579e+02	3.615446e-02	
28.000000	12.000000	129.568309	50.562538	5.581072e-01	2.704538e-02	1.866598e+02	3.808685e-02	
28.000000	16.000000	115.162824	5.244647	5.112604e-01	2.247942e-02	1.866376e+02	3.569662e-02	
28.000000	20.000000	1353.705729	97.867972	5.681451e-01	3.152664e-02	1.867785e+02	3.848441e-02	
28.000000	24.000000	108.545831	3.852970	5.568083e-01	3.241354e-02	1.871796e+02	3.753487e-02	
28.000000	28.000000	-995.251600	2.303098	4.954812e-01	1.997164e-02	1.875561e+02	3.536271e-02	
28.000000	32.000000	145.715147	184.271288	5.746774e-01	2.700558e-02	1.884084e+02	3.877643e-02	
28.000000	36.000000	144.976885	134.799338	5.528420e-01	3.625365e-02	1.888953e+02	3.737822e-02	
28.000000	40.000000	110.028554	2.340575	5.561545e-01	2.585923e-02	1.893962e+02	3.812421e-02	
28.000000	44.000000	112.234401	2.151761	5.103021e-01	3.071071e-02	1.900057e+02	3.206474e-02	
28.000000	48.000000	165.833365	68.027680	5.920714e-01	2.933695e-02	1.894577e+02	4.057336e-02	
28.000000	52.000000	163.798760	10.371784	5.391648e-01	2.865458e-02	1.879008e+02	3.474883e-02	
28.000000	56.000000	167.648643	745.769741	4.733817e-01	2.989861e-02	4.501477e+02	3.006701e-02	
28.000000	60.000000	114.257998	7.521164	5.669641e-01	2.575710e-02	4.412553e+02	3.820138e-02	
32.000000	0.000000	118.223958	5.436653	5.624257e-01	3.102046e-02	4.370116e+02	3.751861e-02	
32.000000	4.000000	156.539360	4.959002	5.191763e-01	2.347605e-02	1.873519e+02	3.563467e-02	
32.000000	8.000000	157.236557	6.661352	5.507768e-01	2.461949e-02	1.865190e+02	3.794177e-02	
32.000000	12.000000	29.535277	105.464370	5.644098e-01	2.603563e-02	1.862462e+02	3.833665e-02	
32.000000	16.000000	-799.399014	5.782637	3.025195e+02	2.524571e+02	-7.158075e+02	1.233986e+02	
32.000000	20.000000	-1001.528783	33.534313	2.465919e+02	2.371747e+02	-4.160631e+02	1.242945e+02	
32.000000	24.000000	1007.527973	549.301066	5.607775e-01	4.354521e-02	1.869860e+02	4.111841e-02	
32.000000	28.000000	110.292139	2.605781	5.390688e-01	2.448587e-02	1.874157e+02	3.698038e-02	
32.000000	32.000000	122.572810	3.836258	5.741848e-01	4.341595e-02	1.879765e+02	4.267088e-02	
32.000000	36.000000	109.475476	181.025867	5.162136e-01	2.221504e-02	1.886030e+02	3.607321e-02	
32.000000	40.000000	109.575849	2.387488	5.167318e-01	2.513982e-02	1.892624e+02	3.434053e-02	
32.000000	44.000000	112.861223	31.414878	5.302849e-01	2.773317e-02	1.897814e+02	3.443649e-02	
32.000000	48.000000	132.119626	2.820664	5.186525e-01	2.170139e-02	1.894656e+02	3.635992e-02	
32.000000	52.000000	-565.578864	6.048248	5.311299e-01	3.208309e-02	1.878471e+02	3.513002e-02	
32.000000	56.000000	1631.365941	5.892663	5.645873e-01	3.174167e-02	4.507921e+02	3.816553e-02	
32.000000	60.000000	119.122939	6.560329	6.152266e-01	3.329824e-02	4.426414e+02	4.235833e-02	
36.000000	0.000000	123.655077	5.396257	6.043619e-01	3.153081e-02	4.363869e+02	4.151047e-02	
36.000000	4.000000	121.154774	7.161775	5.229421e-01	2.387126e-02	1.866590e+02	3.607796e-02	
36.000000	8.000000	1175.286635	6.720437	7.998989e+02	4.743005e+02	-7.552034e+02	3.112563e+03	
36.000000	12.000000	1212.030268	23.836749	2.027862e+01	3.408468e-01	3.173721e+02	6.641513e-01	
36.000000	16.000000	1557.125656	5.399848	5.448960e+02	4.184599e+02	1.965928e+03	2.852487e+03	
36.000000	20.000000	-1410.409931	4.826562	2.547286e+01	5.839794e+00	3.186529e+02	1.157929e+00	
36.000000	24.000000	-628.697127	4.874343	5.944769e-01	2.962861e-02	1.865236e+02	4.083695e-02	
36.000000	28.000000	-652.245538	3.227215	4.996939e-01	2.672787e-02	1.872218e+02	3.378113e-02	
36.000000	32.000000	138.261864	43.796541	5.605402e-01	2.572540e-02	1.875425e+02	3.849085e-02	
36.000000	36.000000	109.166289	46.549605	5.351983e-01	3.164085e-02	1.881411e+02	3.480836e-02	
36.000000	40.000000	-1016.439680	2.305886	4.368729e-01	3.584734e-02	1.890918e+02	2.640960e-02	
36.000000	44.000000	138.504516	211.065712	5.224460e-01	2.357164e-02	1.892969e+02	3.361407e-02	
36.000000	48.000000	142.042220	3.127965	4.937786e-01	2.457119e-02	1.892606e+02	3.401240e-02	
36.000000	52.000000	156.526919	8.643911	5.811810e-01	3.468399e-02	1.878225e+02	3.998534e-02	
36.000000	56.000000	155.149492	5.653442	5.139825e-01	2.879619e-02	4.511753e+02	3.319658e-02	
36.000000	60.000000	142.872866	8.123139	5.648387e-01	3.093093e-02	4.438938e+02	3.691789e-02	
40.000000	0.000000	135.169069	11.156596	5.245003e-01	2.659791e-02	4.361271e+02	3.444152e-02	
40.000000	4.000000	-1215.932639	9.491562	3.019336e+02	2.534423e+02	-5.737153e+02	6.226476e+02	
40.000000	8.000000	1491.807041	6.363294	3.438268e+00	8.553689e+02	1.961813e+02	4.725420e+02	
40.000000	12.000000	103.248778	5.004322	2.070745e+01	5.669165e-01	3.159815e+02	8.088906e-01	
40.000000	16.000000	154.547140	93.997147	2.003565e+01	3.009570e-01	3.192795e+02	3.847059e-01	
40.000000	20.000000	150.878656	127.093569	2.500681e+01	8.209584e-01	3.157686e+02	8.380887e-01	
40.000000	24.000000	313.560102	3.965824	3.382030e+01	2.118314e+00	3.058754e+02	1.994422e+00	
40.000000	28.000000	140.513419	4.261208	5.639450e-01	2.837426e-02	1.867611e+02	3.714229e-02	
40.000000	32.000000	117.035868	2.747801	5.446291e-01	2.854561e-02	1.871917e+02	3.556287e-02	
40.000000	36.000000	113.404040	185.697125	5.082752e-01	3.049788e-02	1.879439e+02	3.163839e-02	
40.000000	40.000000	114.416163	2.854082	5.264444e-01	2.335345e-02	1.886207e+02	3.645028e-02	
40.000000	44.000000	121.010741	13.554136	5.018982e-01	2.934970e-02	1.891715e+02	3.230238e-02	
40.000000	48.000000	169.135481	2.662620	4.662628e-01	3.191762e-02	1.891004e+02	2.868869e-02	
40.000000	52.000000	135.199591	5.620698	5.173109e-01	3.140412e-02	1.880527e+02	3.284872e-02	
40.000000	56.000000	158.797814	5.451035	5.547214e-01	2.815104e-02	4.518755e+02	3.638413e-02	
40.000000	60.000000	127.632483	6.682117	5.477395e-01	3.030651e-02	4.451385e+02	3.553620e-02	
44.000000	0.000000	144.605508	5.865381	5.239696e-01	2.333192e-02	4.356305e+02	3.628733e-02	
44.000000	4.000000	167.301810	5.701645	4.124871e+02	2.066189e+02	-1.050544e+03	1.383453e+03	
44.000000	8.000000	160.351426	6.649295	7.830071e+02	1.241795e+02	2.517942e+03	8.874671e+02	
44.000000	12.000000	159.117582	6.988096	5.628949e-01	2.636523e-02	4.514756e+02	3.933881e-02	
44.000000	16.000000	156.308205	98.779620	5.111791e+00	4.734223e+02	4.464439e+02	7.915406e+02	
44.000000	20.000000	118.054622	8.024071	3.447443e+02	7.840862e+01	1.629808e+03	4.437533e+02	
44.000000	24.000000	156.807736	87.452206	1.213008e+03	7.926376e+02	-2.046604e+03	6.596739e+03	
44.000000	28.000000	161.979236	211.589272	3.202438e+02	1.740068e+02	-1.424956e+02	5.711539e+02	
44.000000	32.000000	134.612359	3.104240	5.439320e-01	2.391372e-02	1.865000e+02	3.757453e-02	
44.000000	36.000000	1042.407136	1.382250	4.554686e-01	2.060386e-02	1.873218e+02	3.426095e-02	
44.000000	40.000000	120.034641	2.924722	5.032060e-01	2.912855e-02	1.880927e+02	3.248332e-02	
44.000000	44.000000	92.102989	63.045676	4.810092e-01	5.691553e-02	1.889370e+02	3.692015e-02	
44.000000	48.000000	126.567489	202.370364	4.980582e-01	2.890018e-02	1.888772e+02	3.182347e-02	
44.000000	52.000000	-476.331224	80.277464	5.587854e-01	2.578098e-02	1.882322e+02	3.762127e-02	
44.000000	56.000000	195.203926	6.292164	2.473470e+02	2.377460e+02	7.834251e+02	1.861116e+02	
44.000000	60.000000	698.828336	505.624626	5.812211e-01	2.969271e-02	4.463313e+02	3.971388e-02	
48.000000	0.000000	161.415340	10.359333	5.680145e-01	3.079782e-02	4.360369e+02	3.950785e-02	
48.000000	4.000000	93.026028	31.694002	3.037671e+01	1.442158e+00	3.271679e+02	1.055956e+00	
48.000000	8.000000	129.777089	38.677450	5.337455e-01	2.718475e-02	4.512585e+02	3.543039e-02	
48.000000	12.000000	-1020.414244	7.262278	5.514708e-01	3.173051e-02	4.511387e+02	3.621893e-02	
48.000000	16.000000	1130.275819	74.378914	5.691928e-01	3.508906e-02	4.509849e+02	4.442100e-02	
48.000000	20.000000	84.921355	235.437831	5.886171e-01	2.945099e-02	4.513968e+02	4.030650e-02	
48.000000	24.000000	-659.042873	5.541843	1.946012e+01	4.784859e-01	3.187064e+02	5.817822e-01	
48.000000	28.000000	80.979352	35.336687	2.157515e+01	5.843345e-01	3.147067e+02	8.706164e-01	
48.000000	32.000000	1157.523203	548.291625	4.715325e-01	2.713939e-02	1.861944e+02	3.165558e-02	
48.000000	36.000000	138.442521	48.852783	5.562422e-01	2.819876e-02	1.868941e+02	3.695481e-02	
48.000000	40.000000	166.152407	88.425529	5.322407e-01	2.742495e-02	1.877494e+02	3.593197e-02	
48.000000	44.000000	153.051415	3.672773	5.288661e-01	2.299411e-02	1.885866e+02	3.661517e-02	
48.000000	48.000000	179.618314	72.661208	5.609423e-01	3.793502e-02	1.889120e+02	3.868643e-02	
48.000000	52.000000	179.356515	5.785681	5.128326e-01	2.891687e-02	1.880884e+02	3.432236e-02	
48.000000	56.000000	114.976646	6.920805	2.926850e+01	1.280043e+00	3.178919e+02	5.246904e-01	
48.000000	60.000000	158.840555	6.691848	5.835160e-01	2.890721e-02	4.476079e+02	3.993342e-02	
52.000000	0.000000	106.438416	13.467693	5.817167e-01	3.582831e-02	4.378460e+02	4.025221e-02	
52.000000	4.000000	178.118711	203.970567	1.757813e+02	1.734430e+02	7.644176e+02	1.247061e+02	
52.000000	8.000000	107.193025	11.914858	5.596127e-01	2.796777e-02	4.506922e+02	3.808196e-02	
52.000000	12.000000	183.818356	689.861578	5.289114e-01	2.279613e-02	4.504940e+02	3.672206e-02	
52.000000	16.000000	161.906124	172.037838	5.732650e-01	2.702789e-02	4.504812e+02	3.929828e-02	
52.000000	20.000000	171.571414	30.931760	5.889722e-01	2.550841e-02	4.507539e+02	4.165976e-02	
52.000000	24.000000	89.228374	13.172245	5.268337e-01	2.530428e-02	4.512998e+02	3.599333e-02	
52.000000	28.000000	164.204304	891.647455	2.389873e+01	1.661641e+00	3.206023e+02	8.134210e-01	
52.000000	32.000000	1622.592472	5.165135	2.370702e+01	5.619543e-01	3.174877e+02	4.402545e-01	
52.000000	36.000000	-1128.206957	3.710499	5.077763e-01	2.130546e-02	1.864106e+02	3.572349e-02	
52.000000	40.000000	-161.214809	2.983379	5.258014e-01	2.577014e-02	1.872910e+02	3.526480e-02	
52.000000	44.000000	159.695442	213.137320	5.081687e-01	3.215414e-02	1.880779e+02	3.213888e-02	
52.000000	48.000000	183.938944	0.803396	5.140379e-01	2.220982e-02	1.886130e+02	3.593961e-02	
52.000000	52.000000	166.008364	43.919961	5.132893e-01	2.870698e-02	1.880948e+02	3.418370e-02	
52.000000	56.000000	1328.587686	1096.723390	3.759757e+02	7.572675e+01	-1.182088e+03	5.363188e+02	
52.000000	60.000000	107.213591	19.007279	5.566940e-01	2.969754e-02	4.491124e+02	3.601815e-02	
56.000000	0.000000	164.895893	13.665893	5.239990e-01	3.382746e-02	4.399436e+02	3.503207e-02	
56.000000	4.000000	202.010830	810.718979	5.743718e-01	2.795947e-02	4.508096e+02	3.791068e-02	
56.000000	8.000000	207.272334	264.245647	5.855673e-01	3.274611e-02	4.500499e+02	4.000291e-02	
56.000000	12.000000	1643.255322	933.627055	5.489645e-01	3.224733e-02	4.498292e+02	3.679840e-02	
56.000000	16.000000	196.892669	528.059858	5.354357e-01	3.187330e-02	4.499319e+02	3.490142e-02	
56.000000	20.000000	1998.358288	65.420612	5.116211e-01	3.041783e-02	4.500194e+02	3.209262e-02	
56.000000	24.000000	165.195087	935.254271	5.445087e-01	2.555788e-02	4.506515e+02	3.727244e-02	
56.000000	28.000000	127.016223	42.733684	5.576425e-01	2.562972e-02	4.514428e+02	3.846855e-02	
56.000000	32.000000	337.241324	831.287812	2.533589e+01	1.219305e+00	3.169328e+02	7.223560e-01	
56.000000	36.000000	717.154766	5.404583	1.931724e+01	2.862153e-01	3.171278e+02	4.469694e-01	
56.000000	40.000000	1445.634552	25.216506	5.694215e-01	3.176504e-02	1.867797e+02	3.868184e-02	
56.000000	44.000000	142.175879	4.240543	5.558383e-01	2.785698e-02	1.877016e+02	3.778445e-02	
56.000000	48.000000	177.029559	51.117275	5.284457e-01	2.536865e-02	1.882834e+02	3.546760e-02	
56.000000	52.000000	189.515947	5.653172	5.548093e-01	2.919947e-02	1.880637e+02	3.575275e-02	
56.000000	56.000000	-1239.085041	10.878726	5.365420e-01	2.347467e-02	1.865484e+02	3.731981e-02	
56.000000	60.000000	1945.596432	10.515743	5.223885e-01	2.470842e-02	4.503083e+02	3.582367e-02	
60.000000	0.000000	161.556507	20.322614	5.653055e-01	2.974245e-02	4.430561e+02	3.645447e-02	
60.000000	4.000000	391.432261	569.868573	6.968289e-01	3.789867e-02	4.510109e+02	4.952315e-02	
60.000000	8.000000	-2161.316779	633.000068	5.922234e-01	2.918733e-02	4.505047e+02	4.049978e-02	
60.000000	12.000000	186.475598	722.249560	5.584088e-01	2.822949e-02	4.502939e+02	3.794925e-02	
60.000000	16.000000	185.925262	728.370004	5.778514e-01	2.592751e-02	4.502875e+02	3.895063e-02	
60.000000	20.000000	105.287945	750.242301	5.807154e-01	2.728386e-02	4.506006e+02	3.911162e-02	
60.000000	24.000000	150.818514	293.391019	5.599655e-01	2.770053e-02	4.513249e+02	3.832943e-02	
60.000000	28.000000	156.787656	761.502157	1.280851e+03	7.560029e+02	-1.400178e+03	1.893628e+03	
60.000000	32.000000	-1317.179604	712.524629	1.915794e+01	5.575670e-01	3.177457e+02	8.100515e-01	
60.000000	36.000000	246.444140	638.487812	1.744548e+02	1.525656e+02	-1.218363e+02	1.582919e+02	
60.000000	40.000000	324.136209	130.589007	5.175848e-01	3.742725e-02	1.869284e+02	3.368624e-02	
60.000000	44.000000	201.512245	63.063224	5.388457e-01	2.434147e-02	1.873855e+02	3.710225e-02	
60.000000	48.000000	-1279.472313	189.097504	5.372636e-01	2.565582e-02	1.877151e+02	3.598451e-02	
60.000000	52.000000	114.237923	774.455438	5.465054e-01	2.411581e-02	1.875047e+02	3.762969e-02	
60.000000	56.000000	2115.322327	89.857292	5.316958e-01	2.406632e-02	1.866263e+02	3.692421e-02	
60.000000	60.000000	149.282189	36.789770	5.602676e-01	3.329657e-02	4.510663e+02	3.817304e-02	
0.000000	0.000000	135.073851	646.467098	5.881386e-01	2.851827e-02	4.458648e+02	4.221721e-02	
