0.000000	4.000000	140.812957	4.783236	5.479365e-01	2.872884e-02	1.978746e+02	4.200292e-02	
0.000000	8.000000	140.804895	3.732209	5.767310e-01	2.553212e-02	1.972456e+02	3.957421e-02	
0.000000	12.000000	140.005779	4.501953	5.725937e-01	2.832231e-02	1.972206e+02	3.775449e-02	
0.000000	16.000000	137.036789	17.955981	5.199805e-01	2.959531e-02	1.972004e+02	3.413137e-02	
0.000000	20.000000	134.504736	5.028078	5.422362e-01	2.537874e-02	1.973269e+02	3.654844e-02	
0.000000	24.000000	134.552092	3.722883	5.950966e-01	3.025473e-02	1.975991e+02	4.087710e-02	
0.000000	28.000000	129.202510	5.355960	5.853035e-01	2.931762e-02	1.979144e+02	3.988823e-02	
0.000000	32.000000	128.247821	2.929223	5.689406e-01	2.672180e-02	1.976699e+02	3.811384e-02	
0.000000	36.000000	128.302198	2.666316	5.501431e-01	2.845975e-02	1.981475e+02	3.586329e-02	
0.000000	40.000000	130.698977	90.070427	5.631331e-01	2.622615e-02	1.984338e+02	3.870571e-02	
0.000000	44.000000	135.820980	178.736269	5.532323e-01	2.522610e-02	1.985757e+02	3.801157e-02	
0.000000	48.000000	153.302925	2.491089	5.333245e-01	2.644859e-02	1.977962e+02	3.540654e-02	
0.000000	52.000000	165.805801	22.390557	5.440612e-01	2.582914e-02	1.933345e+02	3.718250e-02	
0.000000	56.000000	152.188431	6.913073	3.681441e+02	9.707723e+01	-8.770195e+02	5.974443e+02	
0.000000	60.000000	139.152872	908.920980	5.663277e-01	2.634183e-02	4.534716e+02	3.893975e-02	
4.000000	0.000000	134.577477	7.189506	5.955884e-01	2.952853e-02	4.546834e+02	3.970122e-02	
4.000000	4.000000	140.801695	12.366283	6.049511e-01	3.219101e-02	1.976508e+02	4.160191e-02	
4.000000	8.000000	140.805462	10.437842	5.282533e-01	2.710769e-02	1.968580e+02	3.535352e-02	
4.000000	12.000000	140.808490	5.202656	5.999653e-01	2.578751e-02	1.967499e+02	4.400312e-02	
4.000000	16.000000	140.810169	4.226177	5.756468e-01	2.772069e-02	1.964808e+02	3.884427e-02	
4.000000	20.000000	135.958688	16.032403	5.805148e-01	3.104475e-02	1.968393e+02	5.327587e-02	
4.000000	24.000000	134.504906	153.561794	5.785072e-01	2.809887e-02	1.975892e+02	3.959828e-02	
4.000000	28.000000	132.967480	85.118886	5.867245e-01	2.631777e-02	1.976806e+02	3.952800e-02	
4.000000	32.000000	129.604661	46.751177	5.567865e-01	2.848579e-02	1.977200e+02	3.778234e-02	
4.000000	36.000000	129.464081	141.811087	5.049990e-01	2.803288e-02	1.981484e+02	3.265594e-02	
4.000000	40.000000	134.504654	2.176898	5.332193e-01	2.759354e-02	1.982497e+02	3.606649e-02	
4.000000	44.000000	140.115328	1.612198	5.478690e-01	2.606453e-02	1.982157e+02	3.672318e-02	
4.000000	48.000000	153.299975	2.617399	5.813438e-01	2.794353e-02	1.974906e+02	3.983370e-02	
4.000000	52.000000	170.536905	5.045785	5.267231e-01	3.096314e-02	1.941207e+02	3.381516e-02	
4.000000	56.000000	157.970646	571.370861	5.782778e-01	3.035010e-02	1.867068e+02	3.954098e-02	
4.000000	60.000000	140.805568	10.127051	6.359832e-01	2.819170e-02	4.534521e+02	4.231550e-02	
8.000000	0.000000	134.559927	6.162974	6.334148e-01	3.930694e-02	4.547807e+02	4.542149e-02	
8.000000	4.000000	141.517272	6.966009	5.529576e-01	2.526598e-02	1.974634e+02	3.790058e-02	
8.000000	8.000000	140.803956	6.663441	5.724776e-01	2.788050e-02	1.968324e+02	3.796635e-02	
8.000000	12.000000	140.801138	6.126302	6.027610e-01	2.984746e-02	1.964978e+02	4.078347e-02	
8.000000	16.000000	140.804260	14.509170	5.670836e-01	2.706437e-02	1.963919e+02	3.880528e-02	
8.000000	20.000000	140.812927	3.423025	5.785897e-01	2.884023e-02	1.966365e+02	3.963763e-02	
8.000000	24.000000	134.542408	5.153547	6.050104e-01	2.695992e-02	1.973577e+02	4.092959e-02	
8.000000	28.000000	134.552992	4.043971	5.427147e-01	2.654609e-02	1.978393e+02	3.719527e-02	
8.000000	32.000000	133.664065	3.187329	4.955457e-01	3.287336e-02	1.979718e+02	3.360181e-02	
8.000000	36.000000	134.606934	3.141564	6.032637e-01	2.978289e-02	1.981097e+02	3.983296e-02	
8.000000	40.000000	134.549626	27.466349	6.095810e-01	2.900374e-02	1.984381e+02	4.112332e-02	
8.000000	44.000000	140.809899	1.815131	5.759811e-01	2.879207e-02	1.981118e+02	4.105752e-02	
8.000000	48.000000	153.279371	2.768751	5.370232e-01	2.336077e-02	1.974711e+02	3.728701e-02	
8.000000	52.000000	172.038631	4.565881	5.357645e-01	2.890998e-02	1.941178e+02	3.444926e-02	
8.000000	56.000000	159.545188	6.654676	5.466432e-01	2.947087e-02	1.869550e+02	3.507224e-02	
8.000000	60.000000	140.799572	5.404544	5.738099e-01	2.772160e-02	4.535643e+02	3.908733e-02	
12.000000	0.000000	139.142469	911.571477	6.308787e-01	3.461258e-02	4.544428e+02	4.360785e-02	
12.000000	4.000000	146.195688	92.463821	5.842648e-01	2.918401e-02	1.973210e+02	3.899453e-02	
12.000000	8.000000	145.249476	183.677920	6.213141e-01	3.510802e-02	1.966863e+02	4.325234e-02	
12.000000	12.000000	143.535270	1091.308792	6.108789e-01	2.911438e-02	1.964379e+02	4.130688e-02	
12.000000	16.000000	140.856685	6.560855	5.761408e-01	3.250140e-02	1.959992e+02	4.063642e-02	
12.000000	20.000000	140.805579	15.619081	6.825443e-01	4.278604e-02	1.964950e+02	4.831002e-02	
12.000000	24.000000	139.190538	3.767612	5.115604e-01	3.078232e-02	1.971561e+02	3.295179e-02	
12.000000	28.000000	134.553041	4.927345	5.603927e-01	3.307276e-02	1.978265e+02	3.796691e-02	
12.000000	32.000000	134.504799	4.691418	5.119899e-01	3.541979e-02	1.979131e+02	3.410334e-02	
12.000000	36.000000	134.554310	4.204795	5.351820e-01	2.847798e-02	1.981114e+02	3.888893e-02	
12.000000	40.000000	134.504941	3.074651	4.606514e-01	3.590569e-02	1.980985e+02	2.901278e-02	
12.000000	44.000000	140.768717	24.837860	5.330453e-01	3.730640e-02	1.979307e+02	5.003876e-02	
12.000000	48.000000	153.304261	5.904305	5.720402e-01	2.697321e-02	1.974361e+02	3.880375e-02	
12.000000	52.000000	172.322743	6.147474	5.692333e-01	2.658867e-02	1.944765e+02	3.903942e-02	
12.000000	56.000000	165.807849	11.264411	5.163606e-01	2.700994e-02	1.878085e+02	3.396905e-02	
12.000000	60.000000	147.051895	7.325479	5.828181e-01	2.823751e-02	4.534618e+02	3.920751e-02	
16.000000	0.000000	140.805876	7.463501	6.233262e-01	3.074723e-02	4.543542e+02	4.172508e-02	
16.000000	4.000000	147.045230	15.379629	5.494330e-01	2.735542e-02	1.971424e+02	4.011727e-02	
16.000000	8.000000	147.053918	14.235207	6.033944e-01	3.073099e-02	1.964953e+02	4.149248e-02	
16.000000	12.000000	147.046710	9.612698	5.140283e-01	3.529937e-02	1.960824e+02	3.435019e-02	
16.000000	16.000000	146.034947	143.697223	5.296807e-01	3.833239e-02	1.959380e+02	5.014544e-02	
16.000000	20.000000	142.054349	153.467387	5.701156e-01	2.909396e-02	1.959011e+02	3.724386e-02	
16.000000	24.000000	140.815494	5.253202	5.805878e-01	2.561577e-02	1.967769e+02	4.132749e-02	
16.000000	28.000000	137.466577	148.041011	5.340640e-01	3.165024e-02	1.971442e+02	3.479280e-02	
16.000000	32.000000	134.555645	4.116152	5.846298e-01	2.867027e-02	1.974249e+02	4.003469e-02	
16.000000	36.000000	134.504898	4.016569	5.990298e-01	3.152827e-02	1.976552e+02	4.111968e-02	
16.000000	40.000000	137.189792	158.359729	5.245457e-01	3.543709e-02	1.979007e+02	3.442677e-02	
16.000000	44.000000	140.804184	3.181272	5.774749e-01	2.898958e-02	1.978919e+02	3.795569e-02	
16.000000	48.000000	153.302268	3.281701	5.258076e-01	5.384578e-02	1.970760e+02	4.407845e-02	
16.000000	52.000000	176.706868	8.145595	6.477302e-01	3.698780e-02	1.945241e+02	4.501446e-02	
16.000000	56.000000	170.174599	1018.282954	5.692380e-01	2.620236e-02	1.886924e+02	3.816313e-02	
16.000000	60.000000	147.055222	6.101048	5.786067e-01	2.837027e-02	4.534308e+02	3.947029e-02	
20.000000	0.000000	142.244659	9.343741	6.061009e-01	2.834215e-02	4.544102e+02	4.093612e-02	
20.000000	4.000000	148.428687	10.240834	6.033166e-01	2.790090e-02	1.966150e+02	4.035291e-02	
20.000000	8.000000	148.253766	9.182670	5.454500e-01	2.848095e-02	1.961232e+02	3.537243e-02	
20.000000	12.000000	147.864496	9.038377	5.778731e-01	2.988083e-02	1.960084e+02	3.755526e-02	
20.000000	16.000000	147.055734	6.261585	5.709945e-01	3.028749e-02	1.959132e+02	3.720420e-02	
20.000000	20.000000	147.055670	5.339383	6.430036e-01	3.376270e-02	1.961715e+02	4.280890e-02	
20.000000	24.000000	140.809930	5.604396	6.147558e-01	3.332330e-02	1.966378e+02	4.249443e-02	
20.000000	28.000000	140.801462	2.741491	5.471121e-01	2.953409e-02	1.970432e+02	3.520444e-02	
20.000000	32.000000	139.225441	3.883032	5.648505e-01	2.797877e-02	1.973390e+02	3.798519e-02	
20.000000	36.000000	138.567319	4.172858	5.522853e-01	2.492877e-02	1.975521e+02	3.799599e-02	
20.000000	40.000000	140.800238	2.291360	5.533062e-01	2.595012e-02	1.977745e+02	3.719042e-02	
20.000000	44.000000	145.392469	76.772858	5.863925e-01	2.994217e-02	1.980254e+02	3.827040e-02	
20.000000	48.000000	154.047359	117.187101	5.970440e-01	3.176677e-02	1.971256e+02	3.947862e-02	
20.000000	52.000000	178.295169	8.213201	5.560182e-01	2.603002e-02	1.947352e+02	3.725295e-02	
20.000000	56.000000	172.589884	10.884947	5.074779e-01	2.332421e-02	1.893188e+02	3.523109e-02	
20.000000	60.000000	153.295307	7.162420	5.574521e-01	2.825017e-02	4.531569e+02	3.652237e-02	
24.000000	0.000000	147.055433	12.436523	5.921906e-01	2.821803e-02	4.542358e+02	3.932301e-02	
24.000000	4.000000	153.305514	6.365600	5.732693e-01	2.921483e-02	1.966834e+02	3.917901e-02	
24.000000	8.000000	153.301344	6.151742	5.658698e-01	2.816409e-02	1.958107e+02	3.717034e-02	
24.000000	12.000000	153.302838	6.241669	5.474282e-01	2.765011e-02	1.957205e+02	3.712215e-02	
24.000000	16.000000	151.168303	20.884803	6.595906e-01	3.897599e-02	1.955343e+02	4.618742e-02	
24.000000	20.000000	147.073618	6.239785	5.365123e-01	3.186751e-02	1.959339e+02	3.505475e-02	
24.000000	24.000000	145.919208	75.293789	5.653121e-01	2.598581e-02	1.967194e+02	3.789144e-02	
24.000000	28.000000	140.798797	5.747311	5.356541e-01	2.988037e-02	1.970404e+02	3.405725e-02	
24.000000	32.000000	140.768403	3.459728	6.420596e-01	3.236707e-02	1.969409e+02	4.251929e-02	
24.000000	36.000000	140.804161	2.684798	4.723235e-01	2.738309e-02	1.971944e+02	3.152080e-02	
24.000000	40.000000	140.768499	4.135606	5.459651e-01	2.508549e-02	1.975699e+02	3.746191e-02	
24.000000	44.000000	147.055428	3.116114	5.778731e-01	2.988102e-02	1.979916e+02	3.755549e-02	
24.000000	48.000000	158.049213	81.500077	5.588435e-01	2.750929e-02	1.973256e+02	3.817089e-02	
24.000000	52.000000	178.302424	8.276652	5.400791e-01	3.279212e-02	1.951365e+02	3.566573e-02	
24.000000	56.000000	178.301311	6.287963	4.884627e-01	2.860804e-02	1.898474e+02	3.139558e-02	
24.000000	60.000000	155.786793	11.276892	5.518225e-01	2.509214e-02	4.534839e+02	3.785280e-02	
28.000000	0.000000	148.615879	946.611070	5.140163e-01	3.438114e-02	4.540469e+02	4.032412e-02	
28.000000	4.000000	154.019128	8.957032	5.715272e-01	2.793375e-02	1.961716e+02	3.782304e-02	
28.000000	8.000000	153.337210	8.921268	6.058438e-01	3.179790e-02	1.956136e+02	4.171926e-02	
28.000000	12.000000	153.297328	8.746112	5.785072e-01	2.809884e-02	1.954108e+02	3.959838e-02	
28.000000	16.000000	153.296475	12.548856	5.381866e-01	3.037107e-02	1.951929e+02	3.594883e-02	
28.000000	20.000000	151.547306	5.314088	5.821839e-01	2.689911e-02	1.956416e+02	3.911027e-02	
28.000000	24.000000	147.051909	18.004352	5.663244e-01	2.662512e-02	1.961738e+02	4.196000e-02	
28.000000	28.000000	145.392471	814.533148	5.131406e-01	2.845644e-02	1.971026e+02	3.389949e-02	
28.000000	32.000000	140.800579	5.101207	5.451622e-01	3.519537e-02	1.969072e+02	5.110352e-02	
28.000000	36.000000	140.801715	4.496154	6.727066e-01	3.306773e-02	1.972698e+02	4.524529e-02	
28.000000	40.000000	141.455467	68.795788	5.670353e-01	2.636753e-02	1.975000e+02	3.899059e-02	
28.000000	44.000000	147.051770	4.971787	5.901963e-01	2.797175e-02	1.977816e+02	3.923798e-02	
28.000000	48.000000	159.557058	4.382767	6.685321e-01	2.847838e-02	1.974279e+02	4.856103e-02	
28.000000	52.000000	178.303394	7.317033	5.476320e-01	2.585562e-02	1.953367e+02	3.690082e-02	
28.000000	56.000000	184.554955	5.869518	6.153933e-01	4.414477e-02	1.909379e+02	4.721236e-02	
28.000000	60.000000	160.245036	9.901935	5.894431e-01	2.966648e-02	4.544774e+02	3.995282e-02	
32.000000	0.000000	153.299479	9.025408	5.738528e-01	2.717496e-02	4.535449e+02	3.896853e-02	
32.000000	4.000000	159.555420	10.784610	5.923857e-01	2.920400e-02	1.961016e+02	4.043567e-02	
32.000000	8.000000	159.554935	6.643238	5.989692e-01	3.097676e-02	1.955971e+02	4.076611e-02	
32.000000	12.000000	157.718388	123.661554	5.432481e-01	2.834508e-02	1.952507e+02	3.675473e-02	
32.000000	16.000000	156.479844	231.664280	5.763904e-01	3.221876e-02	1.949983e+02	4.040237e-02	
32.000000	20.000000	153.301007	10.733017	5.496459e-01	2.782175e-02	1.953047e+02	3.683988e-02	
32.000000	24.000000	151.708840	6.367882	5.540051e-01	2.935006e-02	1.960743e+02	3.569155e-02	
32.000000	28.000000	147.053707	25.344711	5.857540e-01	2.565390e-02	1.967681e+02	4.193096e-02	
32.000000	32.000000	147.060062	4.146057	5.464012e-01	3.030709e-02	1.969470e+02	3.807238e-02	
32.000000	36.000000	145.309165	72.605817	5.519467e-01	2.592566e-02	1.971972e+02	3.742199e-02	
32.000000	40.000000	147.027695	3.513666	5.337566e-01	2.318368e-02	1.975578e+02	3.700300e-02	
32.000000	44.000000	150.372364	4.199450	5.482807e-01	2.495229e-02	1.975905e+02	3.777702e-02	
32.000000	48.000000	159.549457	6.315333	5.515719e-01	2.589926e-02	1.973097e+02	3.698893e-02	
32.000000	52.000000	179.520592	98.144243	5.564116e-01	2.656912e-02	1.956418e+02	3.811752e-02	
32.000000	56.000000	190.808004	6.248259	5.757170e-01	3.007557e-02	1.911820e+02	3.786003e-02	
32.000000	60.000000	165.809137	8.332741	5.948722e-01	3.179907e-02	4.553317e+02	4.061645e-02	
36.000000	0.000000	159.543615	8.911699	5.554198e-01	2.715386e-02	4.538475e+02	4.093889e-02	
36.000000	4.000000	161.798701	41.118150	5.546493e-01	3.020022e-02	1.958212e+02	3.629489e-02	
36.000000	8.000000	160.575812	8.909422	6.029109e-01	3.238682e-02	1.946743e+02	4.147165e-02	
36.000000	12.000000	160.847178	8.522686	5.819781e-01	2.773703e-02	1.948498e+02	3.969779e-02	
36.000000	16.000000	159.552512	11.378053	6.055234e-01	2.960781e-02	1.948021e+02	4.000573e-02	
36.000000	20.000000	158.381486	121.977746	5.944353e-01	3.227496e-02	1.950857e+02	3.976575e-02	
36.000000	24.000000	153.304189	14.741823	5.997405e-01	3.034933e-02	1.954483e+02	4.113290e-02	
36.000000	28.000000	151.402220	121.712014	5.193015e-01	3.325613e-02	1.961091e+02	3.385186e-02	
36.000000	32.000000	147.054144	5.975927	5.513361e-01	2.544589e-02	1.963912e+02	3.782291e-02	
36.000000	36.000000	147.050662	8.139675	5.853905e-01	3.005691e-02	1.966601e+02	4.012594e-02	
36.000000	40.000000	147.528299	5.243106	6.150459e-01	3.122193e-02	1.970819e+02	4.044081e-02	
36.000000	44.000000	153.307903	3.790491	5.965634e-01	2.987357e-02	1.974624e+02	4.089849e-02	
36.000000	48.000000	160.901745	7.430586	5.998614e-01	2.969362e-02	1.971918e+02	3.963285e-02	
36.000000	52.000000	182.977223	170.130100	5.643674e-01	3.092845e-02	1.957704e+02	3.824519e-02	
36.000000	56.000000	197.558949	10.011356	5.449138e-01	2.963139e-02	1.919387e+02	3.488105e-02	
36.000000	60.000000	173.442136	693.770411	3.086216e+02	1.548191e+02	6.825561e+02	2.490562e+02	
40.000000	0.000000	163.937649	1002.751695	4.903864e-01	3.017033e-02	4.530886e+02	3.087707e-02	
40.000000	4.000000	166.530890	9.975143	5.368287e-01	2.672282e-02	1.952820e+02	3.652753e-02	
40.000000	8.000000	165.796107	13.857107	6.143935e-01	3.216692e-02	1.944716e+02	4.224655e-02	
40.000000	12.000000	165.828987	14.816271	5.750850e-01	3.121980e-02	1.941418e+02	3.782247e-02	
40.000000	16.000000	164.665098	11.580910	6.373108e-01	3.577831e-02	1.945863e+02	4.421647e-02	
40.000000	20.000000	161.204594	35.668768	5.534642e-01	2.821940e-02	1.948634e+02	4.252494e-02	
40.000000	24.000000	158.739138	6.621176	5.772998e-01	2.747934e-02	1.955141e+02	3.956306e-02	
40.000000	28.000000	153.309935	10.791273	4.612693e-01	3.715812e-02	1.960506e+02	2.798021e-02	
40.000000	32.000000	153.301811	4.757235	5.492726e-01	2.695513e-02	1.963110e+02	3.747917e-02	
40.000000	36.000000	152.132340	3.816080	6.671550e-01	4.043398e-02	1.965740e+02	4.700250e-02	
40.000000	40.000000	153.302981	3.887526	5.353364e-01	3.374136e-02	1.969856e+02	3.934098e-02	
40.000000	44.000000	154.605495	156.809850	5.370232e-01	2.336077e-02	1.974711e+02	3.728701e-02	
40.000000	48.000000	165.802748	4.462015	6.343701e-01	3.554428e-02	1.976053e+02	4.401229e-02	
40.000000	52.000000	184.547656	10.141889	5.771645e-01	2.874271e-02	1.963837e+02	3.931530e-02	
40.000000	56.000000	209.547076	7.531876	5.839276e-01	3.648057e-02	1.930970e+02	4.187334e-02	
40.000000	60.000000	189.674947	11.711169	1.591973e+00	3.909622e+02	1.884441e+02	1.538034e+02	
44.000000	0.000000	170.351231	8.724895	5.789437e-01	2.879203e-02	4.528301e+02	4.864791e-02	
44.000000	4.000000	172.059310	12.890461	5.772686e-01	3.027225e-02	1.949427e+02	4.018073e-02	
44.000000	8.000000	172.534620	18.036680	6.249838e-01	2.615234e-02	1.943237e+02	4.464971e-02	
44.000000	12.000000	171.001986	26.191037	6.035459e-01	2.890628e-02	1.941342e+02	4.083951e-02	
44.000000	16.000000	170.439805	145.581229	5.733889e-01	2.774632e-02	1.941608e+02	3.810022e-02	
44.000000	20.000000	166.381237	134.231614	6.474299e-01	2.775310e-02	1.944005e+02	4.560642e-02	
44.000000	24.000000	163.902220	8.014392	5.242050e-01	2.806826e-02	1.952108e+02	3.439435e-02	
44.000000	28.000000	159.555578	8.259599	5.753698e-01	3.466767e-02	1.958325e+02	3.952433e-02	
44.000000	32.000000	156.742826	141.073766	5.292656e-01	2.832374e-02	1.958914e+02	3.727849e-02	
44.000000	36.000000	154.593425	13.621806	6.124413e-01	3.317023e-02	1.963528e+02	4.231885e-02	
44.000000	40.000000	154.644624	103.894656	5.511214e-01	3.013666e-02	1.968703e+02	3.572132e-02	
44.000000	44.000000	159.560650	7.917598	5.854259e-01	3.067722e-02	1.973117e+02	4.012270e-02	
44.000000	48.000000	166.630671	72.165142	5.548509e-01	2.554546e-02	1.974102e+02	3.807799e-02	
44.000000	52.000000	185.792645	19.429667	6.158218e-01	3.043802e-02	1.964843e+02	4.174607e-02	
44.000000	56.000000	215.800100	14.026273	5.408783e-01	2.438124e-02	1.933952e+02	3.724382e-02	
44.000000	60.000000	198.258882	15.026429	6.160885e-01	5.415494e-02	1.870717e+02	5.783898e-02	
48.000000	0.000000	178.299594	9.401899	6.123617e-01	3.322355e-02	4.524754e+02	4.159402e-02	
48.000000	4.000000	180.013726	918.873805	6.425440e-01	3.620756e-02	1.945289e+02	4.456738e-02	
48.000000	8.000000	179.660156	106.816535	5.238235e-01	2.297800e-02	1.935699e+02	3.638950e-02	
48.000000	12.000000	179.187913	13.221942	5.980405e-01	2.632357e-02	1.933263e+02	4.054794e-02	
48.000000	16.000000	177.308541	24.413447	5.651334e-01	2.685638e-02	1.936039e+02	3.877066e-02	
48.000000	20.000000	176.037441	4.843499	5.602962e-01	3.398888e-02	1.938416e+02	3.790716e-02	
48.000000	24.000000	170.439806	156.832597	6.106332e-01	3.332886e-02	1.946498e+02	4.179045e-02	
48.000000	28.000000	164.991889	19.087711	6.060812e-01	3.111549e-02	1.952596e+02	4.030755e-02	
48.000000	32.000000	163.356070	234.128870	6.153341e-01	3.772079e-02	1.958047e+02	4.358364e-02	
48.000000	36.000000	160.700652	9.078571	5.758270e-01	2.924193e-02	1.961057e+02	4.172158e-02	
48.000000	40.000000	161.008993	6.943696	6.079509e-01	3.709505e-02	1.968094e+02	4.289327e-02	
48.000000	44.000000	164.139665	5.173082	4.998937e-01	3.125132e-02	1.970882e+02	3.122153e-02	
48.000000	48.000000	172.064937	8.447255	5.881155e-01	2.734944e-02	1.973766e+02	3.962278e-02	
48.000000	52.000000	190.788413	9.901355	5.673561e-01	2.651672e-02	1.965518e+02	3.890168e-02	
48.000000	56.000000	222.051287	11.178933	5.458950e-01	2.998217e-02	1.940162e+02	3.553189e-02	
48.000000	60.000000	215.802024	14.896702	6.304035e-01	3.345288e-02	1.885697e+02	4.302112e-02	
52.000000	0.000000	189.177112	642.647848	5.332803e-01	3.069363e-02	4.521413e+02	3.452846e-02	
52.000000	4.000000	192.198026	476.691622	5.425308e-01	2.578918e-02	1.937061e+02	3.643389e-02	
52.000000	8.000000	191.512432	32.848405	5.905260e-01	3.379824e-02	1.930175e+02	4.237867e-02	
52.000000	12.000000	189.811095	29.883204	6.449559e-01	3.027267e-02	1.925254e+02	4.313944e-02	
52.000000	16.000000	189.552795	31.585205	6.233473e-01	2.812774e-02	1.925952e+02	4.235735e-02	
52.000000	20.000000	185.412393	25.960827	5.641551e-01	2.952308e-02	1.929475e+02	3.745494e-02	
52.000000	24.000000	179.506549	193.793856	6.710515e-01	3.647325e-02	1.935999e+02	4.709391e-02	
52.000000	28.000000	173.666426	92.142287	5.895084e-01	3.164915e-02	1.947110e+02	4.038674e-02	
52.000000	32.000000	170.327086	594.240980	6.012463e-01	2.747884e-02	1.953788e+02	4.050624e-02	
52.000000	36.000000	168.783423	58.232852	5.535671e-01	2.585832e-02	1.956626e+02	3.724987e-02	
52.000000	40.000000	167.277967	847.950979	5.472091e-01	3.020040e-02	1.960555e+02	3.807593e-02	
52.000000	44.000000	170.463746	8.961536	6.493523e-01	4.646164e-02	1.969059e+02	5.107844e-02	
52.000000	48.000000	178.345617	24.907646	5.756216e-01	2.612197e-02	1.967052e+02	3.877811e-02	
52.000000	52.000000	197.058164	6.328084	5.926700e-01	2.936877e-02	1.965329e+02	4.061733e-02	
52.000000	56.000000	228.305484	11.395258	5.951145e-01	2.841083e-02	1.942492e+02	3.953481e-02	
52.000000	60.000000	234.555822	18.063114	5.772061e-01	2.626967e-02	1.898032e+02	4.280929e-02	
56.000000	0.000000	204.620847	18.077926	5.188370e-01	2.303077e-02	4.536362e+02	3.602444e-02	
56.000000	4.000000	212.550326	62.576351	6.111903e-01	3.374502e-02	1.926852e+02	4.231827e-02	
56.000000	8.000000	211.057957	44.685152	5.431919e-01	3.076395e-02	1.919992e+02	3.582091e-02	
56.000000	12.000000	210.835837	34.876229	5.702633e-01	2.803939e-02	1.918769e+02	3.880225e-02	
56.000000	16.000000	208.302795	203.524805	5.776687e-01	2.777714e-02	1.915657e+02	3.956200e-02	
56.000000	20.000000	202.243828	28.820108	5.827038e-01	2.589694e-02	1.917735e+02	4.157767e-02	
56.000000	24.000000	196.182464	28.309735	5.294581e-01	2.759831e-02	1.928777e+02	3.633040e-02	
56.000000	28.000000	189.199744	44.086219	5.891821e-01	3.007631e-02	1.936408e+02	4.033575e-02	
56.000000	32.000000	184.167893	119.764505	5.923080e-01	2.841869e-02	1.944413e+02	4.004294e-02	
56.000000	36.000000	182.179161	919.897044	6.594396e-01	3.429657e-02	1.949115e+02	4.414224e-02	
56.000000	40.000000	179.560182	732.238298	5.622637e-01	2.834953e-02	1.953033e+02	3.825580e-02	
56.000000	44.000000	181.605464	103.343448	5.899547e-01	2.824980e-02	1.961473e+02	4.152338e-02	
56.000000	48.000000	189.041094	202.883819	6.196379e-01	3.478484e-02	1.963147e+02	4.299787e-02	
56.000000	52.000000	203.301901	28.650855	5.253152e-01	3.016352e-02	1.960841e+02	3.876477e-02	
56.000000	56.000000	234.550566	20.814694	6.495916e-01	4.004549e-02	1.947288e+02	4.641055e-02	
56.000000	60.000000	264.141902	16.661452	5.318891e-01	2.549085e-02	1.906909e+02	3.641521e-02	
60.000000	0.000000	234.550167	18.891851	6.254213e-01	3.662418e-02	4.556800e+02	4.325320e-02	
60.000000	4.000000	305.231289	604.688489	5.902846e-01	2.897076e-02	1.914881e+02	4.001386e-02	
60.000000	8.000000	304.071370	790.027392	6.452825e-01	3.891280e-02	1.907083e+02	4.570455e-02	
60.000000	12.000000	300.838870	232.139564	5.720200e-01	2.753876e-02	1.906033e+02	3.914050e-02	
60.000000	16.000000	295.102781	782.907302	5.520412e-01	2.478276e-02	1.905095e+02	3.809862e-02	
60.000000	20.000000	285.141688	180.184236	6.678854e-01	4.627795e-02	1.908368e+02	5.125570e-02	
60.000000	24.000000	267.484605	819.378558	5.608969e-01	3.026968e-02	1.918089e+02	3.690027e-02	
60.000000	28.000000	249.111717	126.735043	5.255290e-01	3.347604e-02	1.930967e+02	3.456358e-02	
60.000000	32.000000	236.959713	116.317987	5.798492e-01	2.633397e-02	1.936818e+02	3.895738e-02	
60.000000	36.000000	225.831089	102.893072	6.140700e-01	3.129230e-02	1.940430e+02	4.224347e-02	
60.000000	40.000000	216.848057	128.310093	6.075222e-01	2.818366e-02	1.945937e+02	4.096194e-02	
60.000000	44.000000	210.928179	56.653297	5.838982e-01	2.802217e-02	1.952132e+02	3.867986e-02	
60.000000	48.000000	213.833778	88.300000	6.097289e-01	3.155685e-02	1.955330e+02	4.188544e-02	
60.000000	52.000000	223.575398	39.992033	5.963780e-01	2.706404e-02	1.953604e+02	4.016071e-02	
60.000000	56.000000	251.690219	15.913204	6.352625e-01	3.070167e-02	1.941224e+02	4.451466e-02	
60.000000	60.000000	307.787530	870.768447	5.402137e-01	2.477206e-02	1.916290e+02	3.720200e-02	
0.000000	0.000000	303.924385	276.194459	4.837889e-01	2.580684e-02	1.857714e+02	3.333399e-02	
