0.000000	4.000000	132.865167	655.693892	5.818155e-01	2.671441e-02	1.943450e+02	3.907376e-02	
0.000000	8.000000	129.708905	839.356849	5.129531e-01	3.641144e-02	1.939607e+02	4.210703e-02	
0.000000	12.000000	128.296171	4.281170	5.776223e-01	2.983719e-02	1.939364e+02	3.968467e-02	
0.000000	16.000000	128.314677	3.850693	5.552083e-01	3.226569e-02	1.941869e+02	3.691628e-02	
0.000000	20.000000	128.305307	4.774680	5.490149e-01	3.296987e-02	1.941186e+02	3.646552e-02	
0.000000	24.000000	128.299248	3.445066	6.251285e-01	2.952538e-02	1.942088e+02	4.181341e-02	
0.000000	28.000000	128.301890	3.306904	5.857206e-01	3.128723e-02	1.940946e+02	3.857809e-02	
0.000000	32.000000	133.603639	9.713068	4.659357e-01	3.605695e-02	1.940352e+02	2.834290e-02	
0.000000	36.000000	134.555422	3.350272	6.015847e-01	3.009867e-02	1.939444e+02	3.953003e-02	
0.000000	40.000000	140.768441	4.188823	5.538496e-01	3.259116e-02	1.929518e+02	4.223332e-02	
0.000000	44.000000	147.310966	5.679258	6.036420e-01	3.075992e-02	1.913959e+02	4.055179e-02	
0.000000	48.000000	159.549766	4.711500	6.385529e-01	3.587869e-02	1.885768e+02	4.430126e-02	
0.000000	52.000000	153.300299	6.267266	5.687654e-01	2.657050e-02	1.835329e+02	3.900523e-02	
0.000000	56.000000	140.804201	6.092443	5.355105e-01	2.675513e-02	4.498480e+02	3.622596e-02	
0.000000	60.000000	129.708906	5.788327	6.171325e-01	3.094745e-02	4.418793e+02	4.058943e-02	
4.000000	0.000000	128.308413	6.514033	6.249552e-01	2.883881e-02	4.415732e+02	4.239226e-02	
4.000000	4.000000	134.557835	5.103623	5.806243e-01	2.910508e-02	1.941354e+02	3.800117e-02	
4.000000	8.000000	134.554140	4.737644	5.837805e-01	3.016579e-02	1.939318e+02	4.095484e-02	
4.000000	12.000000	132.742798	913.611318	5.825842e-01	3.021961e-02	1.940338e+02	3.908030e-02	
4.000000	16.000000	129.162373	6.644856	5.230521e-01	4.005093e-02	1.940242e+02	4.167096e-02	
4.000000	20.000000	128.301967	3.926294	5.389595e-01	2.869078e-02	1.941780e+02	3.504611e-02	
4.000000	24.000000	128.305188	3.967547	5.332714e-01	3.422504e-02	1.939909e+02	3.932274e-02	
4.000000	28.000000	130.833566	113.554646	5.792899e-01	2.767856e-02	1.941702e+02	3.866078e-02	
4.000000	32.000000	134.556665	3.107349	6.013260e-01	3.116489e-02	1.941119e+02	3.954874e-02	
4.000000	36.000000	134.504862	3.019325	6.216343e-01	2.788757e-02	1.937703e+02	4.309020e-02	
4.000000	40.000000	140.837222	5.034474	5.327530e-01	2.936002e-02	1.929435e+02	3.459548e-02	
4.000000	44.000000	148.357531	10.779729	6.240410e-01	3.346147e-02	1.914905e+02	4.300986e-02	
4.000000	48.000000	159.577276	5.894518	5.835939e-01	2.957781e-02	1.889407e+02	3.827973e-02	
4.000000	52.000000	159.551861	5.515701	5.501392e-01	2.486952e-02	1.844289e+02	3.784222e-02	
4.000000	56.000000	141.438305	7.683203	5.366507e-01	2.990658e-02	4.509919e+02	3.429424e-02	
4.000000	60.000000	134.554028	6.028656	6.358618e-01	3.322694e-02	4.424335e+02	4.284971e-02	
8.000000	0.000000	128.301703	4.810469	6.163041e-01	2.978456e-02	4.414615e+02	4.164969e-02	
8.000000	4.000000	134.557824	7.215627	6.125352e-01	3.549926e-02	1.940191e+02	4.537095e-02	
8.000000	8.000000	134.557059	16.216910	6.388471e-01	2.643167e-02	1.936672e+02	4.725012e-02	
8.000000	12.000000	134.550023	4.111273	5.909249e-01	2.977793e-02	1.939403e+02	3.934565e-02	
8.000000	16.000000	134.558741	4.059681	5.445814e-01	3.613195e-02	1.940282e+02	4.045933e-02	
8.000000	20.000000	132.806611	935.632678	5.921227e-01	3.015247e-02	1.942106e+02	3.904471e-02	
8.000000	24.000000	132.929020	548.097131	5.579010e-01	2.886125e-02	1.941375e+02	4.457609e-02	
8.000000	28.000000	134.553063	3.410638	5.770574e-01	3.250082e-02	1.940326e+02	3.960394e-02	
8.000000	32.000000	134.552916	5.127764	6.045581e-01	4.343047e-02	1.939437e+02	4.579707e-02	
8.000000	36.000000	135.782520	5.476794	6.113108e-01	2.615309e-02	1.936737e+02	4.215744e-02	
8.000000	40.000000	140.798203	3.172794	5.776928e-01	2.994113e-02	1.929958e+02	3.759807e-02	
8.000000	44.000000	152.135171	4.434272	5.848855e-01	2.926640e-02	1.916219e+02	4.002256e-02	
8.000000	48.000000	159.551758	6.683293	5.899706e-01	2.558874e-02	1.892388e+02	4.235895e-02	
8.000000	52.000000	160.063591	6.469369	5.821097e-01	3.358818e-02	1.850303e+02	4.112788e-02	
8.000000	56.000000	147.044649	5.517220	6.131761e-01	3.302950e-02	4.516371e+02	4.226608e-02	
8.000000	60.000000	135.011231	6.818854	6.288507e-01	3.220702e-02	4.431698e+02	4.160689e-02	
12.000000	0.000000	133.459642	5.136174	5.440519e-01	2.755316e-02	4.411356e+02	3.917020e-02	
12.000000	4.000000	134.555677	7.054677	5.786711e-01	2.782166e-02	1.935563e+02	3.963629e-02	
12.000000	8.000000	134.556479	4.868280	6.373108e-01	3.577843e-02	1.934137e+02	4.421678e-02	
12.000000	12.000000	134.552407	9.446899	5.681419e-01	2.654665e-02	1.935423e+02	3.895914e-02	
12.000000	16.000000	134.554138	5.953838	6.140700e-01	3.129383e-02	1.939570e+02	4.224554e-02	
12.000000	20.000000	134.551690	4.473413	5.730857e-01	3.639409e-02	1.940868e+02	4.120441e-02	
12.000000	24.000000	134.574780	3.881349	6.118913e-01	3.214088e-02	1.939708e+02	4.307305e-02	
12.000000	28.000000	134.540570	4.587554	5.805878e-01	2.561574e-02	1.937769e+02	4.132745e-02	
12.000000	32.000000	134.546152	3.374416	5.700863e-01	2.795422e-02	1.938728e+02	3.857670e-02	
12.000000	36.000000	140.823399	2.621794	5.832019e-01	2.962039e-02	1.936167e+02	3.905320e-02	
12.000000	40.000000	141.281121	58.603708	5.781461e-01	3.444494e-02	1.930408e+02	4.134194e-02	
12.000000	44.000000	153.296482	3.617045	6.177283e-01	3.750619e-02	1.917907e+02	4.366808e-02	
12.000000	48.000000	163.034459	6.759856	5.929760e-01	2.784701e-02	1.895952e+02	3.991354e-02	
12.000000	52.000000	165.800014	5.135029	5.684439e-01	2.632591e-02	1.853254e+02	3.812625e-02	
12.000000	56.000000	148.977596	1111.833291	5.445832e-01	2.527999e-02	4.523626e+02	3.733365e-02	
12.000000	60.000000	140.810369	6.960341	6.685475e-01	3.506284e-02	4.440783e+02	4.508843e-02	
16.000000	0.000000	134.545217	7.401500	6.140700e-01	3.129132e-02	4.410430e+02	4.224216e-02	
16.000000	4.000000	140.809267	4.335464	6.579184e-01	3.981521e-02	1.933394e+02	4.644744e-02	
16.000000	8.000000	139.101231	7.197482	5.811660e-01	2.765958e-02	1.931582e+02	3.923943e-02	
16.000000	12.000000	135.044622	5.715855	5.905738e-01	3.241928e-02	1.933624e+02	4.009847e-02	
16.000000	16.000000	134.555430	5.140448	6.342387e-01	3.753488e-02	1.936652e+02	4.381296e-02	
16.000000	20.000000	134.558712	5.464469	5.916874e-01	2.891263e-02	1.938885e+02	3.977791e-02	
16.000000	24.000000	123.690399	5.413066	5.769126e-01	3.144119e-02	1.939111e+02	4.527032e-02	
16.000000	28.000000	134.557907	4.090874	5.992638e-01	2.836695e-02	1.938455e+02	4.342085e-02	
16.000000	32.000000	135.951021	4.930678	5.882109e-01	4.218203e-02	1.939719e+02	5.675596e-02	
16.000000	36.000000	140.801667	3.699384	6.503184e-01	3.191159e-02	1.938237e+02	4.310563e-02	
16.000000	40.000000	145.192366	353.017365	5.962088e-01	2.826592e-02	1.934233e+02	4.016585e-02	
16.000000	44.000000	153.324113	6.955296	6.312336e-01	3.268884e-02	1.920658e+02	4.210903e-02	
16.000000	48.000000	165.801688	6.099791	6.078234e-01	3.444184e-02	1.899606e+02	4.724060e-02	
16.000000	52.000000	169.477917	1154.965644	5.870246e-01	3.108577e-02	1.860900e+02	3.858416e-02	
16.000000	56.000000	154.124248	5.515553	3.957845e+02	2.238602e+02	1.083699e+03	3.590781e+02	
16.000000	60.000000	142.070980	6.144635	5.906421e-01	2.831533e-02	4.452400e+02	3.918297e-02	
20.000000	0.000000	135.293568	7.570197	5.964163e-01	2.760987e-02	4.413870e+02	4.013183e-02	
20.000000	4.000000	140.788850	13.645438	5.856483e-01	2.881146e-02	1.932706e+02	3.885608e-02	
20.000000	8.000000	140.806420	5.930828	5.788152e-01	3.170771e-02	1.930545e+02	3.858589e-02	
20.000000	12.000000	140.807746	4.352058	5.873624e-01	3.276258e-02	1.931497e+02	3.922334e-02	
20.000000	16.000000	137.100330	21.967882	6.042625e-01	3.200270e-02	1.934809e+02	4.090076e-02	
20.000000	20.000000	135.215055	6.975031	5.709851e-01	2.760467e-02	1.935834e+02	3.892535e-02	
20.000000	24.000000	134.557905	6.087798	5.832953e-01	2.867421e-02	1.935545e+02	3.965802e-02	
20.000000	28.000000	135.870848	7.625047	6.326000e-01	3.269033e-02	1.936794e+02	4.224287e-02	
20.000000	32.000000	140.795260	2.977682	6.102868e-01	2.774211e-02	1.936110e+02	4.122846e-02	
20.000000	36.000000	140.795912	3.813347	6.375214e-01	3.753147e-02	1.936973e+02	4.480340e-02	
20.000000	40.000000	147.021819	3.912441	6.374118e-01	3.545340e-02	1.934665e+02	4.413191e-02	
20.000000	44.000000	153.324456	4.631133	6.027141e-01	3.076240e-02	1.922470e+02	3.993339e-02	
20.000000	48.000000	165.798534	8.645284	5.462936e-01	2.787152e-02	1.902550e+02	3.617210e-02	
20.000000	52.000000	172.056005	6.486618	6.180481e-01	2.584742e-02	1.866980e+02	4.439472e-02	
20.000000	56.000000	162.113891	8.867449	1.880494e+01	3.133479e-01	3.179967e+02	3.669881e-01	
20.000000	60.000000	147.048615	5.528123	6.582300e-01	3.018771e-02	4.467629e+02	4.573326e-02	
24.000000	0.000000	140.800734	6.947633	6.112502e-01	3.054698e-02	4.410429e+02	4.010537e-02	
24.000000	4.000000	141.396363	10.574676	5.353185e-01	3.545999e-02	1.930850e+02	3.690147e-02	
24.000000	8.000000	140.788856	5.651326	6.044491e-01	2.998417e-02	1.929223e+02	4.093129e-02	
24.000000	12.000000	140.803563	14.606825	5.731217e-01	3.295611e-02	1.931993e+02	3.840421e-02	
24.000000	16.000000	140.804139	4.585010	5.655545e-01	2.843648e-02	1.932744e+02	3.754451e-02	
24.000000	20.000000	139.951107	3.353380	6.063824e-01	2.984901e-02	1.935161e+02	4.099136e-02	
24.000000	24.000000	140.805349	3.262890	6.242372e-01	3.477690e-02	1.936523e+02	4.327545e-02	
24.000000	28.000000	140.798419	3.679463	6.106853e-01	3.438145e-02	1.936741e+02	4.197087e-02	
24.000000	32.000000	140.825650	6.412822	6.209996e-01	2.738579e-02	1.936196e+02	4.183246e-02	
24.000000	36.000000	142.307635	70.272854	6.789457e-01	4.581748e-02	1.937716e+02	5.073241e-02	
24.000000	40.000000	147.062392	5.297447	6.072229e-01	2.644086e-02	1.936628e+02	4.140370e-02	
24.000000	44.000000	153.298375	4.194601	6.240410e-01	3.346146e-02	1.925095e+02	4.300982e-02	
24.000000	48.000000	165.802254	6.643624	6.408877e-01	3.675118e-02	1.906251e+02	4.467392e-02	
24.000000	52.000000	178.301295	10.759868	6.355418e-01	3.179032e-02	1.874906e+02	4.325596e-02	
24.000000	56.000000	175.640655	786.767036	6.090634e-01	3.353733e-02	1.826778e+02	4.238299e-02	
24.000000	60.000000	153.304162	8.337173	6.154644e-01	3.060182e-02	4.479394e+02	4.138124e-02	
28.000000	0.000000	141.167989	7.423909	6.044913e-01	3.047811e-02	4.409957e+02	3.952957e-02	
28.000000	4.000000	147.048463	5.998917	5.500770e-01	3.356600e-02	1.930099e+02	3.930199e-02	
28.000000	8.000000	145.881524	5.540125	5.876330e-01	2.590329e-02	1.927701e+02	4.242700e-02	
28.000000	12.000000	142.240679	932.996563	5.754517e-01	2.770975e-02	1.928270e+02	4.585076e-02	
28.000000	16.000000	140.800673	4.566946	5.897130e-01	3.182220e-02	1.930356e+02	3.970567e-02	
28.000000	20.000000	140.805766	6.211083	5.692118e-01	2.859301e-02	1.933220e+02	3.880500e-02	
28.000000	24.000000	140.809794	19.072869	6.361934e-01	3.245796e-02	1.934720e+02	4.335138e-02	
28.000000	28.000000	140.817155	3.686954	6.094571e-01	2.973508e-02	1.934702e+02	4.117014e-02	
28.000000	32.000000	140.805749	4.474419	6.108471e-01	2.926283e-02	1.934473e+02	4.122954e-02	
28.000000	36.000000	147.048809	3.232098	6.319030e-01	4.093219e-02	1.938334e+02	4.614214e-02	
28.000000	40.000000	147.912373	5.934290	6.063824e-01	2.984901e-02	1.935161e+02	4.099136e-02	
28.000000	44.000000	158.348681	194.712805	6.257618e-01	3.734119e-02	1.927535e+02	4.411435e-02	
28.000000	48.000000	165.790001	5.419525	5.596919e-01	2.990513e-02	1.908614e+02	3.639044e-02	
28.000000	52.000000	178.811136	10.058597	5.887301e-01	3.059378e-02	1.877620e+02	3.897492e-02	
28.000000	56.000000	172.864832	9.380108	5.712763e-01	2.576755e-02	1.832648e+02	3.853500e-02	
28.000000	60.000000	159.548490	6.388840	6.024480e-01	3.110977e-02	4.494011e+02	4.135087e-02	
32.000000	0.000000	147.048519	5.843118	6.189273e-01	3.080826e-02	4.414746e+02	4.131669e-02	
32.000000	4.000000	147.057911	6.933778	6.384927e-01	2.924877e-02	1.926947e+02	4.286710e-02	
32.000000	8.000000	147.065077	6.856936	6.359171e-01	3.566676e-02	1.925958e+02	4.412031e-02	
32.000000	12.000000	147.045140	7.547553	6.029590e-01	2.816087e-02	1.927529e+02	4.016708e-02	
32.000000	16.000000	146.315421	73.484903	6.264912e-01	3.008209e-02	1.931477e+02	4.181050e-02	
32.000000	20.000000	143.048702	1085.495994	5.867245e-01	2.631673e-02	1.933194e+02	3.952651e-02	
32.000000	24.000000	141.651319	115.770838	5.679196e-01	2.851463e-02	1.932516e+02	3.756350e-02	
32.000000	28.000000	143.783422	1099.966698	6.333303e-01	3.152398e-02	1.933777e+02	4.251362e-02	
32.000000	32.000000	146.174266	4.597910	5.827558e-01	2.916517e-02	1.936313e+02	3.985956e-02	
32.000000	36.000000	147.102953	24.527625	5.906686e-01	2.579333e-02	1.937091e+02	4.028899e-02	
32.000000	40.000000	153.308563	3.235183	6.231090e-01	2.854647e-02	1.934177e+02	4.225735e-02	
32.000000	44.000000	159.551694	5.978617	5.550962e-01	2.977572e-02	1.929670e+02	3.655976e-02	
32.000000	48.000000	170.156900	998.815376	6.032366e-01	2.897596e-02	1.914467e+02	4.068937e-02	
32.000000	52.000000	184.544073	8.471115	6.026513e-01	3.081872e-02	1.885659e+02	4.135380e-02	
32.000000	56.000000	178.975577	10.608305	5.806556e-01	3.028021e-02	1.843034e+02	3.965092e-02	
32.000000	60.000000	164.062905	777.338682	5.380849e-01	2.405808e-02	4.506003e+02	3.711135e-02	
36.000000	0.000000	153.308727	7.017835	5.914805e-01	3.240070e-02	4.422701e+02	4.059267e-02	
36.000000	4.000000	153.307884	6.668885	6.300102e-01	3.085450e-02	1.924858e+02	4.275943e-02	
36.000000	8.000000	152.419717	4.899265	6.374300e-01	3.534649e-02	1.922445e+02	4.250818e-02	
36.000000	12.000000	148.458906	16.547326	5.746774e-01	2.700558e-02	1.924084e+02	3.877642e-02	
36.000000	16.000000	147.045270	5.108333	6.003706e-01	2.557939e-02	1.927217e+02	4.214948e-02	
36.000000	20.000000	147.054152	17.262110	5.956820e-01	2.825788e-02	1.932460e+02	3.951037e-02	
36.000000	24.000000	147.059540	6.687041	5.884607e-01	2.996692e-02	1.931970e+02	3.872799e-02	
36.000000	28.000000	147.049038	8.461470	5.420044e-01	2.514141e-02	1.933415e+02	3.655226e-02	
36.000000	32.000000	147.053759	5.279272	5.818155e-01	2.671441e-02	1.933450e+02	3.907376e-02	
36.000000	36.000000	148.666428	18.880501	6.161071e-01	3.420578e-02	1.936801e+02	4.265095e-02	
36.000000	40.000000	153.302254	8.044374	5.963780e-01	2.706405e-02	1.933604e+02	4.016071e-02	
36.000000	44.000000	159.538407	4.902645	5.644999e-01	3.433712e-02	1.929899e+02	4.270343e-02	
36.000000	48.000000	172.050781	7.120615	6.022565e-01	3.184833e-02	1.916256e+02	4.106978e-02	
36.000000	52.000000	184.550210	8.334238	4.904467e-01	2.866535e-02	1.891463e+02	3.137337e-02	
36.000000	56.000000	185.405318	7.543633	5.684836e-01	2.801919e-02	1.851811e+02	3.740391e-02	
36.000000	60.000000	171.292238	5.428782	6.299024e-01	2.926418e-02	4.518152e+02	4.312651e-02	
40.000000	0.000000	159.547849	7.717998	6.269256e-01	3.347830e-02	4.439844e+02	4.475183e-02	
40.000000	4.000000	155.418916	1072.122170	5.237252e-01	3.024329e-02	1.921603e+02	3.380527e-02	
40.000000	8.000000	153.305903	8.727983	6.601538e-01	3.935764e-02	1.916789e+02	4.645311e-02	
40.000000	12.000000	153.305349	9.947773	5.754674e-01	3.285135e-02	1.920375e+02	3.969838e-02	
40.000000	16.000000	153.290212	5.364367	5.820767e-01	2.878936e-02	1.924444e+02	3.931918e-02	
40.000000	20.000000	151.679020	4.852703	6.379295e-01	2.632393e-02	1.926443e+02	4.467815e-02	
40.000000	24.000000	149.408563	21.549765	5.711582e-01	3.147368e-02	1.928489e+02	3.764467e-02	
40.000000	28.000000	150.099839	28.977421	5.918755e-01	2.920238e-02	1.929010e+02	4.044780e-02	
40.000000	32.000000	152.544755	3.979011	5.632452e-01	3.109567e-02	1.931108e+02	3.686136e-02	
40.000000	36.000000	153.328570	10.173872	5.481643e-01	2.578087e-02	1.933508e+02	3.700099e-02	
40.000000	40.000000	157.525945	85.014023	5.731246e-01	2.730127e-02	1.934295e+02	3.925500e-02	
40.000000	44.000000	164.292914	4.861255	6.183020e-01	3.072822e-02	1.930560e+02	4.066974e-02	
40.000000	48.000000	172.044358	5.382986	5.934767e-01	3.175869e-02	1.919670e+02	4.212733e-02	
40.000000	52.000000	190.807822	6.633994	6.230586e-01	3.030071e-02	1.897613e+02	4.138415e-02	
40.000000	56.000000	197.054138	6.622349	5.593202e-01	3.004614e-02	1.862154e+02	3.685904e-02	
40.000000	60.000000	178.297349	9.916389	5.632954e-01	2.968687e-02	4.529541e+02	3.756621e-02	
44.000000	0.000000	165.807905	7.824281	6.798992e-01	5.503269e-02	4.459872e+02	6.159481e-02	
44.000000	4.000000	160.048984	9.549477	6.102265e-01	3.153624e-02	1.917162e+02	4.060804e-02	
44.000000	8.000000	159.549795	10.777067	6.154343e-01	3.254675e-02	1.915710e+02	4.235468e-02	
44.000000	12.000000	159.555672	6.974882	5.817386e-01	3.239903e-02	1.917654e+02	3.970111e-02	
44.000000	16.000000	155.942373	1087.981475	5.859057e-01	2.989075e-02	1.920232e+02	3.818305e-02	
44.000000	20.000000	153.289632	5.711852	5.849292e-01	2.639544e-02	1.923234e+02	3.935172e-02	
44.000000	24.000000	153.304157	5.750147	6.018115e-01	3.046988e-02	1.925141e+02	4.128439e-02	
44.000000	28.000000	153.305304	4.510861	6.400166e-01	2.713422e-02	1.926175e+02	4.479548e-02	
44.000000	32.000000	153.301684	4.732476	6.064124e-01	3.952693e-02	1.928705e+02	4.367608e-02	
44.000000	36.000000	157.424868	1017.463787	5.763147e-01	2.599793e-02	1.932915e+02	3.877939e-02	
44.000000	40.000000	159.563456	10.460600	6.476174e-01	3.874737e-02	1.933158e+02	4.571257e-02	
44.000000	44.000000	165.801321	5.863511	5.684836e-01	2.801965e-02	1.928189e+02	3.740441e-02	
44.000000	48.000000	176.442366	6.325053	5.946418e-01	3.057564e-02	1.920087e+02	3.914210e-02	
44.000000	52.000000	190.798620	8.741739	5.930347e-01	3.011157e-02	1.900595e+02	3.868501e-02	
44.000000	56.000000	203.304144	6.562981	5.888324e-01	3.089091e-02	1.869318e+02	4.263603e-02	
44.000000	60.000000	189.536903	966.009978	5.681949e+02	2.707090e+02	2.232443e+03	1.670469e+03	
48.000000	0.000000	176.216060	1072.096544	6.390876e-01	2.976020e-02	4.477946e+02	5.042236e-02	
48.000000	4.000000	166.367765	258.492384	5.594596e-01	3.397507e-02	1.910360e+02	3.952011e-02	
48.000000	8.000000	165.795647	8.086481	6.102597e-01	3.067459e-02	1.909442e+02	3.998408e-02	
48.000000	12.000000	164.916432	9.340912	5.871962e-01	2.988509e-02	1.911018e+02	3.832118e-02	
48.000000	16.000000	161.224055	24.017646	5.988810e-01	2.726617e-02	1.916304e+02	4.033905e-02	
48.000000	20.000000	159.550102	6.463595	5.930347e-01	3.011159e-02	1.919405e+02	3.868501e-02	
48.000000	24.000000	159.549511	22.231444	5.983224e-01	3.156175e-02	1.921864e+02	3.956479e-02	
48.000000	28.000000	159.550331	24.628656	5.644454e-01	2.632289e-02	1.923614e+02	3.799441e-02	
48.000000	32.000000	159.544493	21.159752	5.790373e-01	2.562178e-02	1.927373e+02	3.944518e-02	
48.000000	36.000000	159.551918	6.443919	6.252601e-01	3.090878e-02	1.929351e+02	4.128326e-02	
48.000000	40.000000	165.788801	5.381107	6.005380e-01	3.142136e-02	1.929179e+02	4.498600e-02	
48.000000	44.000000	171.235287	6.317336	5.971468e-01	3.294439e-02	1.929329e+02	4.664223e-02	
48.000000	48.000000	178.298510	7.288732	6.186157e-01	3.158647e-02	1.920046e+02	4.134345e-02	
48.000000	52.000000	196.296228	6.264163	6.292354e-01	3.541969e-02	1.906504e+02	4.324364e-02	
48.000000	56.000000	211.643932	10.219437	5.932792e-01	2.959817e-02	1.878161e+02	3.903012e-02	
48.000000	60.000000	203.945557	12.739450	5.642406e-01	3.072628e-02	1.830049e+02	3.749874e-02	
52.000000	0.000000	185.753767	623.324831	6.031567e-01	3.006521e-02	4.498995e+02	4.322485e-02	
52.000000	4.000000	177.427260	15.866005	6.222728e-01	3.143295e-02	1.903818e+02	4.172474e-02	
52.000000	8.000000	176.556611	21.391920	5.889302e-01	3.051392e-02	1.901324e+02	3.858846e-02	
52.000000	12.000000	172.480041	14.516599	6.311079e-01	3.420709e-02	1.904906e+02	4.273036e-02	
52.000000	16.000000	171.054444	475.243080	6.013259e-01	3.360755e-02	1.910553e+02	4.159529e-02	
52.000000	20.000000	167.094741	374.947495	6.284792e-01	2.731257e-02	1.913811e+02	4.322590e-02	
52.000000	24.000000	166.385954	6.790612	6.003878e-01	3.129570e-02	1.916317e+02	4.120856e-02	
52.000000	28.000000	165.809660	6.508615	6.223187e-01	3.672399e-02	1.917480e+02	4.369426e-02	
52.000000	32.000000	165.805534	6.419003	5.914195e-01	3.021388e-02	1.921236e+02	3.870208e-02	
52.000000	36.000000	167.095667	90.322582	6.194459e-01	3.313539e-02	1.925758e+02	4.268455e-02	
52.000000	40.000000	170.938039	82.875641	6.369998e-01	3.114197e-02	1.928609e+02	4.220999e-02	
52.000000	44.000000	177.135170	5.974808	6.261931e-01	3.426063e-02	1.925952e+02	4.327838e-02	
52.000000	48.000000	184.554201	16.685686	6.208339e-01	2.996239e-02	1.921386e+02	4.130569e-02	
52.000000	52.000000	198.777788	14.795979	6.158255e-01	3.257440e-02	1.909015e+02	4.878837e-02	
52.000000	56.000000	220.536904	538.107137	5.697010e-01	2.660713e-02	1.885047e+02	3.907350e-02	
52.000000	60.000000	222.056561	10.244567	5.966351e-01	3.202689e-02	1.843073e+02	4.097001e-02	
56.000000	0.000000	203.302172	11.869394	5.257149e-01	2.267329e-02	4.514470e+02	3.660280e-02	
56.000000	4.000000	193.022083	1020.907399	5.815581e-01	3.055913e-02	1.892850e+02	3.876926e-02	
56.000000	8.000000	191.423921	28.064008	5.843591e-01	3.010871e-02	1.891121e+02	3.807237e-02	
56.000000	12.000000	189.283824	25.520022	6.268208e-01	2.744369e-02	1.893846e+02	4.295548e-02	
56.000000	16.000000	185.085329	35.840139	5.497465e-01	3.564856e-02	1.898876e+02	3.703307e-02	
56.000000	20.000000	182.506235	931.343950	6.467139e-01	3.183594e-02	1.905066e+02	4.426479e-02	
56.000000	24.000000	179.543132	557.086014	5.450332e-01	2.730174e-02	1.907162e+02	3.698479e-02	
56.000000	28.000000	178.305432	26.814650	5.743718e-01	2.795856e-02	1.911904e+02	3.790963e-02	
56.000000	32.000000	178.305388	44.974837	6.276804e-01	2.806262e-02	1.914204e+02	4.194808e-02	
56.000000	36.000000	178.294710	31.331952	5.889924e-01	2.866972e-02	1.918132e+02	5.015559e-02	
56.000000	40.000000	179.659971	637.919514	5.154685e-01	3.290716e-02	1.921155e+02	3.331414e-02	
56.000000	44.000000	185.023389	9.644092	6.027141e-01	3.076240e-02	1.922470e+02	3.993339e-02	
56.000000	48.000000	192.869263	1039.092106	6.130182e-01	3.558920e-02	1.920455e+02	4.438930e-02	
56.000000	52.000000	208.462946	172.326256	5.699269e-01	3.142200e-02	1.911527e+02	3.748544e-02	
56.000000	56.000000	228.302059	16.585903	5.619167e-01	2.824101e-02	1.891989e+02	3.680204e-02	
56.000000	60.000000	247.086050	12.784415	6.113873e-01	3.055158e-02	1.859613e+02	4.016770e-02	
60.000000	0.000000	229.595753	11.137221	5.834266e-01	2.869255e-02	4.534903e+02	4.068866e-02	
60.000000	4.000000	255.405046	859.470342	6.318297e-01	3.602492e-02	1.876627e+02	4.401916e-02	
60.000000	8.000000	250.617820	105.368619	5.902293e-01	2.953341e-02	1.875939e+02	4.042764e-02	
60.000000	12.000000	244.206200	889.923493	5.814205e-01	3.112651e-02	1.881521e+02	3.819512e-02	
60.000000	16.000000	236.056198	78.184389	5.991257e-01	2.602489e-02	1.886802e+02	4.060703e-02	
60.000000	20.000000	228.332722	187.866154	6.015132e-01	3.013392e-02	1.893490e+02	4.022107e-02	
60.000000	24.000000	222.434766	68.443838	6.011309e-01	3.049106e-02	1.898033e+02	5.597106e-02	
60.000000	28.000000	217.176460	27.002212	6.117644e-01	3.017908e-02	1.901463e+02	4.029997e-02	
60.000000	32.000000	210.831899	50.335543	6.373108e-01	3.577831e-02	1.905863e+02	4.421648e-02	
60.000000	36.000000	207.382650	941.675153	5.524202e-01	3.497618e-02	1.910521e+02	3.920274e-02	
60.000000	40.000000	204.466106	722.499446	5.604333e-01	2.965699e-02	1.912527e+02	3.717024e-02	
60.000000	44.000000	207.949751	763.901395	6.043968e-01	3.096078e-02	1.915592e+02	4.105328e-02	
60.000000	48.000000	214.208853	8.170783	6.018115e-01	3.046988e-02	1.915141e+02	4.128439e-02	
60.000000	52.000000	225.976359	29.103516	5.907943e-01	2.996707e-02	1.909182e+02	4.158055e-02	
60.000000	56.000000	245.463828	552.788380	5.767252e-01	2.829640e-02	1.897691e+02	3.801042e-02	
60.000000	60.000000	278.312894	17.150954	6.075394e-01	3.855947e-02	1.871341e+02	4.398080e-02	
0.000000	0.000000	290.802091	22.001295	5.616552e-01	2.576329e-02	1.835236e+02	3.857146e-02	
