0.000000	4.000000	135.018479	4.551356	5.324038e-01	2.847828e-02	1.821919e+02	3.461063e-02	
0.000000	8.000000	134.550271	6.407471	5.253792e-01	3.395481e-02	1.820025e+02	3.729075e-02	
0.000000	12.000000	134.548988	4.020137	5.381813e-01	2.633900e-02	1.821853e+02	3.591216e-02	
0.000000	16.000000	134.587222	3.024670	6.124171e-01	3.203667e-02	1.824433e+02	4.210459e-02	
0.000000	20.000000	134.571840	2.546913	5.507794e-01	2.461868e-02	1.824810e+02	3.794179e-02	
0.000000	24.000000	134.553882	2.650356	5.857751e-01	2.872603e-02	1.824343e+02	4.011997e-02	
0.000000	28.000000	134.546127	28.963709	5.620307e-01	2.604923e-02	1.824340e+02	3.855383e-02	
0.000000	32.000000	135.063590	3.449585	5.474824e-01	2.426515e-02	1.824952e+02	3.776436e-02	
0.000000	36.000000	140.768410	3.035476	4.871297e-01	1.921688e-02	1.825053e+02	3.537601e-02	
0.000000	40.000000	147.021744	4.778339	4.989827e-01	2.678848e-02	1.822013e+02	3.286649e-02	
0.000000	44.000000	157.361136	1067.183134	5.598714e-01	2.574664e-02	1.807717e+02	3.780022e-02	
0.000000	48.000000	159.548304	4.065728	5.651928e-01	2.636783e-02	4.476013e+02	3.819234e-02	
0.000000	52.000000	153.279426	9.333361	5.146767e-01	3.401842e-02	4.429507e+02	4.017973e-02	
0.000000	56.000000	140.805084	4.920646	5.474446e-01	2.614289e-02	4.358203e+02	3.725573e-02	
0.000000	60.000000	129.669310	6.766263	6.352762e-01	3.030032e-02	4.295314e+02	4.322418e-02	
4.000000	0.000000	128.295204	4.987146	6.458368e-01	3.300566e-02	4.297412e+02	4.299140e-02	
4.000000	4.000000	138.429150	7.204594	6.010082e-01	2.842105e-02	1.822543e+02	4.002146e-02	
4.000000	8.000000	134.800097	5.139344	5.497760e-01	2.980556e-02	1.820951e+02	3.540599e-02	
4.000000	12.000000	134.551797	3.915835	5.489878e-01	2.652435e-02	1.821574e+02	3.857485e-02	
4.000000	16.000000	134.571508	6.818221	5.436744e-01	2.471146e-02	1.823907e+02	3.738255e-02	
4.000000	20.000000	134.551802	4.738475	5.252015e-01	2.295281e-02	1.823939e+02	3.637407e-02	
4.000000	24.000000	134.573859	64.704309	5.724903e-01	2.593060e-02	1.822821e+02	3.849826e-02	
4.000000	28.000000	134.548055	2.737545	5.207650e-01	2.396481e-02	1.823332e+02	3.554009e-02	
4.000000	32.000000	139.202598	22.743640	5.728767e-01	2.701172e-02	1.825282e+02	3.927023e-02	
4.000000	36.000000	140.805280	3.036183	6.024599e-01	3.141707e-02	1.823776e+02	4.136658e-02	
4.000000	40.000000	147.021779	3.358242	5.158054e-01	3.703449e-02	1.820759e+02	3.346532e-02	
4.000000	44.000000	159.550160	4.791100	5.843591e-01	3.010862e-02	1.808879e+02	3.807219e-02	
4.000000	48.000000	159.953787	12.372157	5.721089e-01	2.582350e-02	4.477360e+02	3.870858e-02	
4.000000	52.000000	153.300851	9.888795	5.637443e-01	2.625026e-02	4.435873e+02	3.816821e-02	
4.000000	56.000000	144.074505	5.334463	5.763148e-01	2.599971e-02	4.367085e+02	3.878187e-02	
4.000000	60.000000	134.538949	6.539801	5.554206e-01	3.022154e-02	4.299328e+02	3.949320e-02	
8.000000	0.000000	128.296415	4.894675	6.047133e-01	3.158414e-02	4.297067e+02	4.030602e-02	
8.000000	4.000000	140.803792	3.897381	5.637719e-01	2.825160e-02	1.818904e+02	3.821674e-02	
8.000000	8.000000	139.186838	3.459824	6.131101e-01	3.434084e-02	1.817036e+02	4.247677e-02	
8.000000	12.000000	135.883169	5.362635	5.288326e-01	2.724877e-02	1.818684e+02	3.572387e-02	
8.000000	16.000000	134.574482	3.205222	5.891467e-01	3.228169e-02	1.822435e+02	3.933427e-02	
8.000000	20.000000	134.555498	3.444119	5.764259e-01	2.829587e-02	1.823781e+02	3.941619e-02	
8.000000	24.000000	134.563192	3.479935	5.090661e-01	2.167643e-02	1.823958e+02	3.578624e-02	
8.000000	28.000000	136.204596	170.751308	5.998745e-01	3.220960e-02	1.823165e+02	4.123060e-02	
8.000000	32.000000	140.768625	2.351378	5.690820e-01	2.658662e-02	1.823802e+02	3.834250e-02	
8.000000	36.000000	140.768580	3.296211	5.068912e-01	2.194271e-02	1.823886e+02	3.545739e-02	
8.000000	40.000000	147.054240	3.287914	5.129282e-01	2.836104e-02	1.821065e+02	3.376534e-02	
8.000000	44.000000	159.535169	5.113015	4.828270e-01	3.388682e-02	1.810051e+02	3.104211e-02	
8.000000	48.000000	164.507413	798.545339	5.849300e-01	2.764666e-02	4.477829e+02	3.876763e-02	
8.000000	52.000000	159.563280	10.334046	5.629218e-01	2.844292e-02	4.442423e+02	3.717296e-02	
8.000000	56.000000	147.057582	3.894807	6.116193e-01	3.260942e-02	4.376228e+02	4.210935e-02	
8.000000	60.000000	134.556751	5.901916	6.168222e-01	3.359662e-02	4.303579e+02	4.259043e-02	
12.000000	0.000000	130.212665	6.542538	5.865256e-01	2.921227e-02	4.295990e+02	4.024353e-02	
12.000000	4.000000	140.788815	6.221138	5.498415e-01	2.800519e-02	1.817249e+02	3.726616e-02	
12.000000	8.000000	140.809070	5.605564	6.085963e-01	3.223386e-02	1.816110e+02	4.140822e-02	
12.000000	12.000000	140.801652	2.846048	5.611287e-01	2.582195e-02	1.817503e+02	3.768135e-02	
12.000000	16.000000	138.756235	3.792960	5.712028e-01	2.899599e-02	1.819159e+02	3.752326e-02	
12.000000	20.000000	136.185387	43.940586	4.797646e-01	3.373683e-02	1.821138e+02	3.060628e-02	
12.000000	24.000000	138.476365	124.374066	4.989780e-01	2.891074e-02	1.821190e+02	3.189513e-02	
12.000000	28.000000	140.802031	2.228935	5.265845e-01	2.696551e-02	1.821510e+02	3.488331e-02	
12.000000	32.000000	140.799213	4.670219	5.377336e-01	2.600443e-02	1.822415e+02	3.569204e-02	
12.000000	36.000000	144.477917	57.348815	5.630702e-01	2.608538e-02	1.824435e+02	3.862959e-02	
12.000000	40.000000	148.332528	41.151168	5.702987e-01	2.818714e-02	1.822028e+02	3.754256e-02	
12.000000	44.000000	159.535173	8.717960	5.153108e-01	3.146981e-02	1.811076e+02	3.280052e-02	
12.000000	48.000000	167.068960	10.372802	1.035252e+03	5.293599e+02	-1.004460e+03	1.728637e+03	
12.000000	52.000000	160.113923	6.014841	5.545018e-01	2.753461e-02	4.448546e+02	4.153069e-02	
12.000000	56.000000	152.664867	6.287300	6.329573e-01	3.260331e-02	4.384146e+02	4.257807e-02	
12.000000	60.000000	140.796824	7.680690	5.608366e-01	2.679761e-02	4.311638e+02	4.133842e-02	
16.000000	0.000000	134.545139	5.690308	6.143935e-01	3.216686e-02	4.295284e+02	4.224640e-02	
16.000000	4.000000	141.963095	76.739454	5.855154e-01	2.816445e-02	1.814695e+02	3.961298e-02	
16.000000	8.000000	140.798742	4.458952	6.308670e-01	3.303227e-02	1.812544e+02	4.199068e-02	
16.000000	12.000000	140.808281	18.099234	5.369810e-01	2.376961e-02	1.815862e+02	3.709646e-02	
16.000000	16.000000	140.833725	3.305928	5.569121e-01	3.137930e-02	1.817977e+02	3.756075e-02	
16.000000	20.000000	140.803460	2.441251	5.067171e-01	3.413541e-02	1.819630e+02	3.786912e-02	
16.000000	24.000000	140.837222	2.492187	5.356658e-01	2.817826e-02	1.818843e+02	3.855688e-02	
16.000000	28.000000	140.768440	4.101245	5.149806e-01	3.155248e-02	1.820615e+02	3.764916e-02	
16.000000	32.000000	140.768506	2.528215	5.495797e-01	3.167144e-02	1.821115e+02	3.598810e-02	
16.000000	36.000000	147.021767	2.782715	5.507794e-01	2.461868e-02	1.824810e+02	3.794179e-02	
16.000000	40.000000	152.460545	2.842510	5.393679e-01	3.027665e-02	1.820863e+02	3.459099e-02	
16.000000	44.000000	159.542518	5.784882	5.742531e-01	2.825280e-02	1.812164e+02	3.787235e-02	
16.000000	48.000000	168.363891	6.961800	3.650666e+01	6.321192e+00	3.090154e+02	2.139488e+00	
16.000000	52.000000	165.809212	4.220764	5.521619e-01	2.898303e-02	4.452523e+02	3.733092e-02	
16.000000	56.000000	153.298599	8.765931	6.022010e-01	2.786340e-02	4.396083e+02	4.064939e-02	
16.000000	60.000000	142.043131	7.784102	5.689528e-01	3.043284e-02	4.320929e+02	3.704322e-02	
20.000000	0.000000	134.551753	4.912683	6.020671e-01	3.133383e-02	4.295201e+02	4.086520e-02	
20.000000	4.000000	147.055844	5.212256	5.488011e-01	2.483452e-02	1.815806e+02	3.774727e-02	
20.000000	8.000000	145.120739	74.793094	5.643263e-01	2.948902e-02	1.812809e+02	3.760621e-02	
20.000000	12.000000	140.801673	5.249539	5.277735e-01	2.753172e-02	1.812516e+02	3.503223e-02	
20.000000	16.000000	140.801854	4.010543	6.119790e-01	2.952297e-02	1.814565e+02	4.132339e-02	
20.000000	20.000000	140.808122	4.878815	5.617647e-01	2.618656e-02	1.816342e+02	3.785698e-02	
20.000000	24.000000	140.807899	132.936768	5.767310e-01	2.553412e-02	1.817544e+02	3.957721e-02	
20.000000	28.000000	140.805338	2.785635	5.721263e-01	3.826762e-02	1.819050e+02	3.997668e-02	
20.000000	32.000000	144.530155	45.712617	6.034712e-01	2.866490e-02	1.822677e+02	4.018649e-02	
20.000000	36.000000	147.055302	5.090903	5.443916e-01	2.446118e-02	1.824407e+02	3.727465e-02	
20.000000	40.000000	153.279413	3.849521	5.398708e-01	2.633621e-02	1.821775e+02	3.622850e-02	
20.000000	44.000000	159.535162	4.174826	6.072205e-01	3.016391e-02	1.813398e+02	4.056026e-02	
20.000000	48.000000	170.156900	7.958494	2.039761e+01	3.449223e-01	3.119254e+02	4.590540e-01	
20.000000	52.000000	172.050031	5.560513	5.803668e-01	3.219931e-02	4.457618e+02	3.965398e-02	
20.000000	56.000000	159.557670	5.051930	6.838730e-01	3.600863e-02	4.404021e+02	4.645526e-02	
20.000000	60.000000	147.057903	5.456685	6.072405e-01	3.475291e-02	4.331226e+02	4.164345e-02	
24.000000	0.000000	140.805917	4.847350	5.527841e-01	2.839532e-02	4.291706e+02	3.606447e-02	
24.000000	4.000000	147.057913	6.543997	5.314392e-01	2.849287e-02	1.811949e+02	3.464564e-02	
24.000000	8.000000	147.049041	11.196724	5.285330e-01	2.825691e-02	1.811075e+02	3.709917e-02	
24.000000	12.000000	146.289935	3.602819	5.568487e-01	2.992440e-02	1.812201e+02	3.671398e-02	
24.000000	16.000000	142.487937	72.537792	5.688266e-01	2.654902e-02	1.814039e+02	3.833643e-02	
24.000000	20.000000	141.859695	5.051658	5.640932e-01	2.630802e-02	1.813753e+02	3.803163e-02	
24.000000	24.000000	142.165768	77.906858	5.729260e-01	2.947548e-02	1.817003e+02	3.895654e-02	
24.000000	28.000000	145.294614	58.547173	5.710958e-01	2.916329e-02	1.819308e+02	3.791225e-02	
24.000000	32.000000	147.021834	3.098369	5.246204e-01	3.106810e-02	1.820836e+02	3.341616e-02	
24.000000	36.000000	147.021774	3.799112	5.711988e-01	2.779168e-02	1.823733e+02	3.904676e-02	
24.000000	40.000000	153.309014	4.003573	5.351029e-01	3.339933e-02	1.820773e+02	3.567832e-02	
24.000000	44.000000	163.356068	21.293411	5.619798e-01	2.812339e-02	1.812974e+02	3.746698e-02	
24.000000	48.000000	174.743213	8.135589	5.159210e-01	3.147070e-02	1.798307e+02	3.528960e-02	
24.000000	52.000000	173.357531	925.705952	5.786205e-01	3.081856e-02	4.462755e+02	3.947649e-02	
24.000000	56.000000	165.790002	8.493389	6.035680e-01	2.595723e-02	4.413114e+02	4.147286e-02	
24.000000	60.000000	153.297450	7.090410	6.362205e-01	3.163159e-02	4.339740e+02	4.191406e-02	
28.000000	0.000000	140.800013	5.139860	6.204027e-01	3.096789e-02	4.290216e+02	4.079938e-02	
28.000000	4.000000	151.548980	5.544789	5.552764e-01	2.678007e-02	1.808421e+02	4.024694e-02	
28.000000	8.000000	148.410631	6.823412	5.790163e-01	2.603040e-02	1.806985e+02	3.888014e-02	
28.000000	12.000000	147.052081	5.828689	5.852430e-01	3.014762e-02	1.810105e+02	3.841173e-02	
28.000000	16.000000	147.045137	4.308982	5.595453e-01	2.609969e-02	1.813107e+02	3.749998e-02	
28.000000	20.000000	147.049205	3.543165	5.513361e-01	2.544590e-02	1.813912e+02	3.782292e-02	
28.000000	24.000000	147.059217	3.135033	5.545704e-01	2.499554e-02	1.814858e+02	3.815790e-02	
28.000000	28.000000	147.051803	4.033620	5.411339e-01	2.973811e-02	1.817890e+02	3.628238e-02	
28.000000	32.000000	147.054696	3.810307	5.197969e-01	2.953305e-02	1.819162e+02	3.662663e-02	
28.000000	36.000000	151.576573	2.950082	5.264743e-01	2.922331e-02	1.821464e+02	3.384191e-02	
28.000000	40.000000	153.963154	3.690330	5.228954e-01	5.291545e-02	1.820696e+02	4.260853e-02	
28.000000	44.000000	165.330531	4.167495	5.466162e-01	2.616838e-02	1.813301e+02	3.731706e-02	
28.000000	48.000000	176.442365	6.636882	5.392255e-01	3.583808e-02	1.798921e+02	3.637417e-02	
28.000000	52.000000	178.303954	6.688581	5.911303e-01	2.764352e-02	4.466045e+02	3.977295e-02	
28.000000	56.000000	170.439804	5.207960	5.671084e-01	2.831949e-02	4.422113e+02	3.731473e-02	
28.000000	60.000000	157.885989	6.611777	5.693443e-01	2.806497e-02	4.351798e+02	3.756053e-02	
32.000000	0.000000	147.046061	6.763362	6.143644e-01	3.240112e-02	4.289970e+02	4.247607e-02	
32.000000	4.000000	153.300894	10.490033	5.869767e-01	2.863115e-02	1.804626e+02	4.012707e-02	
32.000000	8.000000	153.325984	7.141584	5.711243e-01	2.672469e-02	1.803896e+02	3.849865e-02	
32.000000	12.000000	151.567573	4.527736	6.544348e-01	3.840961e-02	1.805968e+02	4.570162e-02	
32.000000	16.000000	147.651326	5.997070	5.633479e-01	3.233372e-02	1.809821e+02	4.042515e-02	
32.000000	20.000000	147.050813	3.799834	4.849986e-01	2.728203e-02	1.812057e+02	3.219342e-02	
32.000000	24.000000	147.051976	3.570593	5.357048e-01	2.574987e-02	1.812676e+02	3.569569e-02	
32.000000	28.000000	147.573429	4.630683	5.366053e-01	2.430217e-02	1.816241e+02	3.694637e-02	
32.000000	32.000000	151.655259	0.026211	5.319464e-01	2.932712e-02	1.817942e+02	3.555661e-02	
32.000000	36.000000	153.337222	36.132497	5.648711e-01	3.005152e-02	1.821802e+02	3.693964e-02	
32.000000	40.000000	159.535204	3.538741	5.090864e-01	2.660148e-02	1.822081e+02	3.356658e-02	
32.000000	44.000000	165.804437	0.003028	5.742597e-01	2.820451e-02	1.816313e+02	3.925076e-02	
32.000000	48.000000	178.337222	12.660268	5.141166e-01	2.505167e-02	1.802715e+02	3.460297e-02	
32.000000	52.000000	184.551703	7.494902	5.745578e-01	3.263576e-02	4.472107e+02	3.917105e-02	
32.000000	56.000000	177.098681	794.203163	5.783307e-01	2.549937e-02	4.432381e+02	4.008402e-02	
32.000000	60.000000	163.405096	1122.790583	5.821303e-01	2.706270e-02	4.363720e+02	3.912817e-02	
36.000000	0.000000	151.706868	616.315792	6.073472e-01	3.233813e-02	4.296415e+02	4.178588e-02	
36.000000	4.000000	158.825210	248.761626	5.702767e-01	2.779396e-02	1.804063e+02	3.856857e-02	
36.000000	8.000000	155.164051	136.047944	4.313501e+00	1.742823e+02	1.879942e+02	1.207726e+02	
36.000000	12.000000	153.302957	5.303838	5.093361e-01	2.578646e-02	1.802518e+02	3.456405e-02	
36.000000	16.000000	153.307912	5.336558	6.047304e-01	3.262976e-02	1.806783e+02	4.154656e-02	
36.000000	20.000000	152.599830	3.168384	5.174145e-01	3.041175e-02	1.809275e+02	3.706953e-02	
36.000000	24.000000	152.663516	3.643229	5.050240e-01	3.028967e-02	1.811231e+02	3.189800e-02	
36.000000	28.000000	153.337222	3.550101	5.709750e-01	3.018684e-02	1.812525e+02	3.788550e-02	
36.000000	32.000000	153.301979	5.155179	5.762484e-01	2.728819e-02	1.815047e+02	3.940970e-02	
36.000000	36.000000	154.807635	67.492441	5.075088e-01	3.151358e-02	1.820123e+02	3.212876e-02	
36.000000	40.000000	159.546912	4.428263	5.976574e-01	2.863220e-02	1.822627e+02	3.972190e-02	
36.000000	44.000000	166.988725	7.376505	5.571388e-01	2.616676e-02	1.816178e+02	3.814944e-02	
36.000000	48.000000	178.307904	4.938762	5.612166e-01	2.591819e-02	1.804886e+02	3.818781e-02	
36.000000	52.000000	189.774295	6.682554	5.838895e-01	2.834773e-02	4.475422e+02	3.999869e-02	
36.000000	56.000000	183.607861	6.847416	5.863925e-01	2.994200e-02	4.440254e+02	3.827019e-02	
36.000000	60.000000	170.310194	6.288834	5.909466e-01	2.670225e-02	4.376581e+02	3.978012e-02	
40.000000	0.000000	158.035919	7.107414	6.330972e-01	2.995477e-02	4.307687e+02	4.238387e-02	
40.000000	4.000000	160.958906	25.918450	1.608698e+02	1.938337e+02	2.109431e+02	2.303169e+03	
40.000000	8.000000	158.609528	7.345635	5.265022e-01	2.857444e-02	1.797762e+02	3.588148e-02	
40.000000	12.000000	158.653968	6.231311	5.448786e-01	2.624200e-02	1.801970e+02	3.666882e-02	
40.000000	16.000000	155.833566	79.160934	6.091663e-01	3.309333e-02	1.803300e+02	4.200122e-02	
40.000000	20.000000	153.643136	4.622669	5.668507e-01	2.645262e-02	1.803708e+02	3.817505e-02	
40.000000	24.000000	153.307871	3.910125	5.640053e-01	2.667216e-02	1.806035e+02	3.861466e-02	
40.000000	28.000000	154.160013	4.720185	5.500770e-01	3.356599e-02	1.810099e+02	3.930197e-02	
40.000000	32.000000	156.755460	150.751014	5.434012e-01	2.419214e-02	1.814937e+02	3.737507e-02	
40.000000	36.000000	159.535194	3.471915	5.287165e-01	2.841874e-02	1.818940e+02	3.732360e-02	
40.000000	40.000000	163.596556	165.148674	5.744581e-01	3.061086e-02	1.820194e+02	3.782393e-02	
40.000000	44.000000	172.044335	4.787870	5.000025e-01	3.144044e-02	1.819547e+02	3.360312e-02	
40.000000	48.000000	183.534947	6.673352	5.214120e-01	2.775115e-02	1.808797e+02	3.483181e-02	
40.000000	52.000000	192.040887	7.794200	5.619551e-01	3.367498e-02	4.479943e+02	4.131729e-02	
40.000000	56.000000	190.791365	7.848567	5.353149e-01	2.863593e-02	4.448136e+02	3.484621e-02	
40.000000	60.000000	178.297448	11.678858	6.178883e-01	3.188648e-02	4.388936e+02	4.790738e-02	
44.000000	0.000000	165.791535	7.797555	6.113867e-01	3.063112e-02	4.320301e+02	4.032753e-02	
44.000000	4.000000	164.886384	354.259491	3.293632e+02	1.620893e+02	-7.416179e+02	9.990594e+02	
44.000000	8.000000	164.101231	29.996595	3.445643e+02	1.777297e+02	-7.359628e+02	1.068091e+03	
44.000000	12.000000	169.226326	7.497311	8.622590e+02	7.532597e+02	2.185145e+03	7.186721e+02	
44.000000	16.000000	159.671662	6.597712	4.867299e-01	3.532900e-02	1.800017e+02	3.292221e-02	
44.000000	20.000000	158.753224	4.857334	1.764650e+02	1.657592e+02	-1.306398e+02	1.328049e+02	
44.000000	24.000000	159.548866	5.221347	5.656022e-01	2.617653e-02	1.805188e+02	3.881385e-02	
44.000000	28.000000	159.551759	185.500883	6.111521e-01	3.941869e-02	1.808571e+02	4.399435e-02	
44.000000	32.000000	159.550813	4.084375	5.830290e-01	2.593389e-02	1.812930e+02	3.940448e-02	
44.000000	36.000000	161.224055	190.057006	5.954659e-01	2.581361e-02	1.817035e+02	4.077172e-02	
44.000000	40.000000	165.804901	4.486365	5.037116e-01	2.954846e-02	1.819227e+02	3.288468e-02	
44.000000	44.000000	172.494221	5.198761	5.689700e-01	3.348244e-02	1.818212e+02	3.871822e-02	
44.000000	48.000000	184.552533	6.993189	5.466432e-01	2.947081e-02	1.810450e+02	3.507222e-02	
44.000000	52.000000	199.436881	7.400519	2.056236e+01	2.338328e-01	3.159572e+02	3.885607e-01	
44.000000	56.000000	201.476145	990.038741	5.323823e-01	2.507300e-02	4.456762e+02	3.645744e-02	
44.000000	60.000000	185.874178	639.346103	6.367521e-01	3.607110e-02	4.406199e+02	4.427506e-02	
48.000000	0.000000	172.055875	6.252697	5.963150e-01	2.620255e-02	4.337710e+02	4.517923e-02	
48.000000	4.000000	171.492737	40.553647	1.034553e+03	1.093922e+03	3.550943e+03	4.675849e+03	
48.000000	8.000000	167.166454	9.118436	5.090064e+02	1.420532e+02	2.296503e+03	9.524375e+02	
48.000000	12.000000	168.679413	11.094988	1.339022e+03	1.254220e+03	3.409313e+03	1.368887e+03	
48.000000	16.000000	165.171366	109.078176	3.374728e+01	3.736385e+00	3.121769e+02	6.125770e-01	
48.000000	20.000000	164.104759	88.410423	5.138875e-01	3.103726e-02	1.798299e+02	3.482197e-02	
48.000000	24.000000	165.142701	52.263120	5.446436e-01	2.718360e-02	1.801448e+02	3.862724e-02	
48.000000	28.000000	164.922819	29.651730	1.764751e+02	1.669582e+02	-1.381804e+02	1.089699e+02	
48.000000	32.000000	165.819657	50.246663	5.453702e-01	3.235228e-02	1.808986e+02	4.704692e-02	
48.000000	36.000000	165.804856	4.398991	5.493078e-01	2.739284e-02	1.812934e+02	3.731770e-02	
48.000000	40.000000	172.044317	5.929283	6.128590e-01	3.466408e-02	1.817179e+02	4.252504e-02	
48.000000	44.000000	178.304720	35.932143	5.723349e-01	2.871375e-02	1.816686e+02	3.905032e-02	
48.000000	48.000000	189.786843	5.847035	4.698386e-01	3.312927e-02	1.811065e+02	2.882800e-02	
48.000000	52.000000	201.665856	177.103248	8.683739e+02	5.819266e+02	2.783386e+03	4.985421e+03	
48.000000	56.000000	211.185387	5.349083	6.152250e-01	3.284710e-02	4.466041e+02	4.237734e-02	
48.000000	60.000000	197.458762	65.628440	6.017199e-01	3.017604e-02	4.420471e+02	3.973280e-02	
52.000000	0.000000	184.545197	6.874155	6.240410e-01	3.346145e-02	4.355095e+02	4.300980e-02	
52.000000	4.000000	181.084653	52.749143	5.931652e-01	3.004334e-02	4.475781e+02	4.033188e-02	
52.000000	8.000000	178.936734	35.390017	5.735433e-01	2.831589e-02	4.473776e+02	3.862526e-02	
52.000000	12.000000	175.270180	1007.344906	3.506547e+02	3.196000e+02	1.320114e+03	2.319393e+02	
52.000000	16.000000	173.384607	53.441169	6.272354e+01	3.054623e+01	3.119041e+02	4.646980e+00	
52.000000	20.000000	176.177526	7.042653	1.340054e+02	1.743646e+02	1.967136e+02	3.168729e+02	
52.000000	24.000000	173.397999	9.611999	2.133465e+01	4.297902e-01	3.111746e+02	4.816790e-01	
52.000000	28.000000	172.524210	6.356058	3.911735e+02	3.692415e+02	-1.344223e+02	3.241667e+02	
52.000000	32.000000	172.602359	6.021615	5.767402e-01	2.658607e-02	1.803398e+02	3.871354e-02	
52.000000	36.000000	173.458906	37.677470	5.793927e-01	3.626371e-02	1.810453e+02	4.306088e-02	
52.000000	40.000000	178.298480	7.761088	5.190023e-01	2.275991e-02	1.813782e+02	3.610448e-02	
52.000000	44.000000	184.553759	8.788650	5.720200e-01	2.753875e-02	1.816033e+02	3.914050e-02	
52.000000	48.000000	195.045404	218.064882	6.303505e-01	3.200855e-02	1.811653e+02	4.167100e-02	
52.000000	52.000000	207.783538	9.270460	3.923150e+02	9.857407e+01	-1.247701e+03	5.745000e+02	
52.000000	56.000000	222.573484	9.949274	6.133830e-01	3.056113e-02	4.472426e+02	4.064196e-02	
52.000000	60.000000	215.802219	10.930877	6.135652e-01	3.267537e-02	4.433497e+02	4.113902e-02	
56.000000	0.000000	201.580689	668.589536	6.329988e-01	3.165199e-02	4.371564e+02	4.181604e-02	
56.000000	4.000000	207.865169	39.996085	6.174036e-01	3.046607e-02	4.466676e+02	4.096785e-02	
56.000000	8.000000	204.526111	32.370434	6.810312e-01	4.380891e-02	4.463393e+02	4.907477e-02	
56.000000	12.000000	198.511177	842.816620	5.869768e-01	3.170990e-02	4.467212e+02	4.026847e-02	
56.000000	16.000000	194.904075	49.149959	5.690136e-01	2.559694e-02	4.472188e+02	3.931314e-02	
56.000000	20.000000	190.893562	379.121571	5.717986e-01	2.747158e-02	4.476105e+02	3.939827e-02	
56.000000	24.000000	185.939647	889.585847	1.036937e+02	1.503041e+02	3.218105e+02	2.608061e+01	
56.000000	28.000000	187.606337	42.735107	6.180595e+02	2.657855e+02	2.167150e+03	1.571571e+03	
56.000000	32.000000	189.554094	37.410791	5.064538e-01	2.685951e-02	1.797449e+02	3.631955e-02	
56.000000	36.000000	185.990821	9.289551	5.974544e-01	2.992348e-02	1.804812e+02	4.096378e-02	
56.000000	40.000000	189.097218	6.374409	5.813499e-01	3.042240e-02	1.808039e+02	3.824466e-02	
56.000000	44.000000	193.273868	174.304045	5.280301e-01	3.241857e-02	1.810862e+02	3.434669e-02	
56.000000	48.000000	203.301783	8.466081	5.516346e-01	3.356258e-02	1.809596e+02	4.284573e-02	
56.000000	52.000000	217.321656	169.448523	5.244904e+02	9.184963e+01	-1.479393e+03	5.133610e+02	
56.000000	56.000000	234.545144	12.528124	5.050240e-01	3.028954e-02	4.478769e+02	3.189729e-02	
56.000000	60.000000	241.568137	10.508044	6.102491e-01	3.919067e-02	4.448847e+02	6.376809e-02	
60.000000	0.000000	226.629988	8.221749	6.607517e-01	3.046324e-02	4.397460e+02	4.548892e-02	
60.000000	4.000000	316.206751	254.543273	5.935562e-01	3.030494e-02	4.453779e+02	4.067217e-02	
60.000000	8.000000	305.630092	157.934868	6.031630e-01	3.049232e-02	4.453724e+02	4.042485e-02	
60.000000	12.000000	290.477509	665.657471	5.863595e-01	2.594021e-02	4.457823e+02	4.328432e-02	
60.000000	16.000000	275.857182	773.579356	5.735433e-01	2.831589e-02	4.463776e+02	3.862526e-02	
60.000000	20.000000	264.130672	757.973324	5.977700e-01	2.956710e-02	4.469002e+02	4.176870e-02	
60.000000	24.000000	253.849159	192.522946	6.764734e-01	4.200678e-02	4.474400e+02	4.794479e-02	
60.000000	28.000000	244.120163	125.390098	4.990428e+02	1.024209e+02	2.184600e+03	6.082114e+02	
60.000000	32.000000	234.554623	118.681362	2.284572e+01	3.517489e-01	3.140207e+02	4.911716e-01	
60.000000	36.000000	226.543391	50.417526	1.119102e+00	6.655224e+02	1.799528e+02	1.000000e+00	
60.000000	40.000000	220.476835	674.214492	3.507169e+02	2.294627e+02	-3.413015e+02	3.011931e+02	
60.000000	44.000000	219.702904	941.509660	5.985644e-01	2.945908e-02	1.804931e+02	4.049506e-02	
60.000000	48.000000	223.507202	43.497402	5.287377e-01	2.298824e-02	1.805576e+02	3.672848e-02	
60.000000	52.000000	236.057802	44.685584	5.114753e-01	3.188960e-02	1.800563e+02	3.679413e-02	
60.000000	56.000000	253.905056	27.816723	1.799913e+02	4.086109e+02	1.316345e+02	1.801009e+03	
60.000000	60.000000	285.178416	19.460085	5.034955e-01	3.629532e-02	4.460499e+02	3.412917e-02	
0.000000	0.000000	282.851231	21.952989	5.481357e-01	2.454845e-02	4.425570e+02	3.775563e-02	
