0.000000	4.000000	135.931292	107.704062	5.513794e-01	2.476381e-02	3.294714e+02	3.805212e-02	
0.000000	8.000000	131.757015	77.914700	5.672235e-01	2.809206e-02	3.288148e+02	3.728525e-02	
0.000000	12.000000	130.479893	3.837791	5.250350e-01	2.514084e-02	3.287089e+02	3.543177e-02	
0.000000	16.000000	130.418916	3.867057	5.685760e-01	2.684051e-02	3.285752e+02	3.895331e-02	
0.000000	20.000000	132.354035	3.183716	5.724776e-01	2.788076e-02	3.288324e+02	3.796666e-02	
0.000000	24.000000	133.492696	200.046156	5.208157e-01	3.087142e-02	3.291337e+02	3.338766e-02	
0.000000	28.000000	128.247823	2.341416	5.065112e-01	2.062895e-02	3.294950e+02	3.592656e-02	
0.000000	32.000000	128.300182	1.728286	5.970435e-01	2.891344e-02	3.298643e+02	3.987144e-02	
0.000000	36.000000	129.178141	44.506760	5.392578e-01	2.462164e-02	3.303714e+02	3.706978e-02	
0.000000	40.000000	134.570060	1.471195	5.493588e-01	2.920253e-02	3.309272e+02	3.724246e-02	
0.000000	44.000000	140.805870	1.088200	4.910459e-01	3.014835e-02	3.309174e+02	3.088197e-02	
0.000000	48.000000	157.940539	3.837743	5.469410e-01	2.848846e-02	3.298823e+02	3.562239e-02	
0.000000	52.000000	153.898652	505.999427	5.414341e-01	2.486084e-02	3.253731e+02	3.688140e-02	
0.000000	56.000000	140.800013	5.828306	5.787555e-01	2.766056e-02	3.164693e+02	3.929454e-02	
0.000000	60.000000	128.305858	4.681943	6.113158e-01	3.245684e-02	3.106091e+02	4.215645e-02	
4.000000	0.000000	122.695556	8.234804	5.443037e-01	2.499905e-02	3.116234e+02	3.737058e-02	
4.000000	4.000000	139.063469	78.935785	4.856141e-01	2.569500e-02	3.292339e+02	3.286541e-02	
4.000000	8.000000	136.611495	73.221285	5.101737e-01	2.114835e-02	3.284452e+02	3.599370e-02	
4.000000	12.000000	134.434675	105.780966	5.092690e-01	2.416167e-02	3.282961e+02	3.510200e-02	
4.000000	16.000000	122.871295	55.535182	5.564116e-01	2.656876e-02	3.283582e+02	3.811733e-02	
4.000000	20.000000	130.167923	3.998643	5.587727e-01	2.552945e-02	3.285285e+02	3.848017e-02	
4.000000	24.000000	132.967480	2.380580	5.356541e-01	2.988037e-02	3.290404e+02	3.405727e-02	
4.000000	28.000000	132.889892	184.670247	5.407639e-01	2.531765e-02	3.293306e+02	3.657252e-02	
4.000000	32.000000	132.130737	24.003642	5.184892e-01	2.836156e-02	3.297916e+02	3.465576e-02	
4.000000	36.000000	134.569709	1.492476	5.277134e-01	2.709363e-02	3.301485e+02	3.519358e-02	
4.000000	40.000000	134.504644	108.190374	5.593202e-01	3.004589e-02	3.307846e+02	3.685851e-02	
4.000000	44.000000	142.805569	43.729763	6.001327e-01	3.340202e-02	3.307269e+02	4.146009e-02	
4.000000	48.000000	159.571918	2.989946	5.693443e-01	2.806595e-02	3.298202e+02	3.756160e-02	
4.000000	52.000000	159.538618	1.519485	5.440237e-01	2.613812e-02	3.257724e+02	3.631272e-02	
4.000000	56.000000	146.090843	335.437560	5.682745e-01	3.151548e-02	3.172251e+02	3.786767e-02	
4.000000	60.000000	133.344684	725.671888	6.084066e-01	3.272304e-02	3.103442e+02	4.190224e-02	
8.000000	0.000000	128.305355	4.668692	5.425403e-01	2.481901e-02	3.116193e+02	3.736744e-02	
8.000000	4.000000	139.225434	22.625491	5.441011e-01	3.326449e-02	3.290973e+02	3.635162e-02	
8.000000	8.000000	135.716176	31.679671	5.297635e-01	2.429233e-02	3.283487e+02	3.607294e-02	
8.000000	12.000000	135.146362	5.143985	5.306909e-01	2.889219e-02	3.281685e+02	3.435267e-02	
8.000000	16.000000	134.996229	3.880446	5.277134e-01	2.709363e-02	3.281485e+02	3.519358e-02	
8.000000	20.000000	127.697973	52.089302	5.513361e-01	2.544578e-02	3.283912e+02	3.782282e-02	
8.000000	24.000000	132.692042	3.075674	5.302265e-01	3.032445e-02	3.288165e+02	3.525415e-02	
8.000000	28.000000	132.692366	2.279339	5.495690e-01	2.845606e-02	3.292054e+02	3.601308e-02	
8.000000	32.000000	134.553471	1.947370	5.136732e-01	2.126289e-02	3.295150e+02	3.626201e-02	
8.000000	36.000000	134.504922	1.462109	4.976671e-01	3.599491e-02	3.300163e+02	3.669001e-02	
8.000000	40.000000	135.240441	1.101865	5.672252e-01	2.678927e-02	3.305846e+02	3.885344e-02	
8.000000	44.000000	146.158895	1.293012	6.304447e-01	3.444761e-02	3.304952e+02	4.362823e-02	
8.000000	48.000000	158.752735	3.343793	5.417322e-01	2.592574e-02	3.296757e+02	3.707451e-02	
8.000000	52.000000	164.853639	2.621943	5.127014e-01	3.217375e-02	3.261178e+02	3.281509e-02	
8.000000	56.000000	147.049603	8.888279	5.970986e-01	2.970441e-02	3.179035e+02	3.933213e-02	
8.000000	60.000000	134.555898	9.757342	5.367494e-01	2.885322e-02	3.101138e+02	3.453304e-02	
12.000000	0.000000	128.300068	5.218186	5.707785e-01	2.587925e-02	3.112679e+02	3.852617e-02	
12.000000	4.000000	138.402257	4.671849	5.662691e-01	3.412021e-02	3.288393e+02	3.852107e-02	
12.000000	8.000000	135.028321	5.440187	4.714662e-01	3.563888e-02	3.279766e+02	2.929444e-02	
12.000000	12.000000	135.090566	4.713785	5.914419e-01	3.480891e-02	3.278004e+02	4.090623e-02	
12.000000	16.000000	135.059349	7.097249	5.354673e-01	2.715247e-02	3.277354e+02	3.624252e-02	
12.000000	20.000000	135.788907	3.207532	5.032118e-01	3.023292e-02	3.280639e+02	3.334186e-02	
12.000000	24.000000	131.188122	2.409317	6.121242e-01	3.188579e-02	3.285047e+02	4.215777e-02	
12.000000	28.000000	132.834941	46.438028	5.356541e-01	2.988037e-02	3.290404e+02	3.405727e-02	
12.000000	32.000000	133.927863	231.462748	5.445832e-01	2.528013e-02	3.293626e+02	3.733378e-02	
12.000000	36.000000	134.554792	34.032631	5.404128e-01	2.926628e-02	3.298895e+02	4.121723e-02	
12.000000	40.000000	139.635172	1.621787	5.295506e-01	2.577304e-02	3.302610e+02	3.534492e-02	
12.000000	44.000000	147.021788	1.668716	5.367683e-01	2.526967e-02	3.303330e+02	3.683191e-02	
12.000000	48.000000	158.849909	5.895309	4.913378e-01	1.968955e-02	3.295468e+02	3.542878e-02	
12.000000	52.000000	165.803761	3.583115	5.543658e-01	2.722631e-02	3.263168e+02	3.775639e-02	
12.000000	56.000000	153.323780	11.928177	5.608366e-01	2.680550e-02	3.188362e+02	4.135028e-02	
12.000000	60.000000	134.955486	6.976311	4.760764e-01	3.518867e-02	3.099866e+02	3.013581e-02	
16.000000	0.000000	130.182682	1067.467813	5.081508e-01	3.183721e-02	3.111265e+02	3.239344e-02	
16.000000	4.000000	143.666326	4.596327	5.977765e-01	3.163696e-02	3.286653e+02	4.111693e-02	
16.000000	8.000000	139.925147	3.689961	6.202821e-01	4.031823e-02	3.278514e+02	4.514810e-02	
16.000000	12.000000	139.107530	5.245754	5.361281e-01	2.402330e-02	3.276100e+02	3.697595e-02	
16.000000	16.000000	135.990821	8.986725	5.522700e-01	2.836721e-02	3.277294e+02	3.741785e-02	
16.000000	20.000000	134.990088	4.336431	5.606132e-01	3.034235e-02	3.277623e+02	3.802714e-02	
16.000000	24.000000	136.742222	2.704426	5.790760e-01	3.268014e-02	3.282231e+02	3.965368e-02	
16.000000	28.000000	133.568615	37.972812	5.277808e-01	2.921205e-02	3.289042e+02	3.812628e-02	
16.000000	32.000000	134.541518	1.884146	5.319464e-01	2.932694e-02	3.292058e+02	3.555701e-02	
16.000000	36.000000	135.857531	63.186290	5.692344e-01	2.642736e-02	3.296610e+02	3.821181e-02	
16.000000	40.000000	140.804188	132.445863	5.465839e-01	4.022241e-02	3.300481e+02	3.780193e-02	
16.000000	44.000000	147.055837	17.654545	5.652970e-01	2.644017e-02	3.304294e+02	3.875067e-02	
16.000000	48.000000	158.447282	3.401273	5.222105e-01	2.236512e-02	3.295735e+02	3.651058e-02	
16.000000	52.000000	172.054262	3.371514	5.944214e-01	3.460716e-02	3.267867e+02	4.111710e-02	
16.000000	56.000000	158.035919	831.954831	4.556773e-01	3.133305e-02	3.198724e+02	2.885281e-02	
16.000000	60.000000	140.800056	7.830849	4.921062e-01	3.098757e-02	3.100488e+02	3.140916e-02	
20.000000	0.000000	134.555393	9.544103	5.394581e-01	3.674418e-02	3.109889e+02	4.327837e-02	
20.000000	4.000000	142.261177	25.945910	5.865355e-01	2.863020e-02	3.284859e+02	4.027556e-02	
20.000000	8.000000	140.810053	32.801030	5.919908e-01	2.676677e-02	3.276586e+02	3.994987e-02	
20.000000	12.000000	140.805926	14.458395	5.382851e-01	2.414708e-02	3.274400e+02	3.705742e-02	
20.000000	16.000000	140.792884	4.413554	5.433229e-01	2.418557e-02	3.275034e+02	3.738694e-02	
20.000000	20.000000	137.285270	9.281030	5.682626e-01	3.027055e-02	3.277392e+02	3.869637e-02	
20.000000	24.000000	135.393762	168.445656	4.944864e-01	2.591890e-02	3.282333e+02	3.372452e-02	
20.000000	28.000000	138.468097	2.826697	5.899320e-01	3.218378e-02	3.287261e+02	4.053417e-02	
20.000000	32.000000	139.075332	53.995507	5.724600e-01	5.115609e-02	3.290614e+02	4.911965e-02	
20.000000	36.000000	139.762896	2.315458	5.048040e-01	2.126784e-02	3.295956e+02	3.575112e-02	
20.000000	40.000000	140.802173	2.095457	5.373710e-01	3.082671e-02	3.299644e+02	3.692363e-02	
20.000000	44.000000	147.864833	1.910298	5.323823e-01	2.507159e-02	3.303238e+02	3.645610e-02	
20.000000	48.000000	160.393999	61.782935	4.739359e-01	2.866732e-02	3.298214e+02	3.198257e-02	
20.000000	52.000000	174.933269	4.420984	5.497708e-01	2.849551e-02	3.271790e+02	3.586541e-02	
20.000000	56.000000	159.546118	18.118026	5.609323e-01	3.115250e-02	3.207841e+02	3.793309e-02	
20.000000	60.000000	145.323171	665.746700	5.568317e-01	2.607997e-02	3.107174e+02	3.732284e-02	
24.000000	0.000000	135.940891	11.302550	5.668162e-01	2.656192e-02	3.108233e+02	4.181624e-02	
24.000000	4.000000	143.861314	112.878076	5.682343e-01	3.002072e-02	3.282572e+02	3.772818e-02	
24.000000	8.000000	143.552273	67.007666	5.285431e-01	2.258171e-02	3.275388e+02	3.678720e-02	
24.000000	12.000000	141.964081	80.466605	5.398873e-01	2.415702e-02	3.274595e+02	3.720414e-02	
24.000000	16.000000	140.800314	6.042707	5.165826e-01	2.805245e-02	3.272125e+02	3.458169e-02	
24.000000	20.000000	140.795217	3.596344	5.435405e-01	2.402843e-02	3.275383e+02	3.761388e-02	
24.000000	24.000000	137.332804	210.505142	5.324606e-01	3.231599e-02	3.279829e+02	3.737824e-02	
24.000000	28.000000	136.498521	2.767390	5.488000e-01	2.512185e-02	3.283755e+02	3.714435e-02	
24.000000	32.000000	139.139891	69.720259	5.004100e-01	2.897845e-02	3.288861e+02	3.208942e-02	
24.000000	36.000000	139.618264	138.351485	5.150062e-01	2.253076e-02	3.293895e+02	3.583506e-02	
24.000000	40.000000	144.646197	218.562027	5.223370e-01	3.850225e-02	3.299391e+02	3.442088e-02	
24.000000	44.000000	152.468879	378.770566	5.074561e-01	3.201891e-02	3.301383e+02	3.303437e-02	
24.000000	48.000000	164.111731	59.907827	4.935399e-01	2.002637e-02	3.295622e+02	3.552519e-02	
24.000000	52.000000	178.295719	7.372631	5.220897e-01	2.344032e-02	3.273591e+02	3.622169e-02	
24.000000	56.000000	165.805426	4.431814	5.350314e-01	2.359165e-02	3.215819e+02	3.709019e-02	
24.000000	60.000000	147.460732	7.734626	5.584311e-01	2.538508e-02	3.115000e+02	3.838551e-02	
28.000000	0.000000	140.799215	8.785226	5.460096e-01	2.452058e-02	3.105400e+02	3.741863e-02	
28.000000	4.000000	147.532492	30.429878	5.553424e-01	2.926032e-02	3.279380e+02	3.589455e-02	
28.000000	8.000000	147.085832	32.695482	5.627586e-01	3.242972e-02	3.270902e+02	3.756628e-02	
28.000000	12.000000	147.052234	6.791423	5.213766e-01	3.196449e-02	3.269322e+02	3.983926e-02	
28.000000	16.000000	145.832716	4.037572	5.934766e-01	3.175939e-02	3.269670e+02	4.212825e-02	
28.000000	20.000000	142.095361	12.459342	5.537645e-01	2.597117e-02	3.273054e+02	3.710608e-02	
28.000000	24.000000	141.290537	3.339706	5.646338e-01	3.179750e-02	3.277900e+02	3.833622e-02	
28.000000	28.000000	140.595588	171.899509	5.222255e-01	2.677238e-02	3.282490e+02	3.530379e-02	
28.000000	32.000000	139.922606	38.040705	5.318457e-01	2.463929e-02	3.286583e+02	3.661159e-02	
28.000000	36.000000	144.025430	80.219618	5.260699e-01	2.530881e-02	3.293038e+02	3.602399e-02	
28.000000	40.000000	147.055868	2.211255	5.463133e-01	5.026075e-02	3.299446e+02	4.424746e-02	
28.000000	44.000000	153.307101	3.149411	5.414526e-01	2.884460e-02	3.300777e+02	3.544465e-02	
28.000000	48.000000	164.966512	3.239720	5.148764e-01	2.628205e-02	3.297775e+02	3.409287e-02	
28.000000	52.000000	178.788662	9.776277	5.282441e-01	3.157227e-02	3.278399e+02	3.500091e-02	
28.000000	56.000000	172.056579	4.008977	6.050931e-01	3.096549e-02	3.225377e+02	4.153246e-02	
28.000000	60.000000	153.297960	6.435424	5.161104e-01	3.376124e-02	3.129477e+02	4.031038e-02	
32.000000	0.000000	145.336697	917.682852	5.724678e-01	2.717213e-02	3.106188e+02	3.842793e-02	
32.000000	4.000000	151.775710	6.885635	5.932606e-01	3.212082e-02	3.279343e+02	4.490194e-02	
32.000000	8.000000	151.716023	7.437758	5.362543e-01	2.806828e-02	3.271184e+02	3.847798e-02	
32.000000	12.000000	150.182346	138.758987	5.458530e-01	3.313493e-02	3.268485e+02	3.656868e-02	
32.000000	16.000000	147.927079	5.660969	5.958931e-01	2.983632e-02	3.265470e+02	4.084906e-02	
32.000000	20.000000	147.055499	4.395443	5.673554e-01	4.974501e-02	3.270487e+02	4.694957e-02	
32.000000	24.000000	141.579953	85.228930	5.731101e-01	2.831298e-02	3.276413e+02	3.923941e-02	
32.000000	28.000000	142.303724	31.747135	4.931804e-01	2.885528e-02	3.281403e+02	3.163033e-02	
32.000000	32.000000	142.307958	2.677795	5.656022e-01	2.617649e-02	3.284812e+02	3.881383e-02	
32.000000	36.000000	145.458840	2.460525	5.283787e-01	3.082757e-02	3.290734e+02	3.372447e-02	
32.000000	40.000000	146.184442	2.618429	5.884772e-01	2.949422e-02	3.297110e+02	3.903341e-02	
32.000000	44.000000	154.189960	2.804184	5.258869e-01	3.103890e-02	3.298765e+02	3.383658e-02	
32.000000	48.000000	164.949913	5.536816	5.469323e-01	2.455252e-02	3.295081e+02	3.756916e-02	
32.000000	52.000000	183.010998	496.071785	5.198168e-01	2.602871e-02	3.277632e+02	3.454237e-02	
32.000000	56.000000	178.305647	4.685722	5.493231e-01	2.841625e-02	3.231488e+02	3.571930e-02	
32.000000	60.000000	159.558314	7.220766	5.375414e-01	2.444778e-02	3.136246e+02	3.707530e-02	
36.000000	0.000000	147.063153	5.771864	4.739886e-01	3.380489e-02	3.100025e+02	2.906625e-02	
36.000000	4.000000	154.078729	7.488927	5.267406e-01	2.255855e-02	3.274418e+02	3.666958e-02	
36.000000	8.000000	153.841710	8.632523	6.064576e-01	3.246727e-02	3.266516e+02	4.181984e-02	
36.000000	12.000000	153.301891	25.309645	5.638904e-01	2.625675e-02	3.263339e+02	3.785475e-02	
36.000000	16.000000	153.302256	5.628793	5.957174e-01	3.103254e-02	3.263497e+02	4.084894e-02	
36.000000	20.000000	150.871617	6.580945	5.869315e-01	2.745642e-02	3.266407e+02	3.937057e-02	
36.000000	24.000000	147.085796	205.911805	5.679196e-01	2.851460e-02	3.272516e+02	3.756350e-02	
36.000000	28.000000	144.980210	83.830727	5.768255e-01	2.886575e-02	3.276657e+02	3.868437e-02	
36.000000	32.000000	138.761830	58.392200	5.654395e-01	2.793435e-02	3.281595e+02	3.722018e-02	
36.000000	36.000000	144.159829	36.683120	5.453888e-01	2.611766e-02	3.287764e+02	3.644254e-02	
36.000000	40.000000	152.467420	2.606108	5.203620e-01	2.398640e-02	3.293304e+02	3.596265e-02	
36.000000	44.000000	158.512881	2.560131	5.333787e-01	2.898010e-02	3.298370e+02	3.458566e-02	
36.000000	48.000000	169.245674	5.328394	5.384684e-01	2.379746e-02	3.295766e+02	3.719861e-02	
36.000000	52.000000	184.555909	12.879561	5.194925e-01	3.248127e-02	3.278956e+02	3.350606e-02	
36.000000	56.000000	186.346114	6.530179	5.656385e-01	2.581200e-02	3.237408e+02	3.803520e-02	
36.000000	60.000000	166.251715	8.767437	5.700140e-01	2.863481e-02	3.148934e+02	3.986737e-02	
40.000000	0.000000	153.302080	9.509275	6.438901e-01	3.652653e-02	3.095387e+02	4.479263e-02	
40.000000	4.000000	160.079791	0.747995	5.934088e-01	3.068383e-02	3.270428e+02	3.891965e-02	
40.000000	8.000000	159.942530	41.181183	5.473971e-01	3.003934e-02	3.261035e+02	3.528271e-02	
40.000000	12.000000	159.560379	7.140032	5.386992e-01	3.286454e-02	3.259107e+02	4.587608e-02	
40.000000	16.000000	157.881735	150.311047	5.432481e-01	2.834541e-02	3.257493e+02	3.675462e-02	
40.000000	20.000000	154.704497	179.563820	5.188077e-01	2.724790e-02	3.262339e+02	3.502763e-02	
40.000000	24.000000	152.274686	3.928904	6.206270e-01	3.952310e-02	3.268318e+02	4.477075e-02	
40.000000	28.000000	147.797654	4.556657	5.411215e-01	2.412966e-02	3.274454e+02	3.713641e-02	
40.000000	32.000000	147.537937	235.238095	5.650942e-01	2.591799e-02	3.277377e+02	3.803387e-02	
40.000000	36.000000	148.443389	156.977147	5.929660e-01	2.967730e-02	3.284249e+02	4.063256e-02	
40.000000	40.000000	151.868018	3.465799	5.621616e-01	3.138161e-02	3.292147e+02	3.812166e-02	
40.000000	44.000000	158.682075	3.791995	5.579218e-01	2.868305e-02	3.297209e+02	3.794434e-02	
40.000000	48.000000	170.484498	3.777854	4.964998e-01	1.999559e-02	3.295310e+02	3.567089e-02	
40.000000	52.000000	185.211886	7.739099	5.403427e-01	2.876355e-02	3.280962e+02	3.503830e-02	
40.000000	56.000000	197.059507	19.694974	6.253168e-01	2.935554e-02	3.244398e+02	4.247195e-02	
40.000000	60.000000	178.299035	7.477685	6.146758e-01	3.232744e-02	3.163211e+02	4.107998e-02	
44.000000	0.000000	159.544699	10.383344	5.015299e-01	3.101595e-02	3.090517e+02	3.361278e-02	
44.000000	4.000000	165.801922	38.926078	6.074496e-01	3.128147e-02	3.264811e+02	4.179945e-02	
44.000000	8.000000	166.329100	30.057669	6.094920e-01	3.233974e-02	3.256185e+02	4.201993e-02	
44.000000	12.000000	165.807713	6.873761	5.646805e-01	2.741088e-02	3.253585e+02	3.865887e-02	
44.000000	16.000000	164.576314	6.381321	5.631546e-01	2.826806e-02	3.252966e+02	3.761667e-02	
44.000000	20.000000	160.835372	7.792498	5.764259e-01	2.829591e-02	3.256219e+02	3.941600e-02	
44.000000	24.000000	157.004202	114.755295	5.596127e-01	2.796747e-02	3.263078e+02	3.808212e-02	
44.000000	28.000000	153.296097	211.295239	5.837591e-01	3.080681e-02	3.270048e+02	3.889538e-02	
44.000000	32.000000	152.408284	3.199039	5.014805e-01	2.082377e-02	3.274533e+02	3.574048e-02	
44.000000	36.000000	154.111801	3.134155	5.586682e-01	3.376977e-02	3.280721e+02	3.833320e-02	
44.000000	40.000000	157.226359	2.682178	5.413582e-01	3.432149e-02	3.289785e+02	4.130543e-02	
44.000000	44.000000	164.039382	3.323522	5.154190e-01	2.499560e-02	3.292838e+02	3.527169e-02	
44.000000	48.000000	173.111881	84.027358	5.354292e-01	2.385556e-02	3.294208e+02	3.685454e-02	
44.000000	52.000000	190.805443	4.883023	5.100683e-01	2.428898e-02	3.282955e+02	3.520773e-02	
44.000000	56.000000	207.940525	627.023831	5.285114e-01	3.824295e-02	3.250110e+02	4.170047e-02	
44.000000	60.000000	184.542574	7.475707	5.572314e-01	2.630495e-02	3.176206e+02	3.768265e-02	
48.000000	0.000000	166.305280	6.078080	5.431919e-01	3.076406e-02	3.090008e+02	3.582104e-02	
48.000000	4.000000	175.770108	90.451263	5.595050e-01	2.822365e-02	3.258549e+02	4.373136e-02	
48.000000	8.000000	176.209832	238.699594	4.867444e-01	3.204294e-02	3.251288e+02	3.073464e-02	
48.000000	12.000000	173.685386	47.167118	5.581251e-01	2.676009e-02	3.246458e+02	3.813198e-02	
48.000000	16.000000	173.558359	52.473931	6.029109e-01	3.238675e-02	3.246743e+02	4.147148e-02	
48.000000	20.000000	169.832077	130.443950	4.859762e-01	3.166639e-02	3.251277e+02	3.054026e-02	
48.000000	24.000000	164.910649	4.871639	6.064539e-01	3.446219e-02	3.257372e+02	4.210590e-02	
48.000000	28.000000	160.780422	7.370962	5.071675e-01	2.176100e-02	3.264031e+02	3.564218e-02	
48.000000	32.000000	159.553800	32.594797	5.116211e-01	3.041706e-02	3.269806e+02	3.209172e-02	
48.000000	36.000000	158.843134	3.983588	5.543658e-01	2.722675e-02	3.276832e+02	3.775649e-02	
48.000000	40.000000	160.823035	3.512412	5.745003e-01	2.726338e-02	3.285354e+02	3.903361e-02	
48.000000	44.000000	170.411237	74.726021	5.082973e-01	2.731370e-02	3.291782e+02	3.318185e-02	
48.000000	48.000000	176.347159	5.401481	5.314632e-01	2.562088e-02	3.292785e+02	3.567220e-02	
48.000000	52.000000	192.138274	102.997941	5.814475e-01	2.809855e-02	3.285377e+02	3.992041e-02	
48.000000	56.000000	220.368703	634.029513	5.675475e-01	2.560503e-02	3.257736e+02	3.883036e-02	
48.000000	60.000000	203.304866	6.636045	5.718134e-01	3.105253e-02	3.192728e+02	3.831420e-02	
52.000000	0.000000	179.050499	8.383072	5.264842e-01	2.700333e-02	3.101536e+02	3.489152e-02	
52.000000	4.000000	189.227224	42.655857	5.833450e-01	3.387266e-02	3.249584e+02	4.541051e-02	
52.000000	8.000000	189.088320	10.647185	5.267993e-01	2.937598e-02	3.241044e+02	3.359653e-02	
52.000000	12.000000	188.604035	64.135127	5.737390e-01	2.560549e-02	3.237686e+02	3.966687e-02	
52.000000	16.000000	185.958810	33.065914	5.672400e-01	2.621988e-02	3.236882e+02	3.802281e-02	
52.000000	20.000000	181.052274	945.327328	5.584088e-01	2.822954e-02	3.242939e+02	3.794922e-02	
52.000000	24.000000	176.549857	5.664737	4.567692e-01	3.662421e-02	3.250557e+02	2.711403e-02	
52.000000	28.000000	170.937789	267.975643	5.930352e-01	3.439339e-02	3.257830e+02	4.104162e-02	
52.000000	32.000000	167.979888	148.994195	6.074534e-01	3.101621e-02	3.264595e+02	4.130526e-02	
52.000000	36.000000	166.610226	132.559689	5.856445e-01	3.196986e-02	3.272648e+02	4.017248e-02	
52.000000	40.000000	166.439964	242.826256	4.783101e-01	2.946569e-02	3.281678e+02	3.189119e-02	
52.000000	44.000000	173.329219	108.235188	5.723349e-01	2.871377e-02	3.286686e+02	3.905024e-02	
52.000000	48.000000	181.150161	6.273948	5.159927e-01	3.156073e-02	3.290568e+02	3.276576e-02	
52.000000	52.000000	197.669824	5.828513	5.269971e-01	2.664022e-02	3.281909e+02	3.477539e-02	
52.000000	56.000000	228.308984	12.830876	5.135034e-01	2.855262e-02	3.261011e+02	3.405549e-02	
52.000000	60.000000	220.275440	488.420069	5.761446e-01	2.963841e-02	3.206881e+02	3.939067e-02	
56.000000	0.000000	197.047245	11.139897	5.535876e-01	2.593236e-02	3.117520e+02	3.700968e-02	
56.000000	4.000000	220.741659	193.914489	5.822514e-01	3.192907e-02	3.241067e+02	3.866410e-02	
56.000000	8.000000	222.287751	205.765957	5.721786e-01	2.836148e-02	3.233539e+02	3.842251e-02	
56.000000	12.000000	219.686524	845.290237	6.065666e-01	3.093055e-02	3.231666e+02	4.003094e-02	
56.000000	16.000000	216.964074	227.315121	5.105601e-01	2.901329e-02	3.231859e+02	3.309989e-02	
56.000000	20.000000	211.266183	68.638820	5.824914e-01	2.795009e-02	3.234646e+02	3.950321e-02	
56.000000	24.000000	201.574470	46.082955	5.993174e-01	2.568314e-02	3.242508e+02	4.370843e-02	
56.000000	28.000000	194.545998	861.520502	5.711149e-01	3.408115e-02	3.251859e+02	3.873225e-02	
56.000000	32.000000	189.055852	10.913515	5.534683e-01	3.048063e-02	3.259416e+02	3.583778e-02	
56.000000	36.000000	183.525020	401.358588	6.469958e-01	3.783602e-02	3.266311e+02	4.537177e-02	
56.000000	40.000000	179.663302	766.738278	5.469831e-01	2.425238e-02	3.275238e+02	3.772991e-02	
56.000000	44.000000	183.014273	764.484737	5.311041e-01	2.668388e-02	3.281781e+02	3.526451e-02	
56.000000	48.000000	192.033810	3.649227	5.537192e-01	2.649171e-02	3.286514e+02	3.791533e-02	
56.000000	52.000000	207.839431	139.152766	5.769609e-01	4.141234e-02	3.280541e+02	4.186669e-02	
56.000000	56.000000	239.548770	7.709969	5.659473e-01	2.730642e-02	3.263685e+02	3.868243e-02	
56.000000	60.000000	250.229843	31.677865	5.175041e-01	2.967137e-02	3.218672e+02	3.300862e-02	
60.000000	0.000000	226.125798	20.134264	5.314695e-01	2.820559e-02	3.142314e+02	3.580313e-02	
60.000000	4.000000	438.207932	871.413323	7.379490e-01	5.078942e-02	3.247125e+02	5.645372e-02	
60.000000	12.000000	459.555666	774.193066	6.001861e-01	3.011191e-02	3.238733e+02	3.945012e-02	
60.000000	16.000000	624.936533	794.613676	5.443080e-01	2.862874e-02	3.238702e+02	3.532435e-02	
60.000000	20.000000	433.428155	819.773962	6.023743e-01	3.203695e-02	3.243399e+02	4.140237e-02	
60.000000	24.000000	391.495792	824.613069	5.482566e-01	2.686516e-02	3.253204e+02	3.681636e-02	
60.000000	28.000000	346.793238	782.433630	5.876298e-01	2.865825e-02	3.265023e+02	3.990259e-02	
60.000000	32.000000	316.469388	766.028614	5.762091e-01	2.576180e-02	3.272095e+02	4.128734e-02	
60.000000	36.000000	282.482487	750.468011	5.986595e-01	2.675032e-02	3.276572e+02	4.053024e-02	
60.000000	40.000000	248.084819	232.968810	5.653641e-01	2.986510e-02	3.279415e+02	3.655375e-02	
60.000000	44.000000	226.644736	10.030311	5.272709e-01	2.755653e-02	3.282398e+02	3.560284e-02	
60.000000	48.000000	220.003759	795.892168	5.758544e-01	2.879849e-02	3.282737e+02	3.829356e-02	
60.000000	52.000000	229.466318	677.779358	5.324131e-01	2.960974e-02	3.279516e+02	3.480257e-02	
60.000000	56.000000	257.827163	615.861342	6.289849e-01	3.433665e-02	3.265431e+02	4.352738e-02	
60.000000	60.000000	310.880592	25.740168	4.917579e-01	3.117082e-02	3.229550e+02	3.144775e-02	
0.000000	0.000000	286.093100	48.797798	5.503332e-01	2.982871e-02	3.172109e+02	3.618924e-02	
