0.000000	4.000000	134.556005	11.817002	5.817512e-01	3.208535e-02	4.338182e+02	3.854121e-02	
0.000000	8.000000	134.553640	9.746681	5.739953e-01	2.685685e-02	4.333852e+02	3.865376e-02	
0.000000	12.000000	134.551652	5.418414	5.803712e-01	2.985662e-02	4.330887e+02	3.776894e-02	
0.000000	16.000000	134.504837	4.110055	5.473971e-01	3.003935e-02	4.331035e+02	3.528277e-02	
0.000000	20.000000	132.361136	23.668991	5.699603e-01	2.668909e-02	4.334035e+02	3.848319e-02	
0.000000	24.000000	128.304315	4.176959	5.820749e-01	2.797429e-02	4.335164e+02	3.944353e-02	
0.000000	28.000000	128.304184	4.146868	6.167548e-01	3.160206e-02	4.340169e+02	4.183375e-02	
0.000000	32.000000	128.293518	3.627224	6.384007e-01	3.130614e-02	4.340828e+02	4.247657e-02	
0.000000	36.000000	128.307771	3.089075	5.711447e-01	2.599514e-02	4.341929e+02	4.134288e-02	
0.000000	40.000000	134.504924	1.974542	5.903043e-01	3.074489e-02	4.343311e+02	4.042439e-02	
0.000000	44.000000	140.828747	2.631554	6.635275e-01	3.426035e-02	4.341542e+02	4.414145e-02	
0.000000	48.000000	153.279361	8.425167	5.442352e-01	3.154008e-02	4.329132e+02	3.543891e-02	
0.000000	52.000000	165.805536	3.970146	6.403949e-01	3.366605e-02	4.292717e+02	4.278504e-02	
0.000000	56.000000	153.309959	7.354877	5.711233e-01	3.013555e-02	4.219158e+02	3.710639e-02	
0.000000	60.000000	140.801899	7.481892	6.190528e-01	2.799739e-02	4.163995e+02	4.197164e-02	
4.000000	0.000000	134.555019	5.477913	6.336992e-01	2.640012e-02	4.173487e+02	4.498529e-02	
4.000000	4.000000	134.545186	6.251758	5.608235e-01	2.600811e-02	4.334246e+02	3.846566e-02	
4.000000	8.000000	134.556949	5.785939	6.243574e-01	3.243738e-02	4.330052e+02	4.255056e-02	
4.000000	12.000000	134.582653	5.312840	5.921906e-01	2.821933e-02	4.327642e+02	3.932465e-02	
4.000000	16.000000	134.554894	16.902729	6.105880e-01	2.971336e-02	4.327930e+02	4.041343e-02	
4.000000	20.000000	134.542835	3.919363	6.329070e-01	2.873372e-02	4.327141e+02	4.301576e-02	
4.000000	24.000000	129.740821	8.570979	5.690264e-01	2.806633e-02	4.333587e+02	3.826090e-02	
4.000000	28.000000	128.245139	4.164220	5.601339e-01	2.613097e-02	4.337425e+02	3.754980e-02	
4.000000	32.000000	128.245146	3.499154	6.031559e-01	3.072391e-02	4.339397e+02	4.192828e-02	
4.000000	36.000000	128.966967	3.476220	4.924270e-01	3.970186e-02	4.340032e+02	3.771907e-02	
4.000000	40.000000	134.556871	2.374959	5.248296e-01	3.036992e-02	4.341589e+02	3.395881e-02	
4.000000	44.000000	140.768428	84.287742	5.881667e-01	2.785121e-02	4.338484e+02	4.084478e-02	
4.000000	48.000000	153.317598	5.650597	5.453822e-01	3.014499e-02	4.330120e+02	3.560697e-02	
4.000000	52.000000	167.575132	4.405488	5.785072e-01	2.809888e-02	4.295892e+02	3.959822e-02	
4.000000	56.000000	153.945556	9.026772	5.944214e-01	3.460713e-02	4.227867e+02	4.111696e-02	
4.000000	60.000000	141.196671	6.420621	5.880520e-01	2.594588e-02	4.162985e+02	3.985585e-02	
8.000000	0.000000	139.199127	578.442329	6.135592e-01	2.998554e-02	4.168622e+02	4.052001e-02	
8.000000	4.000000	139.101231	134.208487	5.770135e-01	2.872010e-02	4.332702e+02	3.826868e-02	
8.000000	8.000000	138.174343	1066.444889	5.880764e-01	2.565606e-02	4.327222e+02	4.025893e-02	
8.000000	12.000000	135.974720	914.995969	6.352373e-01	3.527992e-02	4.324378e+02	4.398533e-02	
8.000000	16.000000	135.188966	5.381116	5.692380e-01	2.620282e-02	4.326924e+02	3.816374e-02	
8.000000	20.000000	134.554139	10.353572	5.618767e-01	3.052322e-02	4.327658e+02	3.804362e-02	
8.000000	24.000000	134.549079	3.088430	5.830496e-01	2.890313e-02	4.331229e+02	3.832870e-02	
8.000000	28.000000	130.013710	5.455404	5.679196e-01	2.851479e-02	4.337484e+02	3.756349e-02	
8.000000	32.000000	129.550992	4.539681	6.127268e-01	3.082905e-02	4.338274e+02	4.038691e-02	
8.000000	36.000000	132.952313	3.012663	5.937486e-01	2.785918e-02	4.338190e+02	4.037743e-02	
8.000000	40.000000	134.504805	34.607198	5.360399e-01	2.791196e-02	4.338801e+02	3.823867e-02	
8.000000	44.000000	140.794360	3.296848	6.024157e-01	2.559718e-02	4.337324e+02	4.317891e-02	
8.000000	48.000000	153.304200	4.382032	5.931392e-01	3.517856e-02	4.330765e+02	4.195157e-02	
8.000000	52.000000	172.051993	4.332254	5.686037e-01	2.884242e-02	4.301534e+02	4.676527e-02	
8.000000	56.000000	159.542540	5.642624	6.499597e-01	2.987764e-02	4.236681e+02	4.430832e-02	
8.000000	60.000000	147.048942	5.135773	5.897546e-01	3.484259e-02	4.161066e+02	4.086298e-02	
12.000000	0.000000	140.810642	7.369199	6.268345e-01	3.193066e-02	4.170176e+02	4.178751e-02	
12.000000	4.000000	140.795142	6.239528	6.280366e-01	3.178770e-02	4.331067e+02	4.149418e-02	
12.000000	8.000000	140.804768	6.251492	6.186642e-01	3.060323e-02	4.324893e+02	4.187566e-02	
12.000000	12.000000	140.803887	5.129632	6.080648e-01	3.470029e-02	4.322589e+02	4.219507e-02	
12.000000	16.000000	139.048953	5.957472	5.665045e-01	2.899788e-02	4.323237e+02	3.800381e-02	
12.000000	20.000000	135.070113	434.396054	6.213705e-01	2.822888e-02	4.327419e+02	4.212607e-02	
12.000000	24.000000	134.551543	5.265017	5.692522e-01	2.840256e-02	4.333163e+02	3.803273e-02	
12.000000	28.000000	134.504713	3.095651	5.838895e-01	2.834773e-02	4.334578e+02	3.999884e-02	
12.000000	32.000000	133.866209	2.828953	5.664073e-01	2.625845e-02	4.338181e+02	4.111750e-02	
12.000000	36.000000	134.504790	2.921505	5.587857e-01	2.578314e-02	4.337678e+02	3.762414e-02	
12.000000	40.000000	134.554258	3.275226	5.473161e-01	2.996695e-02	4.339794e+02	3.513153e-02	
12.000000	44.000000	140.955764	4.192433	5.532845e-01	2.820537e-02	4.338674e+02	3.614118e-02	
12.000000	48.000000	154.678074	7.483570	5.469233e-01	2.950713e-02	4.330368e+02	3.518597e-02	
12.000000	52.000000	172.870431	13.522585	5.954757e-01	2.859103e-02	4.305537e+02	4.017322e-02	
12.000000	56.000000	165.801890	5.772742	6.471416e-01	3.141579e-02	4.242143e+02	4.314673e-02	
12.000000	60.000000	147.050015	5.985068	5.808544e-01	2.865315e-02	4.165126e+02	3.946363e-02	
16.000000	0.000000	141.709377	8.752296	5.883308e-01	2.809511e-02	4.171435e+02	4.147023e-02	
16.000000	4.000000	140.808582	6.401540	6.317733e-01	3.335659e-02	4.330255e+02	4.334035e-02	
16.000000	8.000000	140.803605	7.120779	6.285973e-01	3.411624e-02	4.324857e+02	4.338274e-02	
16.000000	12.000000	140.804878	7.229150	5.658888e-01	2.948699e-02	4.321199e+02	3.683230e-02	
16.000000	16.000000	140.800014	19.400821	6.523141e-01	3.004540e-02	4.322354e+02	4.479914e-02	
16.000000	20.000000	140.805465	4.827487	5.897533e-01	2.868675e-02	4.322619e+02	3.911900e-02	
16.000000	24.000000	135.364830	67.421373	5.827488e-01	3.324984e-02	4.332222e+02	3.916558e-02	
16.000000	28.000000	134.582654	31.776013	6.593344e-01	3.604807e-02	4.334914e+02	4.486856e-02	
16.000000	32.000000	134.556856	3.576724	5.765771e-01	2.821020e-02	4.338756e+02	4.009207e-02	
16.000000	36.000000	134.554187	3.944890	6.259596e-01	2.799041e-02	4.337609e+02	4.343123e-02	
16.000000	40.000000	139.060195	75.498343	5.915457e-01	3.410260e-02	4.337816e+02	4.079388e-02	
16.000000	44.000000	145.484132	3.727713	6.207515e-01	2.595953e-02	4.336852e+02	4.421813e-02	
16.000000	48.000000	157.865155	5.947974	5.473971e-01	3.003935e-02	4.331035e+02	3.528277e-02	
16.000000	52.000000	178.301716	5.473371	6.787609e-01	4.213241e-02	4.305447e+02	4.790549e-02	
16.000000	56.000000	167.180178	9.285075	6.179512e-01	3.081850e-02	4.250365e+02	4.098610e-02	
16.000000	60.000000	153.301886	9.390020	6.284767e-01	2.817444e-02	4.167440e+02	4.318392e-02	
20.000000	0.000000	147.053799	6.830210	6.305700e-01	3.734073e-02	4.167301e+02	4.438474e-02	
20.000000	4.000000	145.336061	6.715708	6.342081e-01	3.325758e-02	4.327983e+02	4.216424e-02	
20.000000	8.000000	145.343510	7.242039	5.906421e-01	2.831534e-02	4.322400e+02	3.918298e-02	
20.000000	12.000000	144.555789	19.785699	5.287597e-01	3.164383e-02	4.320340e+02	3.441855e-02	
20.000000	16.000000	141.963096	9.422255	5.982161e-01	3.020456e-02	4.318674e+02	3.922128e-02	
20.000000	20.000000	140.795846	13.953147	5.455229e-01	2.601460e-02	4.322463e+02	3.635703e-02	
20.000000	24.000000	140.810174	4.144724	5.782240e-01	2.889371e-02	4.326837e+02	3.859053e-02	
20.000000	28.000000	135.364749	3.977464	5.881591e-01	2.972455e-02	4.333733e+02	4.026295e-02	
20.000000	32.000000	134.576819	3.996948	5.938663e-01	3.309951e-02	4.332914e+02	3.974484e-02	
20.000000	36.000000	135.807345	60.495712	6.292971e-01	3.468740e-02	4.335862e+02	4.361839e-02	
20.000000	40.000000	140.768462	3.675875	6.076178e-01	2.716943e-02	4.336332e+02	4.111042e-02	
20.000000	44.000000	147.058316	3.337116	5.988845e-01	2.881813e-02	4.338539e+02	4.432121e-02	
20.000000	48.000000	159.544076	4.753015	5.197969e-01	2.953185e-02	4.330838e+02	3.662549e-02	
20.000000	52.000000	178.301171	11.114285	6.066482e-01	3.553256e-02	4.307707e+02	4.235120e-02	
20.000000	56.000000	172.049286	6.343570	5.618549e-01	2.795675e-02	4.258661e+02	3.712444e-02	
20.000000	60.000000	158.646507	8.001817	6.347489e-01	2.813129e-02	4.175567e+02	4.229129e-02	
24.000000	0.000000	147.773584	7.831553	6.264694e-01	2.829907e-02	4.167364e+02	4.267084e-02	
24.000000	4.000000	147.055886	10.541918	6.152601e-01	3.136009e-02	4.327256e+02	4.088934e-02	
24.000000	8.000000	147.050867	15.788796	5.901602e-01	2.883874e-02	4.321280e+02	3.908291e-02	
24.000000	12.000000	147.049342	12.405906	5.802599e-01	2.786766e-02	4.318209e+02	4.701008e-02	
24.000000	16.000000	147.044767	5.198398	5.847043e-01	3.017716e-02	4.317940e+02	3.852215e-02	
24.000000	20.000000	145.174599	7.121345	5.524788e-01	3.017345e-02	4.321834e+02	3.616750e-02	
24.000000	24.000000	140.804894	20.213556	6.327742e-01	3.098859e-02	4.325092e+02	4.290707e-02	
24.000000	28.000000	140.801621	3.452503	5.550095e-01	2.926777e-02	4.329339e+02	3.582185e-02	
24.000000	32.000000	139.018466	50.429968	6.002258e-01	2.952776e-02	4.331887e+02	3.958097e-02	
24.000000	36.000000	140.818283	3.583999	5.561326e-01	3.036078e-02	4.332251e+02	3.754513e-02	
24.000000	40.000000	140.803565	4.285945	5.369078e-01	2.605103e-02	4.337554e+02	3.572147e-02	
24.000000	44.000000	147.054906	4.734106	5.278659e-01	2.866182e-02	4.337858e+02	3.533664e-02	
24.000000	48.000000	159.542444	12.477151	5.725877e-01	2.653598e-02	4.333341e+02	3.850275e-02	
24.000000	52.000000	178.304799	6.773613	5.711988e-01	2.779163e-02	4.313733e+02	3.904682e-02	
24.000000	56.000000	178.302068	5.431655	5.989549e-01	2.592107e-02	4.266942e+02	4.100891e-02	
24.000000	60.000000	160.433697	788.617291	5.777585e-01	2.984418e-02	4.186919e+02	3.942539e-02	
28.000000	0.000000	153.305893	7.958591	5.597115e-01	3.017668e-02	4.161924e+02	3.674252e-02	
28.000000	4.000000	150.976360	1020.406638	5.736616e-01	3.031584e-02	4.322477e+02	3.803917e-02	
28.000000	8.000000	149.644536	1070.903163	6.097079e-01	2.842907e-02	4.315872e+02	4.070036e-02	
28.000000	12.000000	148.445656	103.403104	6.200207e-01	2.710836e-02	4.313701e+02	4.237017e-02	
28.000000	16.000000	147.055277	5.832128	5.749114e-01	2.852341e-02	4.316453e+02	3.927518e-02	
28.000000	20.000000	147.058280	10.942710	5.196799e-01	2.751767e-02	4.318642e+02	3.424645e-02	
28.000000	24.000000	144.011687	31.599904	6.199496e-01	3.264493e-02	4.320877e+02	4.137469e-02	
28.000000	28.000000	140.795964	5.691903	6.063695e-01	3.131297e-02	4.322746e+02	4.031377e-02	
28.000000	32.000000	140.797129	6.594544	5.622748e-01	2.942223e-02	4.329157e+02	3.979860e-02	
28.000000	36.000000	140.796987	1.084395	5.581611e-01	2.578578e-02	4.332032e+02	3.815133e-02	
28.000000	40.000000	142.781897	33.650537	5.909587e-01	2.943152e-02	4.333110e+02	3.946149e-02	
28.000000	44.000000	147.567768	4.265156	6.036284e-01	3.442746e-02	4.337500e+02	4.181143e-02	
28.000000	48.000000	159.551172	4.978011	5.694543e-01	2.830595e-02	4.333360e+02	3.885239e-02	
28.000000	52.000000	179.161419	9.014019	5.426078e-01	3.033831e-02	4.312052e+02	3.564338e-02	
28.000000	56.000000	184.558195	5.908555	5.464210e-01	2.854592e-02	4.271874e+02	3.566474e-02	
28.000000	60.000000	165.795140	8.913784	6.317305e-01	3.500613e-02	4.194093e+02	4.374300e-02	
32.000000	0.000000	157.055781	7.194447	5.596521e-01	2.803752e-02	4.161460e+02	3.671750e-02	
32.000000	4.000000	153.305167	17.111704	5.726569e-01	2.630729e-02	4.316830e+02	3.841253e-02	
32.000000	8.000000	153.305271	15.619647	5.944669e-01	3.288920e-02	4.312651e+02	4.087647e-02	
32.000000	12.000000	153.328322	14.230739	5.310519e-01	3.469075e-02	4.309962e+02	3.922952e-02	
32.000000	16.000000	153.305807	6.797756	5.517734e-01	2.958789e-02	4.310867e+02	3.551949e-02	
32.000000	20.000000	148.704562	954.633792	6.276804e-01	2.806210e-02	4.314204e+02	4.194731e-02	
32.000000	24.000000	147.055672	9.668315	5.674097e-01	2.976353e-02	4.319791e+02	3.696779e-02	
32.000000	28.000000	145.351232	45.972844	6.317636e-01	3.182118e-02	4.325136e+02	4.294831e-02	
32.000000	32.000000	142.050517	5.961657	5.939694e-01	3.388088e-02	4.327678e+02	4.096009e-02	
32.000000	36.000000	144.196451	170.318502	5.324131e-01	2.960961e-02	4.330484e+02	3.480259e-02	
32.000000	40.000000	147.054415	3.759083	6.187355e-01	3.000098e-02	4.333145e+02	4.107961e-02	
32.000000	44.000000	153.305647	4.290562	5.696390e-01	3.046082e-02	4.332572e+02	3.872300e-02	
32.000000	48.000000	160.873577	52.702833	6.025529e-01	3.110318e-02	4.329975e+02	4.022766e-02	
32.000000	52.000000	183.139779	8.140515	5.573751e-01	2.580781e-02	4.316017e+02	3.775911e-02	
32.000000	56.000000	190.802258	6.200608	5.694130e-01	3.176322e-02	4.277797e+02	3.868278e-02	
32.000000	60.000000	172.057427	9.778211	5.850587e-01	2.611423e-02	4.206938e+02	3.947385e-02	
36.000000	0.000000	159.552059	6.405876	5.932792e-01	2.959824e-02	4.158161e+02	3.903019e-02	
36.000000	4.000000	158.000191	10.380125	5.866019e-01	2.603156e-02	4.316977e+02	3.966270e-02	
36.000000	8.000000	157.791186	9.172705	5.679191e-01	3.545067e-02	4.311214e+02	3.944957e-02	
36.000000	12.000000	157.226359	27.189909	6.088895e-01	2.892160e-02	4.308525e+02	4.118542e-02	
36.000000	16.000000	154.543132	9.497641	5.683520e-01	3.154535e-02	4.309267e+02	3.756161e-02	
36.000000	20.000000	153.304595	20.039507	5.734041e-01	3.061186e-02	4.309879e+02	3.846435e-02	
36.000000	24.000000	150.727942	139.891717	5.591337e-01	2.622943e-02	4.316083e+02	3.829687e-02	
36.000000	28.000000	147.056325	5.314376	6.278020e-01	3.029400e-02	4.322447e+02	4.168630e-02	
36.000000	32.000000	147.056573	4.243060	5.849495e-01	2.839900e-02	4.325235e+02	4.007687e-02	
36.000000	36.000000	147.059723	5.153162	5.716213e-01	2.611730e-02	4.328082e+02	4.162900e-02	
36.000000	40.000000	147.087222	4.946757	5.694130e-01	3.176338e-02	4.332203e+02	3.868387e-02	
36.000000	44.000000	153.307906	4.954037	5.949842e-01	2.802843e-02	4.332276e+02	3.962795e-02	
36.000000	48.000000	165.808166	5.914645	5.605620e-01	2.646059e-02	4.331692e+02	4.064441e-02	
36.000000	52.000000	184.546121	8.189252	6.144548e-01	3.572699e-02	4.317269e+02	4.255193e-02	
36.000000	56.000000	197.568672	6.247079	5.812416e-01	2.777948e-02	4.285353e+02	3.934324e-02	
36.000000	60.000000	181.382719	9.701428	6.810380e-01	4.354700e-02	4.216500e+02	4.884325e-02	
40.000000	0.000000	165.827337	10.284746	6.511194e-01	2.987616e-02	4.154592e+02	4.503025e-02	
40.000000	4.000000	160.820980	130.632132	5.581081e-01	3.000760e-02	4.311430e+02	3.630723e-02	
40.000000	8.000000	160.970762	626.259491	6.374118e-01	3.545332e-02	4.305335e+02	4.413172e-02	
40.000000	12.000000	160.366208	8.345223	5.652063e-01	2.616179e-02	4.304717e+02	3.878560e-02	
40.000000	16.000000	159.554930	19.127930	6.474189e-01	3.640637e-02	4.303760e+02	4.478113e-02	
40.000000	20.000000	158.870439	10.705837	6.151994e-01	3.076658e-02	4.305030e+02	4.165595e-02	
40.000000	24.000000	153.302163	7.058023	5.812237e-01	2.958723e-02	4.311657e+02	3.807773e-02	
40.000000	28.000000	153.302073	5.572221	5.778514e-01	2.593025e-02	4.317125e+02	3.895451e-02	
40.000000	32.000000	149.219828	1002.727481	6.135997e-01	3.380341e-02	4.321071e+02	4.157870e-02	
40.000000	36.000000	151.153931	112.893970	5.722857e-01	2.841628e-02	4.326547e+02	3.907206e-02	
40.000000	40.000000	153.294208	4.053254	6.043941e-01	2.790215e-02	4.328237e+02	4.277599e-02	
40.000000	44.000000	157.564614	34.602374	5.656273e-01	2.611376e-02	4.332982e+02	3.789407e-02	
40.000000	48.000000	165.790727	6.196603	6.045394e-01	3.046620e-02	4.330000e+02	3.952450e-02	
40.000000	52.000000	184.539711	7.717400	5.815897e-01	2.660788e-02	4.318041e+02	4.442490e-02	
40.000000	56.000000	207.943705	7.002316	6.021569e-01	3.105367e-02	4.290303e+02	3.977237e-02	
40.000000	60.000000	190.805376	12.012644	5.647001e-01	3.064287e-02	4.230382e+02	3.694787e-02	
44.000000	0.000000	172.051968	8.895364	6.088392e-01	3.143975e-02	4.152847e+02	4.043431e-02	
44.000000	4.000000	167.176699	11.064853	5.800011e-01	2.765869e-02	4.308338e+02	3.884375e-02	
44.000000	8.000000	167.167532	8.430258	5.998822e-01	3.491025e-02	4.302220e+02	4.161789e-02	
44.000000	12.000000	165.807287	10.132970	5.567878e-01	2.862679e-02	4.299080e+02	3.771986e-02	
44.000000	16.000000	165.797982	25.956897	5.519305e-01	3.608647e-02	4.298923e+02	3.732348e-02	
44.000000	20.000000	163.912479	916.353840	5.875774e-01	2.962271e-02	4.301747e+02	3.856761e-02	
44.000000	24.000000	159.552508	26.613250	5.404739e-01	4.161747e-02	4.309970e+02	4.843718e-02	
44.000000	28.000000	155.369263	183.872406	5.643674e-01	3.092850e-02	4.312296e+02	3.824590e-02	
44.000000	32.000000	154.214003	5.835114	6.163710e-01	2.629394e-02	4.316744e+02	4.259495e-02	
44.000000	36.000000	153.299640	5.995722	6.112502e-01	3.054698e-02	4.320429e+02	4.010537e-02	
44.000000	40.000000	154.930026	7.294281	5.549907e-01	2.597057e-02	4.325981e+02	3.790174e-02	
44.000000	44.000000	159.554894	27.548683	5.864792e-01	3.021444e-02	4.329830e+02	3.826896e-02	
44.000000	48.000000	171.054442	5.190957	5.971960e-01	3.066915e-02	4.329102e+02	3.911579e-02	
44.000000	52.000000	189.084234	192.457904	5.290196e-01	2.781950e-02	4.318843e+02	3.659633e-02	
44.000000	56.000000	215.792991	11.172670	6.136242e-01	2.836503e-02	4.292606e+02	4.118334e-02	
44.000000	60.000000	202.168836	8.460210	5.665053e-01	3.304394e-02	4.238164e+02	3.845982e-02	
48.000000	0.000000	183.348680	7.718092	5.512970e-01	2.490121e-02	4.155616e+02	3.792575e-02	
48.000000	4.000000	176.589502	622.918817	5.342050e-01	3.473411e-02	4.298864e+02	3.534272e-02	
48.000000	8.000000	176.420064	265.845208	5.984386e-01	3.468868e-02	4.292258e+02	4.153508e-02	
48.000000	12.000000	174.553547	1023.051575	5.290096e-01	3.560710e-02	4.290980e+02	3.610768e-02	
48.000000	16.000000	173.338663	431.441816	6.119392e-01	2.904870e-02	4.291730e+02	4.088847e-02	
48.000000	20.000000	171.082518	19.359020	6.143935e-01	3.216695e-02	4.294716e+02	4.224662e-02	
48.000000	24.000000	166.322487	11.238489	6.381309e-01	3.132025e-02	4.299282e+02	4.272830e-02	
48.000000	28.000000	163.611148	354.500769	5.918423e-01	2.572619e-02	4.307128e+02	4.052419e-02	
48.000000	32.000000	160.367353	5.987855	5.994177e-01	2.922109e-02	4.312940e+02	3.988410e-02	
48.000000	36.000000	159.554221	4.626531	5.853905e-01	3.005704e-02	4.313399e+02	4.012651e-02	
48.000000	40.000000	160.891588	467.330539	5.557922e-01	2.815175e-02	4.321165e+02	3.665630e-02	
48.000000	44.000000	165.809950	7.621232	6.254657e-01	3.496333e-02	4.324992e+02	4.245983e-02	
48.000000	48.000000	173.332528	130.702584	6.463544e-01	3.827348e-02	4.326694e+02	4.546158e-02	
48.000000	52.000000	190.857555	11.687910	5.553329e-01	2.659717e-02	4.318380e+02	3.987760e-02	
48.000000	56.000000	222.053398	13.149774	5.784886e-01	2.771565e-02	4.298258e+02	3.849368e-02	
48.000000	60.000000	215.809084	10.454221	5.790639e-01	3.321017e-02	4.251889e+02	3.884994e-02	
52.000000	0.000000	197.047635	7.899738	5.142183e-01	2.963724e-02	4.171409e+02	3.282354e-02	
52.000000	4.000000	188.476366	959.935534	5.740849e-01	3.039392e-02	4.289835e+02	3.832561e-02	
52.000000	8.000000	186.500465	958.640683	6.406278e-01	3.085942e-02	4.284830e+02	4.369997e-02	
52.000000	12.000000	185.956115	687.866257	5.778119e-01	2.777649e-02	4.285167e+02	3.926382e-02	
52.000000	16.000000	184.548609	29.070574	6.818586e-01	3.573710e-02	4.284114e+02	4.822521e-02	
52.000000	20.000000	182.249525	41.790276	6.240322e-01	2.926780e-02	4.285601e+02	4.227092e-02	
52.000000	24.000000	176.624374	294.880639	5.664369e-01	2.761111e-02	4.293545e+02	3.868385e-02	
52.000000	28.000000	172.440335	30.677030	5.472647e-01	2.561922e-02	4.303581e+02	3.747261e-02	
52.000000	32.000000	170.429025	7.804318	6.055528e-01	3.152661e-02	4.309178e+02	3.998781e-02	
52.000000	36.000000	168.488314	48.774678	5.770100e-01	2.763135e-02	4.314238e+02	3.876315e-02	
52.000000	40.000000	169.424343	211.381538	5.637121e-01	2.862814e-02	4.318523e+02	4.537971e-02	
52.000000	44.000000	172.053046	64.843370	6.002788e-01	3.565400e-02	4.322030e+02	4.181652e-02	
52.000000	48.000000	179.620848	8.020427	6.328363e-01	3.476347e-02	4.324713e+02	4.374168e-02	
52.000000	52.000000	197.055787	10.044307	5.992988e-01	2.581896e-02	4.317295e+02	4.221411e-02	
52.000000	56.000000	227.493271	11.390454	5.815270e-01	3.735597e-02	4.300753e+02	4.304031e-02	
52.000000	60.000000	234.576765	9.464166	5.775453e-01	2.728324e-02	4.264271e+02	3.900889e-02	
56.000000	0.000000	214.086009	10.189375	5.606805e-01	2.929829e-02	4.189044e+02	3.628159e-02	
56.000000	4.000000	210.355023	42.503469	6.671414e-01	3.435823e-02	4.280928e+02	4.448760e-02	
56.000000	8.000000	208.416319	29.413130	5.867651e-01	2.906483e-02	4.275892e+02	4.017833e-02	
56.000000	12.000000	207.826478	39.954661	5.911086e-01	2.976505e-02	4.273773e+02	3.968784e-02	
56.000000	16.000000	205.075119	44.855572	5.433002e-01	3.009927e-02	4.272066e+02	3.643248e-02	
56.000000	20.000000	201.718899	545.460573	5.944876e-01	3.006116e-02	4.275686e+02	4.040255e-02	
56.000000	24.000000	195.400224	13.623962	5.937194e-01	3.001394e-02	4.284014e+02	4.068529e-02	
56.000000	28.000000	189.052012	591.412585	5.655545e-01	2.843645e-02	4.292744e+02	3.754456e-02	
56.000000	32.000000	185.307548	10.980073	5.622873e-01	3.123181e-02	4.300139e+02	3.768580e-02	
56.000000	36.000000	182.993039	8.710724	5.787229e-01	2.741693e-02	4.304365e+02	3.910886e-02	
56.000000	40.000000	182.368153	222.769580	5.476674e-01	3.395032e-02	4.311251e+02	3.681615e-02	
56.000000	44.000000	183.361318	7.758585	6.422621e-01	3.033723e-02	4.314700e+02	4.389132e-02	
56.000000	48.000000	190.860639	6.557191	6.095157e-01	2.705101e-02	4.316370e+02	4.132532e-02	
56.000000	52.000000	204.700802	11.091792	6.167957e-01	2.908668e-02	4.314589e+02	4.105126e-02	
56.000000	56.000000	234.544326	18.878275	5.536767e-01	2.586401e-02	4.302225e+02	3.718956e-02	
56.000000	60.000000	265.802208	14.319621	6.043052e-01	3.051791e-02	4.269807e+02	3.975942e-02	
60.000000	0.000000	241.864108	10.636325	6.025137e-01	3.198610e-02	4.211390e+02	3.989509e-02	
60.000000	4.000000	305.634307	254.559239	6.199386e-01	3.388238e-02	4.272123e+02	4.149319e-02	
60.000000	8.000000	303.178270	653.610639	6.487097e-01	3.339752e-02	4.265436e+02	4.450012e-02	
60.000000	12.000000	300.608175	813.858517	5.696390e-01	3.046082e-02	4.262572e+02	3.872299e-02	
60.000000	16.000000	294.757732	291.032107	5.878716e-01	3.047626e-02	4.263555e+02	4.005998e-02	
60.000000	20.000000	285.473264	711.700006	6.081522e-01	3.576565e-02	4.267745e+02	4.244869e-02	
60.000000	24.000000	268.939936	157.501234	6.023590e-01	3.048100e-02	4.277850e+02	3.971253e-02	
60.000000	28.000000	252.476254	668.953813	5.975541e-01	2.976874e-02	4.288671e+02	4.593085e-02	
60.000000	32.000000	239.049755	755.338332	6.161802e-01	3.538889e-02	4.293402e+02	4.174147e-02	
60.000000	36.000000	229.645794	112.234103	5.981024e-01	2.910825e-02	4.298875e+02	4.092158e-02	
60.000000	40.000000	219.903949	62.988039	5.718695e-01	2.724997e-02	4.304201e+02	3.916192e-02	
60.000000	44.000000	214.217478	721.310115	6.882356e-01	3.465372e-02	4.309602e+02	4.576004e-02	
60.000000	48.000000	214.590975	131.443597	5.498739e-01	2.804170e-02	4.312471e+02	3.626166e-02	
60.000000	52.000000	226.615523	797.544931	5.901738e-01	3.590053e-02	4.308440e+02	4.091852e-02	
60.000000	56.000000	252.250362	10.016491	5.686090e-01	2.978941e-02	4.300084e+02	3.676049e-02	
60.000000	60.000000	298.407400	659.961259	5.734009e-01	3.303742e-02	4.279918e+02	4.076897e-02	
0.000000	0.000000	307.836697	27.201068	6.150713e-01	3.138058e-02	4.235311e+02	4.172496e-02	
