0.000000	4.000000	158.821829	203.280486	5.807168e-01	3.130517e-02	2.021552e+02	3.826821e-02	
0.000000	8.000000	142.124931	55.162961	6.025673e-01	2.770455e-02	2.021988e+02	4.122473e-02	
0.000000	12.000000	150.786999	2.733941	5.943239e-01	2.939939e-02	2.025166e+02	4.028065e-02	
0.000000	16.000000	134.398643	2.164057	6.154343e-01	3.254675e-02	2.025710e+02	4.235467e-02	
0.000000	20.000000	134.628641	22.157430	5.848855e-01	2.926640e-02	2.026219e+02	4.002255e-02	
0.000000	24.000000	143.104841	1.943036	6.076742e-01	3.173398e-02	2.024057e+02	4.175756e-02	
0.000000	28.000000	131.004910	248.384250	5.945076e-01	3.114232e-02	2.026604e+02	4.084616e-02	
0.000000	32.000000	127.089935	6.106176	5.472647e-01	2.561989e-02	2.026419e+02	3.747317e-02	
0.000000	36.000000	147.055287	207.515666	5.743718e-01	2.795912e-02	2.028096e+02	3.791028e-02	
0.000000	40.000000	125.570127	1.233074	5.694543e-01	2.830607e-02	2.026640e+02	3.885214e-02	
0.000000	44.000000	153.303123	9.104531	5.471256e-01	2.589649e-02	2.023441e+02	3.740887e-02	
0.000000	48.000000	165.789996	244.607531	5.226417e-01	3.021758e-02	2.021633e+02	3.381789e-02	
0.000000	52.000000	186.619251	43.981036	5.344835e-01	3.453925e-02	2.020833e+02	3.624360e-02	
0.000000	56.000000	178.366513	3.284303	6.050728e-01	3.113478e-02	1.984432e+02	4.162632e-02	
0.000000	60.000000	166.141290	10.334095	6.072515e-01	2.893895e-02	1.928403e+02	4.058399e-02	
4.000000	0.000000	177.116287	1046.348763	6.365000e-01	3.475617e-02	1.905988e+02	4.365772e-02	
4.000000	4.000000	169.671627	4.001902	5.364766e-01	2.746736e-02	2.021282e+02	3.764111e-02	
4.000000	8.000000	159.523452	2.841384	5.705337e-01	3.607324e-02	2.020257e+02	4.312281e-02	
4.000000	12.000000	162.485075	613.458681	5.984738e-01	2.781078e-02	2.026203e+02	4.003112e-02	
4.000000	16.000000	140.914028	64.753429	5.683851e-01	2.659762e-02	2.024175e+02	3.844524e-02	
4.000000	20.000000	161.205965	2.173104	5.709140e-01	2.598967e-02	2.022861e+02	3.833642e-02	
4.000000	24.000000	136.369151	54.720720	6.323297e-01	3.472414e-02	2.024618e+02	4.370718e-02	
4.000000	28.000000	139.731363	2.444925	6.088718e-01	3.261827e-02	2.026422e+02	4.200581e-02	
4.000000	32.000000	133.780726	1.919413	6.051441e-01	2.830571e-02	2.028330e+02	4.383428e-02	
4.000000	36.000000	139.155672	1.863966	5.661494e-01	2.686226e-02	2.028303e+02	4.243942e-02	
4.000000	40.000000	157.249369	156.257984	5.513907e-01	3.339583e-02	2.030474e+02	3.788853e-02	
4.000000	44.000000	153.143064	34.557093	6.417609e-01	2.675283e-02	2.026826e+02	4.971829e-02	
4.000000	48.000000	165.799478	1.254565	5.547430e-01	2.583507e-02	2.022186e+02	3.735930e-02	
4.000000	52.000000	189.167472	18.750254	5.607890e-01	2.613368e-02	2.018201e+02	3.981569e-02	
4.000000	56.000000	202.214431	1075.203473	6.149535e-01	3.125754e-02	1.991295e+02	4.048467e-02	
4.000000	60.000000	193.899705	1134.720218	6.303746e-01	2.775772e-02	1.933936e+02	4.333109e-02	
8.000000	0.000000	164.405950	15.352176	6.338221e-01	2.868397e-02	1.904245e+02	4.328237e-02	
8.000000	4.000000	141.181867	4.988167	6.137056e-01	3.043491e-02	2.019054e+02	4.034716e-02	
8.000000	8.000000	183.221865	32.467155	5.646716e-01	3.310691e-02	2.020233e+02	3.957464e-02	
8.000000	12.000000	159.555514	3.866538	6.062456e-01	3.291099e-02	2.023208e+02	4.177111e-02	
8.000000	16.000000	151.559914	828.140980	5.894060e-01	2.586674e-02	2.022947e+02	4.006581e-02	
8.000000	20.000000	153.295347	242.465582	5.959722e-01	2.970852e-02	2.023304e+02	3.978462e-02	
8.000000	24.000000	155.818880	2.107727	5.785602e-01	3.035673e-02	2.022899e+02	3.859778e-02	
8.000000	28.000000	157.383247	21.480103	5.597970e-01	2.931941e-02	2.022715e+02	3.724746e-02	
8.000000	32.000000	153.712389	42.615238	6.913988e-01	4.429542e-02	2.024748e+02	4.908918e-02	
8.000000	36.000000	159.752885	19.277598	5.080755e-01	3.392908e-02	2.029602e+02	3.805678e-02	
8.000000	40.000000	131.675887	1.153394	5.078573e-01	3.146306e-02	2.029467e+02	3.564805e-02	
8.000000	44.000000	144.457838	1.096667	5.376424e-01	4.784365e-02	2.030331e+02	4.077079e-02	
8.000000	48.000000	159.370207	27.578991	5.639449e-01	2.611639e-02	2.024529e+02	3.869326e-02	
8.000000	52.000000	195.188337	24.362524	5.545155e-01	3.098573e-02	2.018795e+02	4.725726e-02	
8.000000	56.000000	181.653306	3.157915	5.903043e-01	3.074481e-02	1.993311e+02	4.042413e-02	
8.000000	60.000000	181.075173	8.469587	6.041491e-01	3.229594e-02	1.942173e+02	4.023125e-02	
12.000000	0.000000	179.023103	15.917119	6.283082e-01	3.409450e-02	1.905238e+02	4.336264e-02	
12.000000	4.000000	164.869082	68.294898	6.003365e-01	2.615860e-02	2.017639e+02	4.561495e-02	
12.000000	8.000000	165.803956	6.049978	5.717004e-01	2.782956e-02	2.018312e+02	3.779812e-02	
12.000000	12.000000	151.076156	3.626868	5.021427e-01	3.375493e-02	2.021007e+02	3.214572e-02	
12.000000	16.000000	142.124930	3.085728	5.702218e-01	2.627246e-02	2.023069e+02	3.831427e-02	
12.000000	20.000000	154.657525	62.084024	6.513463e-01	3.383406e-02	2.022819e+02	4.345958e-02	
12.000000	24.000000	129.369150	2.845835	5.606942e-01	3.011634e-02	2.021653e+02	3.663566e-02	
12.000000	28.000000	128.678977	184.239386	4.462213e-01	3.656810e-02	2.020773e+02	2.647342e-02	
12.000000	32.000000	130.872519	2.185422	6.086198e-01	2.949597e-02	2.024609e+02	4.109157e-02	
12.000000	36.000000	137.142070	145.936858	5.790211e-01	2.556942e-02	2.027628e+02	4.030359e-02	
12.000000	40.000000	132.917810	78.710062	5.641571e-01	3.487314e-02	2.028769e+02	5.603364e-02	
12.000000	44.000000	146.786554	264.120176	5.352819e-01	3.063460e-02	2.030990e+02	3.437289e-02	
12.000000	48.000000	177.419283	619.956073	6.256410e-01	3.064563e-02	2.027478e+02	4.157611e-02	
12.000000	52.000000	200.145911	2.561886	5.769886e-01	3.012019e-02	2.017059e+02	3.935258e-02	
12.000000	56.000000	214.176956	4.211546	6.084206e-01	3.058995e-02	1.995121e+02	4.129398e-02	
12.000000	60.000000	203.305430	9.886816	6.150748e-01	3.302259e-02	1.946141e+02	4.247363e-02	
16.000000	0.000000	175.361284	14.918501	5.454937e-01	2.956444e-02	1.900572e+02	3.492586e-02	
16.000000	4.000000	148.190941	61.749774	6.657506e-01	4.043046e-02	2.016081e+02	4.693704e-02	
16.000000	8.000000	159.721143	167.047738	5.929660e-01	2.967723e-02	2.015751e+02	4.063231e-02	
16.000000	12.000000	171.372007	3.252403	5.428981e-01	2.743007e-02	2.018661e+02	3.894616e-02	
16.000000	16.000000	137.555943	2.850876	5.723311e-01	3.146877e-02	2.020331e+02	3.829650e-02	
16.000000	20.000000	158.660006	3.733869	6.413887e-01	2.903479e-02	2.023005e+02	4.380067e-02	
16.000000	24.000000	152.765990	947.560103	5.736548e-01	2.991104e-02	2.020739e+02	3.730418e-02	
16.000000	28.000000	144.208412	66.437024	5.901393e-01	3.161974e-02	2.021822e+02	3.904287e-02	
16.000000	32.000000	133.181670	29.430432	6.031925e-01	2.887274e-02	2.021382e+02	4.062458e-02	
16.000000	36.000000	132.560694	22.930433	5.931594e-01	2.550858e-02	2.027443e+02	4.194972e-02	
16.000000	40.000000	171.917844	863.899928	5.190524e-01	2.966298e-02	2.031287e+02	3.310032e-02	
16.000000	44.000000	152.679448	2.306319	6.027141e-01	3.076240e-02	2.032470e+02	3.993339e-02	
16.000000	48.000000	149.193613	2.532333	5.956061e-01	2.592858e-02	2.027663e+02	4.435254e-02	
16.000000	52.000000	171.052324	3.328983	4.753844e-01	3.778954e-02	2.020275e+02	3.123708e-02	
16.000000	56.000000	198.326124	4.104025	5.915457e-01	3.410268e-02	1.997816e+02	4.079423e-02	
16.000000	60.000000	185.901501	17.176221	6.158139e-01	3.138797e-02	1.953910e+02	4.131847e-02	
20.000000	0.000000	205.445914	373.953840	5.764121e-01	2.992730e-02	1.901789e+02	3.780397e-02	
20.000000	4.000000	170.291693	41.658984	6.514917e-01	2.974469e-02	2.013282e+02	4.456418e-02	
20.000000	8.000000	172.050016	4.152216	5.881376e-01	2.951495e-02	2.014488e+02	3.978344e-02	
20.000000	12.000000	159.403421	27.083237	5.609482e-01	2.659727e-02	2.018321e+02	4.092857e-02	
20.000000	16.000000	164.083540	19.351995	5.864765e-01	2.581014e-02	2.017756e+02	4.270191e-02	
20.000000	20.000000	133.440684	27.230293	6.108238e-01	3.611709e-02	2.020511e+02	4.461360e-02	
20.000000	24.000000	159.577479	3.478484	5.512857e-01	3.118862e-02	2.019476e+02	4.002992e-02	
20.000000	28.000000	160.830743	406.703597	4.835440e-01	3.160745e-02	2.021341e+02	3.050923e-02	
20.000000	32.000000	173.404267	799.972725	5.865269e-01	2.625492e-02	2.022100e+02	4.423812e-02	
20.000000	36.000000	157.806769	527.456512	6.846303e-01	3.217168e-02	2.027736e+02	4.809621e-02	
20.000000	40.000000	146.633204	3.077293	5.532838e-01	2.918186e-02	2.032513e+02	3.749266e-02	
20.000000	44.000000	168.217765	25.785356	5.917542e-01	2.947984e-02	2.034387e+02	4.063557e-02	
20.000000	48.000000	154.042058	18.387268	5.606172e-01	2.767973e-02	2.033302e+02	3.759764e-02	
20.000000	52.000000	167.646608	4.808293	5.773370e-01	2.816087e-02	2.024311e+02	3.930542e-02	
20.000000	56.000000	195.447504	7.295461	6.342075e-01	3.726524e-02	2.002935e+02	4.454649e-02	
20.000000	60.000000	215.806220	19.099169	6.325202e-01	2.659393e-02	1.963550e+02	4.456172e-02	
24.000000	0.000000	190.059248	19.481425	5.841301e-01	2.790674e-02	1.905493e+02	3.947581e-02	
24.000000	4.000000	151.314415	188.286524	5.338760e-01	2.832395e-02	2.012417e+02	3.537898e-02	
24.000000	8.000000	166.350886	47.392552	6.055102e-01	3.290717e-02	2.012216e+02	4.028308e-02	
24.000000	12.000000	171.717757	796.413681	5.807776e-01	2.864601e-02	2.014969e+02	3.948326e-02	
24.000000	16.000000	126.064624	97.012455	5.716403e-01	2.646502e-02	2.018161e+02	4.250303e-02	
24.000000	20.000000	174.348936	16.062078	5.950219e-01	2.891107e-02	2.018546e+02	3.937115e-02	
24.000000	24.000000	160.844398	3.386739	5.914382e-01	2.886377e-02	2.018844e+02	3.958526e-02	
24.000000	28.000000	138.325844	31.176326	4.903858e-01	3.260958e-02	2.021233e+02	3.105119e-02	
24.000000	32.000000	142.160296	201.244081	5.341436e-01	2.675896e-02	2.022771e+02	3.564070e-02	
24.000000	36.000000	142.900248	237.425514	5.497959e-01	2.568210e-02	2.026323e+02	3.765851e-02	
24.000000	40.000000	152.312599	2.686847	5.632954e-01	2.968564e-02	2.030459e+02	3.756473e-02	
24.000000	44.000000	148.414663	211.230193	5.835160e-01	2.890724e-02	2.033921e+02	3.993374e-02	
24.000000	48.000000	167.216442	32.403109	6.043643e-01	2.993615e-02	2.033306e+02	4.033609e-02	
24.000000	52.000000	190.796110	198.100640	5.813438e-01	2.794353e-02	2.024906e+02	3.983370e-02	
24.000000	56.000000	207.756524	15.799265	5.773569e-01	2.779408e-02	2.005262e+02	3.925363e-02	
24.000000	60.000000	194.485630	19.525113	5.606031e-01	3.070641e-02	1.968690e+02	4.824840e-02	
28.000000	0.000000	196.603735	7.468937	6.378402e-01	3.035501e-02	1.906577e+02	4.292030e-02	
28.000000	4.000000	181.605464	170.990714	6.149416e-01	2.786156e-02	2.007682e+02	4.193008e-02	
28.000000	8.000000	182.225801	44.386035	5.336624e-01	3.016807e-02	2.009474e+02	3.396972e-02	
28.000000	12.000000	164.005751	21.204170	5.595453e-01	2.609966e-02	2.013107e+02	3.749995e-02	
28.000000	16.000000	186.480600	59.503732	5.978008e-01	3.023872e-02	2.015705e+02	4.098961e-02	
28.000000	20.000000	141.763000	49.140741	6.119854e-01	3.251285e-02	2.016021e+02	4.172254e-02	
28.000000	24.000000	169.864467	18.598182	6.719953e-01	4.105413e-02	2.015592e+02	4.730427e-02	
28.000000	28.000000	175.191985	265.674287	5.965379e-01	3.042482e-02	2.017770e+02	3.949113e-02	
28.000000	32.000000	159.353490	134.335069	4.798920e-01	3.858154e-02	2.020224e+02	3.290823e-02	
28.000000	36.000000	159.234742	2.648111	6.406871e-01	3.534808e-02	2.024106e+02	4.316709e-02	
28.000000	40.000000	173.058345	2.314411	6.235437e-01	4.097789e-02	2.028574e+02	4.572321e-02	
28.000000	44.000000	163.074109	42.828023	5.581958e-01	2.921274e-02	2.032753e+02	3.724816e-02	
28.000000	48.000000	177.505778	42.219696	5.810227e-01	2.819553e-02	2.032214e+02	3.841385e-02	
28.000000	52.000000	184.640974	3.835700	5.983760e-01	3.104673e-02	2.026275e+02	4.113610e-02	
28.000000	56.000000	202.093287	1113.986434	5.538330e-01	2.598912e-02	2.008144e+02	3.808611e-02	
28.000000	60.000000	203.111698	9.439425	6.033810e-01	3.432799e-02	1.972582e+02	4.071534e-02	
32.000000	0.000000	206.865214	13.744676	6.066333e-01	3.236186e-02	1.913839e+02	4.082767e-02	
32.000000	4.000000	184.437608	6.660538	5.943647e-01	2.839658e-02	2.004370e+02	4.007692e-02	
32.000000	8.000000	194.090008	909.957011	6.428862e-01	3.192046e-02	2.003676e+02	4.281702e-02	
32.000000	12.000000	181.970162	5.451431	5.493978e-01	2.854733e-02	2.009090e+02	3.635625e-02	
32.000000	16.000000	172.562028	59.472167	5.557951e-01	3.161777e-02	2.011292e+02	3.649631e-02	
32.000000	20.000000	176.625985	804.083486	5.281727e-01	2.943553e-02	2.012083e+02	3.465252e-02	
32.000000	24.000000	162.723937	465.159414	5.587823e-01	3.297891e-02	2.011297e+02	3.730400e-02	
32.000000	28.000000	144.974040	234.452680	6.398690e-01	2.914283e-02	2.014390e+02	4.382059e-02	
32.000000	32.000000	164.758126	4.210612	6.131761e-01	3.302962e-02	2.016371e+02	4.226637e-02	
32.000000	36.000000	172.553087	41.140712	5.598327e-01	2.938397e-02	2.020998e+02	3.621413e-02	
32.000000	40.000000	159.152729	27.591261	5.767300e-01	2.779727e-02	2.025357e+02	3.923109e-02	
32.000000	44.000000	177.173953	2.905052	6.022749e-01	2.676632e-02	2.033485e+02	4.074359e-02	
32.000000	48.000000	167.131250	235.110773	5.408308e-01	2.957348e-02	2.032061e+02	3.546614e-02	
32.000000	52.000000	200.040667	874.751330	6.025349e-01	2.565366e-02	2.027295e+02	4.306810e-02	
32.000000	56.000000	220.304940	122.907448	5.324131e-01	2.960965e-02	2.010484e+02	3.480258e-02	
32.000000	60.000000	227.724571	34.658966	6.093256e-01	3.037818e-02	1.979416e+02	4.053401e-02	
36.000000	0.000000	220.288325	4.905488	5.410530e-01	2.615463e-02	1.922356e+02	3.607101e-02	
36.000000	4.000000	184.541539	249.147649	6.042755e-01	3.012558e-02	1.999266e+02	4.115468e-02	
36.000000	8.000000	180.583784	40.132268	5.541131e-01	3.013679e-02	2.000245e+02	3.679588e-02	
36.000000	12.000000	170.690626	121.443457	6.068988e-01	2.565578e-02	2.002736e+02	4.377965e-02	
36.000000	16.000000	186.047447	30.471595	6.367521e-01	3.607120e-02	2.006199e+02	4.427531e-02	
36.000000	20.000000	173.284221	43.656572	5.926613e-01	2.971616e-02	2.008741e+02	4.507908e-02	
36.000000	24.000000	177.015626	364.733580	5.655761e-01	3.045971e-02	2.009662e+02	3.691405e-02	
36.000000	28.000000	175.930720	750.281423	6.674919e-01	3.956440e-02	2.011228e+02	4.743722e-02	
36.000000	32.000000	156.272207	153.657579	5.512970e-01	2.490087e-02	2.014384e+02	3.792542e-02	
36.000000	36.000000	164.613794	894.042615	5.449138e-01	2.963139e-02	2.019387e+02	3.488104e-02	
36.000000	40.000000	172.390034	295.921808	5.443405e-01	2.445599e-02	2.024144e+02	3.748701e-02	
36.000000	44.000000	165.278418	3.835167	5.748349e-01	3.099179e-02	2.029544e+02	4.074838e-02	
36.000000	48.000000	176.887705	88.924987	5.657117e-01	2.723477e-02	2.034252e+02	3.847730e-02	
36.000000	52.000000	176.915837	3.848709	5.525295e-01	2.961390e-02	2.030850e+02	3.565195e-02	
36.000000	56.000000	196.686027	7.493977	6.703908e-01	2.793467e-02	2.015951e+02	5.023748e-02	
36.000000	60.000000	226.997795	8.311499	5.534647e-01	2.677150e-02	1.986654e+02	3.784831e-02	
40.000000	0.000000	203.707414	7.390274	5.848955e-01	2.764170e-02	1.931796e+02	3.918246e-02	
40.000000	4.000000	190.108969	51.132443	6.646624e-01	3.982247e-02	1.995394e+02	4.666321e-02	
40.000000	8.000000	189.082560	587.312279	6.115254e-01	2.640566e-02	1.996773e+02	4.207696e-02	
40.000000	12.000000	183.431355	6.858482	5.939637e-01	3.003456e-02	2.002061e+02	3.914982e-02	
40.000000	16.000000	202.112072	7.217681	6.362949e-01	2.642561e-02	2.006769e+02	4.742376e-02	
40.000000	20.000000	178.037560	240.149243	5.711826e-01	2.579079e-02	2.007937e+02	4.041555e-02	
40.000000	24.000000	180.000340	49.523342	5.983999e-01	2.953805e-02	2.008976e+02	4.172788e-02	
40.000000	28.000000	170.868458	55.389838	5.411643e-01	3.127200e-02	2.010096e+02	3.593048e-02	
40.000000	32.000000	163.614275	42.001908	5.683728e-01	2.697674e-02	2.015850e+02	3.901183e-02	
40.000000	36.000000	147.789063	27.476428	6.022133e-01	3.052008e-02	2.018497e+02	3.956853e-02	
40.000000	40.000000	165.625978	22.799852	5.707005e-01	2.705825e-02	2.025795e+02	3.900093e-02	
40.000000	44.000000	185.649536	30.137325	5.239232e-01	3.653947e-02	2.031142e+02	3.611389e-02	
40.000000	48.000000	158.797933	30.828968	5.795059e-01	2.702556e-02	2.033763e+02	3.896873e-02	
40.000000	52.000000	190.103726	4.889101	5.714647e-01	2.986416e-02	2.031654e+02	3.738295e-02	
40.000000	56.000000	222.551037	7.882095	5.613950e-01	3.128323e-02	2.020515e+02	3.702375e-02	
40.000000	60.000000	247.036610	7.598043	5.307758e-01	2.522328e-02	1.992976e+02	3.571303e-02	
44.000000	0.000000	214.458659	18.679900	6.129477e-01	2.978218e-02	1.944658e+02	4.140974e-02	
44.000000	4.000000	195.043551	435.019810	5.997471e-01	3.865467e-02	1.990494e+02	4.669548e-02	
44.000000	8.000000	193.368306	281.693067	6.080391e-01	3.202889e-02	1.991315e+02	4.020415e-02	
44.000000	12.000000	193.520156	942.281780	6.196590e-01	3.726510e-02	1.997765e+02	4.371052e-02	
44.000000	16.000000	190.496626	42.492320	7.626704e-01	4.341755e-02	2.002395e+02	5.195993e-02	
44.000000	20.000000	248.284762	95.907278	6.089361e-01	3.168509e-02	2.002875e+02	4.063643e-02	
44.000000	24.000000	204.240990	886.206162	5.835701e-01	2.950073e-02	2.006453e+02	3.990887e-02	
44.000000	28.000000	177.475821	23.363444	5.053721e-01	6.622083e-02	2.008654e+02	5.477795e-02	
44.000000	32.000000	87.881202	3.634358	4.518301e-01	3.680158e-02	2.010670e+02	2.675728e-02	
44.000000	36.000000	176.699242	40.175055	6.234610e-01	2.948203e-02	2.013096e+02	4.176018e-02	
44.000000	40.000000	188.253172	41.583434	4.563461e-01	3.598264e-02	2.020507e+02	2.692154e-02	
44.000000	44.000000	165.214729	928.013292	6.692689e-01	4.153396e-02	2.026481e+02	4.759391e-02	
44.000000	48.000000	193.734554	162.873952	5.557946e-01	2.941713e-02	2.029545e+02	3.623972e-02	
44.000000	52.000000	206.450308	4.051445	6.338959e-01	3.194484e-02	2.030216e+02	4.266403e-02	
44.000000	56.000000	224.966578	231.781699	5.674935e-01	2.958980e-02	2.020376e+02	3.672355e-02	
44.000000	60.000000	231.142887	11.304403	6.215057e-01	2.961765e-02	1.996863e+02	4.157936e-02	
48.000000	0.000000	245.876609	8.664591	5.467868e-01	2.853715e-02	1.951571e+02	3.552729e-02	
48.000000	4.000000	-80.274658	29.854975	6.026852e-01	2.637762e-02	1.983317e+02	4.097120e-02	
48.000000	8.000000	199.954727	43.151815	5.344707e-01	2.620052e-02	1.987733e+02	3.547108e-02	
48.000000	12.000000	171.356398	0.059303	5.687457e-01	2.910158e-02	1.988953e+02	3.700166e-02	
48.000000	16.000000	197.123239	150.969325	5.245135e-01	2.558311e-02	1.997143e+02	3.575866e-02	
48.000000	20.000000	192.649695	6.105920	5.238659e-01	3.251692e-02	2.000954e+02	3.395083e-02	
48.000000	24.000000	190.316995	42.789746	6.650407e-01	3.749801e-02	1.999724e+02	5.132937e-02	
48.000000	28.000000	190.714473	52.054080	6.193419e-01	3.206119e-02	2.000428e+02	4.369011e-02	
48.000000	32.000000	185.626591	78.032186	5.435950e-01	2.390567e-02	2.005191e+02	3.755130e-02	
48.000000	36.000000	190.944783	331.806032	4.988395e-01	2.050496e-02	2.014284e+02	3.564547e-02	
48.000000	40.000000	184.568204	115.987691	5.526679e-01	3.003341e-02	2.018747e+02	3.580327e-02	
48.000000	44.000000	186.410500	260.562289	5.886171e-01	2.945096e-02	2.023968e+02	4.030636e-02	
48.000000	48.000000	194.226126	156.041278	6.066181e-01	2.767854e-02	2.027908e+02	4.142288e-02	
48.000000	52.000000	197.732727	70.033154	5.436647e-01	3.036942e-02	2.028924e+02	4.368526e-02	
48.000000	56.000000	196.908846	0.530085	6.240584e-01	3.444455e-02	2.020928e+02	4.274762e-02	
48.000000	60.000000	273.495064	12.821608	5.725462e-01	2.570907e-02	2.002609e+02	3.871830e-02	
52.000000	0.000000	272.054580	10.043624	5.617958e-01	2.604687e-02	1.962888e+02	3.761044e-02	
52.000000	4.000000	231.776752	875.870124	5.788667e-01	2.682105e-02	1.973272e+02	3.877993e-02	
52.000000	8.000000	220.929520	11.684591	5.716375e-01	2.696122e-02	1.975470e+02	3.917883e-02	
52.000000	12.000000	215.676910	461.336324	4.927647e-01	2.565659e-02	1.982372e+02	3.371429e-02	
52.000000	16.000000	209.038553	89.201020	6.035572e-01	3.267183e-02	1.988380e+02	4.018441e-02	
52.000000	20.000000	196.383212	691.581735	6.338758e-01	4.136419e-02	1.988355e+02	4.654934e-02	
52.000000	24.000000	201.571820	47.626612	6.578463e-01	3.430238e-02	1.993629e+02	4.419276e-02	
52.000000	28.000000	194.249233	50.901534	5.719485e-01	2.711787e-02	1.994434e+02	3.927669e-02	
52.000000	32.000000	196.874772	440.307686	5.587753e-01	2.566734e-02	1.995614e+02	3.836257e-02	
52.000000	36.000000	194.074508	928.720475	6.472791e-01	2.806392e-02	2.004128e+02	4.517375e-02	
52.000000	40.000000	185.007975	924.805447	5.778731e-01	2.988102e-02	2.009916e+02	3.755549e-02	
52.000000	44.000000	195.474054	4.639632	5.647877e-01	2.938187e-02	2.019389e+02	3.721942e-02	
52.000000	48.000000	209.988169	3.432686	5.714791e-01	2.868012e-02	2.022644e+02	3.795430e-02	
52.000000	52.000000	224.961995	46.136202	5.759506e-01	2.700854e-02	2.026055e+02	3.880453e-02	
52.000000	56.000000	235.811362	301.725234	6.252278e-01	3.608595e-02	2.022940e+02	4.374508e-02	
52.000000	60.000000	268.520157	1033.285485	6.650286e-01	3.595054e-02	2.005935e+02	4.630999e-02	
56.000000	0.000000	290.527122	10.002325	5.513587e-01	2.603966e-02	1.972551e+02	3.689014e-02	
56.000000	4.000000	264.503822	172.533537	5.569795e-01	2.937787e-02	1.961326e+02	4.525426e-02	
56.000000	8.000000	254.972469	756.365501	6.169062e-01	2.917178e-02	1.964389e+02	4.168362e-02	
56.000000	12.000000	242.984998	811.955679	6.488786e-01	3.144474e-02	1.971531e+02	4.328234e-02	
56.000000	16.000000	226.261948	158.637707	5.959987e-01	2.941590e-02	1.983020e+02	3.975854e-02	
56.000000	20.000000	226.639160	98.188053	6.103640e-01	3.132472e-02	1.984000e+02	4.108645e-02	
56.000000	24.000000	145.707028	103.297240	6.010366e-01	2.717427e-02	1.986345e+02	4.052991e-02	
56.000000	28.000000	217.307868	767.160309	6.230656e-01	3.641859e-02	1.987337e+02	4.364305e-02	
56.000000	32.000000	222.167793	35.063685	6.132029e-01	3.436350e-02	1.992263e+02	4.131908e-02	
56.000000	36.000000	210.553975	106.804383	5.693478e-01	3.080758e-02	1.999602e+02	3.959958e-02	
56.000000	40.000000	218.666529	6.221854	6.050931e-01	3.096551e-02	2.005377e+02	4.153250e-02	
56.000000	44.000000	216.907398	462.742788	6.555510e-01	3.213436e-02	2.013082e+02	4.400493e-02	
56.000000	48.000000	214.101233	37.875684	5.684836e-01	2.801966e-02	2.018189e+02	3.740442e-02	
56.000000	52.000000	216.567480	6.764810	5.876583e-01	2.769231e-02	2.021597e+02	4.028535e-02	
56.000000	56.000000	241.228651	642.207313	4.622746e-01	3.245776e-02	2.021220e+02	2.889339e-02	
56.000000	60.000000	283.807150	6.715105	5.809042e-01	3.163649e-02	2.009496e+02	3.878705e-02	
60.000000	0.000000	292.020198	37.101785	7.077444e-01	3.660445e-02	1.980670e+02	4.737497e-02	
60.000000	4.000000	597.883290	789.603832	5.756999e-01	3.083363e-02	1.962627e+02	3.914663e-02	
60.000000	8.000000	539.321322	441.689849	7.745912e-01	4.104915e-02	1.967486e+02	5.462830e-02	
60.000000	12.000000	471.852484	682.251490	6.975874e-01	4.623645e-02	1.976323e+02	5.041800e-02	
60.000000	16.000000	424.538258	719.734758	6.361085e-01	3.534902e-02	1.984473e+02	4.404433e-02	
60.000000	20.000000	387.740240	747.881709	5.916267e-01	2.695197e-02	1.993552e+02	3.979623e-02	
60.000000	24.000000	360.327557	754.538245	6.116781e-01	2.650768e-02	1.993427e+02	4.183518e-02	
60.000000	28.000000	334.127013	734.033931	6.153967e-01	2.889145e-02	1.994297e+02	4.156621e-02	
60.000000	32.000000	306.856091	782.699722	5.294318e-01	2.838724e-02	1.991992e+02	3.454675e-02	
60.000000	36.000000	280.868541	761.587299	6.145673e-01	2.669365e-02	1.993518e+02	4.202095e-02	
60.000000	40.000000	261.336062	166.976708	6.129107e-01	3.318672e-02	2.000326e+02	4.230488e-02	
60.000000	44.000000	250.283364	142.595345	6.400441e-01	2.914420e-02	2.003043e+02	4.355126e-02	
60.000000	48.000000	246.415297	647.409643	5.773424e-01	2.890430e-02	2.008945e+02	3.790810e-02	
60.000000	52.000000	233.319713	85.568570	5.893961e-01	3.181423e-02	2.011170e+02	3.901376e-02	
60.000000	56.000000	266.606503	427.577493	6.234551e-01	3.234629e-02	2.011220e+02	4.130100e-02	
60.000000	60.000000	295.450060	305.432063	6.825041e-01	4.755377e-02	2.008092e+02	5.229650e-02	
0.000000	0.000000	360.133117	43.601125	6.122347e-01	2.621218e-02	1.986742e+02	4.237434e-02	
