0.000000	4.000000	153.302015	6.727118	6.253362e-01	2.632020e-02	2.026600e+02	4.389980e-02	
0.000000	8.000000	151.698068	3.030205	6.293407e-01	3.196050e-02	2.025180e+02	4.285601e-02	
0.000000	12.000000	147.055621	44.744710	6.000195e-01	3.135618e-02	2.031164e+02	3.952620e-02	
0.000000	16.000000	146.213113	2.430250	5.765058e-01	2.772628e-02	2.034249e+02	3.947566e-02	
0.000000	20.000000	141.542269	3.238866	5.398708e-01	2.633614e-02	2.031775e+02	3.622841e-02	
0.000000	24.000000	140.806995	39.447605	5.685350e-01	2.966295e-02	2.032903e+02	3.793917e-02	
0.000000	28.000000	140.794015	2.183034	5.582983e-01	2.590634e-02	2.032576e+02	3.737834e-02	
0.000000	32.000000	140.802786	1.315943	5.899502e-01	2.968167e-02	2.033963e+02	4.049232e-02	
0.000000	36.000000	140.806001	1.080676	5.816141e-01	2.768957e-02	2.038458e+02	3.946216e-02	
0.000000	40.000000	140.797029	27.483191	5.841594e-01	2.560219e-02	2.032684e+02	3.997087e-02	
0.000000	44.000000	145.951282	208.739562	5.761446e-01	2.963845e-02	2.033119e+02	3.939111e-02	
0.000000	48.000000	153.300094	99.558770	4.829265e-01	1.956059e-02	2.034153e+02	3.512345e-02	
0.000000	52.000000	172.049808	38.217480	5.327429e-01	3.413975e-02	2.021608e+02	3.597959e-02	
0.000000	56.000000	190.805379	4.211763	5.734588e-01	3.080349e-02	1.970099e+02	3.865711e-02	
0.000000	60.000000	182.806782	6.874913	5.310485e-01	2.650778e-02	1.902731e+02	3.603225e-02	
4.000000	0.000000	173.610961	13.591777	5.997405e-01	3.034928e-02	1.865517e+02	4.113276e-02	
4.000000	4.000000	153.305721	5.430634	6.495916e-01	4.004549e-02	2.017288e+02	4.641054e-02	
4.000000	8.000000	153.301892	4.499611	6.020817e-01	3.037802e-02	2.019591e+02	4.004168e-02	
4.000000	12.000000	148.439810	6.010590	5.300316e-01	3.141687e-02	2.019704e+02	3.445265e-02	
4.000000	16.000000	147.058951	3.883634	6.011413e-01	2.564902e-02	2.027223e+02	4.238527e-02	
4.000000	20.000000	145.477523	63.405346	5.708068e-01	3.971308e-02	2.029948e+02	4.971203e-02	
4.000000	24.000000	141.606803	3.166533	5.796132e-01	2.552710e-02	2.027694e+02	4.067043e-02	
4.000000	28.000000	140.804086	2.056388	6.069457e-01	2.768496e-02	2.026165e+02	4.104724e-02	
4.000000	32.000000	140.837222	58.722212	7.158135e-01	5.212499e-02	2.027625e+02	5.540238e-02	
4.000000	36.000000	140.814656	144.794486	6.017304e-01	3.111275e-02	2.030047e+02	4.016010e-02	
4.000000	40.000000	141.460696	72.342864	6.074681e-01	2.991145e-02	2.028712e+02	4.000030e-02	
4.000000	44.000000	147.051910	32.476186	5.691256e-01	2.788450e-02	2.028580e+02	3.799192e-02	
4.000000	48.000000	154.114830	1.443722	5.779227e-01	2.756909e-02	2.025211e+02	3.918575e-02	
4.000000	52.000000	172.057903	9.849148	6.076235e-01	2.925344e-02	2.014516e+02	4.100334e-02	
4.000000	56.000000	191.692167	8.192067	6.724415e-01	3.350762e-02	1.969559e+02	4.493816e-02	
4.000000	60.000000	184.555706	8.581235	5.606063e-01	2.704973e-02	1.908404e+02	4.180340e-02	
8.000000	0.000000	178.295275	9.565712	5.892842e-01	3.072030e-02	1.860811e+02	3.859366e-02	
8.000000	4.000000	157.656900	914.806087	6.266770e-01	2.913858e-02	2.014359e+02	4.251618e-02	
8.000000	8.000000	153.305458	5.089142	6.056747e-01	2.654680e-02	2.013409e+02	4.117235e-02	
8.000000	12.000000	153.299515	3.371092	6.564900e-01	3.457172e-02	2.016331e+02	4.419642e-02	
8.000000	16.000000	147.056397	3.941875	5.710237e-01	2.957327e-02	2.020590e+02	3.845532e-02	
8.000000	20.000000	147.051786	3.720144	6.094073e-01	3.220305e-02	2.021046e+02	4.046991e-02	
8.000000	24.000000	145.434794	96.448891	5.799610e-01	2.893476e-02	2.022831e+02	3.861373e-02	
8.000000	28.000000	142.493765	69.551547	5.484702e-01	2.745288e-02	2.022875e+02	3.657080e-02	
8.000000	32.000000	141.445557	3.328380	5.522853e-01	2.492859e-02	2.024479e+02	3.799581e-02	
8.000000	36.000000	141.651320	48.723279	6.651779e-01	3.246962e-02	2.025957e+02	4.531156e-02	
8.000000	40.000000	147.051849	1.481330	6.499265e-01	4.556837e-02	2.028853e+02	5.028980e-02	
8.000000	44.000000	147.664177	1.617952	5.988810e-01	2.726619e-02	2.026304e+02	4.033908e-02	
8.000000	48.000000	157.884415	1.091486	5.082402e-01	2.088810e-02	2.025401e+02	3.595435e-02	
8.000000	52.000000	172.054636	105.593928	5.558619e-01	2.932466e-02	2.010602e+02	3.603845e-02	
8.000000	56.000000	195.553407	11.210296	6.000755e-01	3.223792e-02	1.976311e+02	4.109095e-02	
8.000000	60.000000	190.801924	10.516082	5.465471e-01	2.454077e-02	1.914696e+02	3.747241e-02	
12.000000	0.000000	179.613995	635.719600	5.730478e-01	2.554197e-02	1.857677e+02	3.946248e-02	
12.000000	4.000000	159.562911	5.985452	6.001535e-01	2.584225e-02	2.013021e+02	4.125060e-02	
12.000000	8.000000	157.264544	69.564827	6.387567e-01	3.140106e-02	2.012789e+02	4.270210e-02	
12.000000	12.000000	153.304992	33.038319	7.027189e-01	3.496531e-02	2.011272e+02	4.939382e-02	
12.000000	16.000000	151.692673	2.944628	5.808563e-01	2.562963e-02	2.017418e+02	3.986462e-02	
12.000000	20.000000	147.051965	4.372584	6.096781e-01	3.127657e-02	2.019918e+02	4.094376e-02	
12.000000	24.000000	147.045373	76.456027	6.194272e-01	2.974717e-02	2.023179e+02	4.140267e-02	
12.000000	28.000000	147.050657	2.756070	5.644307e-01	2.817052e-02	2.021524e+02	4.468852e-02	
12.000000	32.000000	146.163764	2.178669	6.041851e-01	3.316359e-02	2.023532e+02	4.073507e-02	
12.000000	36.000000	147.045961	1.965181	5.804433e-01	2.905866e-02	2.026406e+02	3.968151e-02	
12.000000	40.000000	147.060414	26.242550	5.812209e-01	2.969262e-02	2.026687e+02	3.971338e-02	
12.000000	44.000000	152.258257	1.253951	5.475144e-01	2.541525e-02	2.023467e+02	3.687896e-02	
12.000000	48.000000	159.557911	151.096047	5.162107e-01	3.003483e-02	2.020911e+02	3.259167e-02	
12.000000	52.000000	172.482504	2.351045	5.421998e-01	2.816219e-02	2.007483e+02	3.660692e-02	
12.000000	56.000000	197.056322	7.873102	5.823536e-01	2.891345e-02	1.978803e+02	4.216722e-02	
12.000000	60.000000	195.478424	8.636279	5.831541e-01	2.955485e-02	1.920676e+02	3.809277e-02	
16.000000	0.000000	184.550229	12.929371	5.681544e-01	2.971084e-02	1.859109e+02	4.121819e-02	
16.000000	4.000000	160.336862	5.880776	5.709816e-01	2.577610e-02	2.007965e+02	4.050778e-02	
16.000000	8.000000	159.551899	9.542556	5.916486e-01	2.759707e-02	2.008190e+02	4.009087e-02	
16.000000	12.000000	154.993765	100.271995	5.969081e-01	3.438921e-02	2.007728e+02	4.128042e-02	
16.000000	16.000000	153.301086	5.889568	5.913559e-01	3.031671e-02	2.012138e+02	3.909702e-02	
16.000000	20.000000	151.277729	3.687045	6.030168e-01	3.304222e-02	2.012974e+02	4.155141e-02	
16.000000	24.000000	148.603431	4.711480	6.045037e-01	2.748258e-02	2.017768e+02	4.970580e-02	
16.000000	28.000000	147.059939	36.268714	5.525596e-01	2.603409e-02	2.016368e+02	3.781046e-02	
16.000000	32.000000	147.046023	231.769437	5.979750e-01	2.938513e-02	2.018959e+02	4.146527e-02	
16.000000	36.000000	147.049159	25.289321	5.765533e-01	3.026162e-02	2.020086e+02	3.776714e-02	
16.000000	40.000000	147.368031	3.488879	7.036031e-01	3.584898e-02	2.024005e+02	4.867011e-02	
16.000000	44.000000	153.295233	30.825467	5.204543e-01	3.849094e-02	2.019532e+02	4.697832e-02	
16.000000	48.000000	159.545145	1.985063	5.935740e-01	2.774578e-02	2.017937e+02	3.973848e-02	
16.000000	52.000000	173.439806	166.014499	5.633677e-01	2.567770e-02	2.007871e+02	3.863258e-02	
16.000000	56.000000	197.051940	9.208287	5.842478e-01	3.013778e-02	1.976734e+02	3.994450e-02	
16.000000	60.000000	199.272078	11.161258	5.234598e-01	3.520048e-02	1.928990e+02	3.423779e-02	
20.000000	0.000000	190.795303	6.281939	5.622896e-01	3.246413e-02	1.858730e+02	5.163704e-02	
20.000000	4.000000	164.172979	6.378665	5.473017e-01	2.704625e-02	2.003062e+02	3.665041e-02	
20.000000	8.000000	160.803115	6.460676	6.284530e-01	2.994847e-02	2.002251e+02	4.204183e-02	
20.000000	12.000000	159.545421	4.063493	5.722839e-01	3.662718e-02	2.008771e+02	3.952956e-02	
20.000000	16.000000	154.155868	5.674676	6.065780e-01	3.218149e-02	2.009492e+02	4.423516e-02	
20.000000	20.000000	153.305726	4.560912	6.323954e-01	3.665683e-02	2.015824e+02	4.329624e-02	
20.000000	24.000000	152.255681	3.405330	6.097880e-01	2.830868e-02	2.011739e+02	4.442027e-02	
20.000000	28.000000	150.674343	193.891787	5.455335e-01	2.505265e-02	2.016213e+02	3.704073e-02	
20.000000	32.000000	148.384607	88.045058	5.888854e-01	2.806095e-02	2.017776e+02	3.908938e-02	
20.000000	36.000000	148.690814	193.645448	6.586769e-01	3.215560e-02	2.018809e+02	4.645550e-02	
20.000000	40.000000	152.133150	2.461923	5.744162e-01	2.555168e-02	2.017753e+02	3.999773e-02	
20.000000	44.000000	153.672939	2.724239	6.004489e-01	4.088568e-02	2.019077e+02	4.385844e-02	
20.000000	48.000000	161.263726	0.782727	5.810145e-01	2.902654e-02	2.016461e+02	3.895677e-02	
20.000000	52.000000	176.717480	3.947434	6.355951e-01	3.299920e-02	2.003299e+02	4.248382e-02	
20.000000	56.000000	197.054605	17.097179	5.596521e-01	2.803836e-02	1.978540e+02	3.671838e-02	
20.000000	60.000000	204.488893	18.481918	5.954659e-01	2.581182e-02	1.932965e+02	4.076893e-02	
24.000000	0.000000	194.772404	1051.709257	5.542317e-01	2.580270e-02	1.866133e+02	3.798356e-02	
24.000000	4.000000	165.809021	5.837292	5.923619e-01	3.023950e-02	1.998780e+02	3.884794e-02	
24.000000	8.000000	164.840965	6.224431	5.453581e-01	3.036364e-02	2.000331e+02	3.516054e-02	
24.000000	12.000000	160.226492	6.149263	6.010789e-01	3.085467e-02	2.004435e+02	4.056593e-02	
24.000000	16.000000	159.560740	4.293341	5.441827e-01	2.982870e-02	2.009322e+02	3.491946e-02	
24.000000	20.000000	154.698039	54.233170	5.760750e-01	3.338763e-02	2.009679e+02	4.372741e-02	
24.000000	24.000000	153.344478	170.595192	5.979750e-01	2.938513e-02	2.008959e+02	4.146526e-02	
24.000000	28.000000	153.306181	4.600637	5.587238e-01	2.983263e-02	2.010062e+02	3.617230e-02	
24.000000	32.000000	153.305191	3.913770	5.513212e-01	2.845022e-02	2.011748e+02	3.596490e-02	
24.000000	36.000000	153.305664	3.213451	6.131391e-01	3.155811e-02	2.009092e+02	4.043677e-02	
24.000000	40.000000	153.292233	5.171677	5.786667e-01	2.616150e-02	2.017259e+02	3.923726e-02	
24.000000	44.000000	157.836148	34.349883	5.611563e-01	2.595123e-02	2.017289e+02	3.757763e-02	
24.000000	48.000000	165.804227	2.256823	5.352242e-01	2.347455e-02	2.015353e+02	3.692983e-02	
24.000000	52.000000	178.300856	3.203169	6.021065e-01	2.828698e-02	2.004147e+02	4.055877e-02	
24.000000	56.000000	197.050467	7.660003	6.151202e-01	3.248029e-02	1.982319e+02	4.089273e-02	
24.000000	60.000000	209.548325	10.858048	5.362119e-01	3.830869e-02	1.940924e+02	3.881458e-02	
28.000000	0.000000	198.282520	12.018488	5.712028e-01	2.899547e-02	1.870841e+02	3.752265e-02	
28.000000	4.000000	170.467294	535.319123	6.610811e-01	5.529477e-02	2.000318e+02	6.198185e-02	
28.000000	8.000000	167.160366	135.246941	5.988485e-01	3.016589e-02	1.995189e+02	4.115526e-02	
28.000000	12.000000	164.723297	4.563792	6.792147e-01	3.654448e-02	1.999677e+02	4.980589e-02	
28.000000	16.000000	160.262257	6.845094	6.235932e-01	3.258195e-02	2.004283e+02	4.206913e-02	
28.000000	20.000000	159.549890	5.314685	6.400301e-01	3.998992e-02	2.007761e+02	4.602218e-02	
28.000000	24.000000	156.511686	91.913070	6.224527e-01	2.815269e-02	2.007457e+02	4.235832e-02	
28.000000	28.000000	153.301138	5.324373	6.268508e-01	2.988711e-02	2.004582e+02	4.248886e-02	
28.000000	32.000000	153.312516	5.313529	6.305344e-01	2.636704e-02	2.006574e+02	4.473932e-02	
28.000000	36.000000	153.295979	4.352757	6.660695e-01	3.534990e-02	2.010851e+02	4.507770e-02	
28.000000	40.000000	154.533964	84.695208	5.469332e-01	2.547558e-02	2.013500e+02	3.702672e-02	
28.000000	44.000000	159.550051	174.644490	5.398619e-01	2.356011e-02	2.014761e+02	3.735376e-02	
28.000000	48.000000	165.809941	29.378011	5.607130e-01	2.850531e-02	2.012274e+02	3.701354e-02	
28.000000	52.000000	178.306000	4.523187	6.263406e-01	3.413926e-02	2.004283e+02	4.334286e-02	
28.000000	56.000000	198.310196	9.242287	5.973186e-01	3.161341e-02	1.986446e+02	4.074877e-02	
28.000000	60.000000	216.701230	775.877181	6.318562e-01	2.741298e-02	1.944004e+02	4.254582e-02	
32.000000	0.000000	206.857849	1095.142102	5.972941e-01	3.463484e-02	1.881615e+02	4.070509e-02	
32.000000	4.000000	172.902312	9.856062	6.212137e-01	3.419745e-02	1.995545e+02	4.208592e-02	
32.000000	8.000000	170.950010	16.568973	6.188074e-01	2.839790e-02	1.994125e+02	4.188707e-02	
32.000000	12.000000	167.197049	370.974755	6.145673e-01	2.669530e-02	1.996482e+02	4.202356e-02	
32.000000	16.000000	164.692447	5.970120	5.953812e-01	3.027400e-02	2.000255e+02	3.884865e-02	
32.000000	20.000000	160.794563	6.476674	5.464969e-01	2.557756e-02	2.006641e+02	3.691931e-02	
32.000000	24.000000	159.551856	25.950318	6.468542e-01	2.868353e-02	2.007178e+02	4.523493e-02	
32.000000	28.000000	159.547967	5.562267	6.421928e-01	3.198952e-02	2.008092e+02	5.557650e-02	
32.000000	32.000000	157.927748	210.192728	6.245374e-01	2.924654e-02	2.008177e+02	4.242639e-02	
32.000000	36.000000	158.335728	111.204510	5.795935e-01	3.355721e-02	2.012488e+02	3.927326e-02	
32.000000	40.000000	159.550021	3.755766	5.087497e-01	2.765087e-02	2.012169e+02	3.346859e-02	
32.000000	44.000000	160.800259	106.274443	5.827558e-01	2.916520e-02	2.013687e+02	3.985980e-02	
32.000000	48.000000	167.474055	317.224751	5.995583e-01	2.810944e-02	2.012369e+02	3.999758e-02	
32.000000	52.000000	179.629380	94.370173	5.557062e-01	2.956102e-02	2.007532e+02	3.766141e-02	
32.000000	56.000000	201.564068	15.736423	5.345403e-01	2.639731e-02	1.987137e+02	3.641651e-02	
32.000000	60.000000	224.194219	10.412561	5.903535e-01	4.079041e-02	1.950962e+02	4.583536e-02	
36.000000	0.000000	215.797038	11.916156	5.621260e-01	2.926601e-02	1.889101e+02	3.649586e-02	
36.000000	4.000000	178.298103	20.429743	5.278115e-01	4.093166e-02	1.989451e+02	5.261110e-02	
36.000000	8.000000	176.509179	7.275633	6.144487e-01	3.343645e-02	1.986515e+02	4.240940e-02	
36.000000	12.000000	171.174565	26.304428	6.188074e-01	2.839790e-02	1.994125e+02	4.188707e-02	
36.000000	16.000000	166.671107	66.569761	6.267120e-01	2.971715e-02	1.996812e+02	4.201173e-02	
36.000000	20.000000	165.810659	11.297962	6.587340e-01	3.283418e-02	1.999781e+02	4.381338e-02	
36.000000	24.000000	163.750334	205.477572	5.877073e-01	2.637436e-02	2.003189e+02	3.969683e-02	
36.000000	28.000000	160.761104	8.678025	5.883366e-01	2.783844e-02	2.001998e+02	3.931033e-02	
36.000000	32.000000	160.034747	6.366197	6.180713e-01	3.272590e-02	2.004574e+02	4.254386e-02	
36.000000	36.000000	159.559014	6.759702	5.903043e-01	3.074468e-02	2.006689e+02	4.042370e-02	
36.000000	40.000000	160.885799	5.273904	6.215273e-01	3.111964e-02	2.009978e+02	4.089035e-02	
36.000000	44.000000	165.805052	4.615882	5.344707e-01	2.619972e-02	2.012267e+02	3.547029e-02	
36.000000	48.000000	172.055411	6.722049	6.081451e-01	3.034095e-02	2.010797e+02	4.000671e-02	
36.000000	52.000000	183.329089	133.212082	5.849068e-01	2.804011e-02	2.005399e+02	3.954997e-02	
36.000000	56.000000	203.308531	5.670484	5.233371e-01	2.247639e-02	1.985503e+02	3.638107e-02	
36.000000	60.000000	229.736689	14.132682	5.446240e-01	2.563259e-02	1.953050e+02	3.646825e-02	
40.000000	0.000000	222.590353	8.755444	5.225785e-01	3.004311e-02	1.900317e+02	3.354347e-02	
40.000000	4.000000	183.415925	18.918128	5.581072e-01	2.704515e-02	1.983402e+02	3.808679e-02	
40.000000	8.000000	179.507088	102.254966	6.599148e-01	3.336919e-02	1.981712e+02	4.381213e-02	
40.000000	12.000000	176.600601	11.828560	6.047569e-01	2.894359e-02	1.988455e+02	4.521886e-02	
40.000000	16.000000	172.051299	26.781482	6.153967e-01	2.889145e-02	1.994297e+02	4.156621e-02	
40.000000	20.000000	170.064613	106.524117	5.846298e-01	2.867027e-02	1.994249e+02	4.003469e-02	
40.000000	24.000000	166.659542	6.932477	5.621763e-01	2.988876e-02	1.997474e+02	3.810619e-02	
40.000000	28.000000	164.809266	22.706440	5.714808e-01	2.598073e-02	1.998042e+02	4.123039e-02	
40.000000	32.000000	164.789725	6.737903	6.670535e-01	3.627671e-02	1.998390e+02	4.495784e-02	
40.000000	36.000000	164.049654	4.435408	5.190023e-01	2.276085e-02	2.006218e+02	3.610568e-02	
40.000000	40.000000	165.796944	7.173919	6.231496e-01	3.037002e-02	2.006594e+02	4.169405e-02	
40.000000	44.000000	167.449083	100.741844	6.134332e-01	4.724102e-02	2.010095e+02	4.961229e-02	
40.000000	48.000000	173.743765	10.153466	6.959349e-01	4.123666e-02	2.010307e+02	5.209066e-02	
40.000000	52.000000	184.546151	10.332877	6.577496e-01	3.028972e-02	2.003466e+02	4.504252e-02	
40.000000	56.000000	203.305357	16.367759	6.633307e-01	3.905860e-02	1.994713e+02	4.592400e-02	
40.000000	60.000000	234.554257	17.377163	6.923347e-01	2.361512e-02	1.965123e+02	4.645913e-02	
44.000000	0.000000	234.551890	15.749734	5.769922e-01	2.746574e-02	1.915235e+02	3.954073e-02	
44.000000	4.000000	189.587885	24.193635	4.894627e-01	2.304508e-02	1.982946e+02	3.436869e-02	
44.000000	8.000000	185.884607	8.604378	5.924151e-01	3.351166e-02	1.980426e+02	4.131895e-02	
44.000000	12.000000	182.514310	287.778611	6.223829e-01	3.430285e-02	1.986966e+02	4.196813e-02	
44.000000	16.000000	178.337222	23.550914	6.220267e-01	3.051488e-02	1.989176e+02	4.154708e-02	
44.000000	20.000000	174.256089	53.240974	6.191312e-01	3.082035e-02	1.989502e+02	4.091855e-02	
44.000000	24.000000	172.578632	25.810652	5.912692e-01	3.065961e-02	1.996555e+02	4.058572e-02	
44.000000	28.000000	170.456252	17.672686	6.275855e-01	3.148801e-02	1.999072e+02	4.544458e-02	
44.000000	32.000000	170.064613	174.945991	6.406335e-01	3.117949e-02	1.998987e+02	4.383173e-02	
44.000000	36.000000	169.397049	136.334470	5.134465e-01	2.743035e-02	2.001627e+02	3.349424e-02	
44.000000	40.000000	170.333542	215.280075	6.094305e-01	3.348292e-02	2.006600e+02	4.182617e-02	
44.000000	44.000000	172.581837	24.893125	6.112109e-01	2.985619e-02	2.008979e+02	4.104461e-02	
44.000000	48.000000	178.305058	22.530443	5.676908e-01	3.439408e-02	2.010240e+02	4.114886e-02	
44.000000	52.000000	189.111424	6.719106	6.467363e-01	3.817148e-02	2.006555e+02	4.549734e-02	
44.000000	56.000000	207.958841	811.967912	5.731349e-01	2.786264e-02	1.995500e+02	3.912412e-02	
44.000000	60.000000	235.795156	16.439649	6.840111e-01	3.284506e-02	1.971871e+02	4.732711e-02	
48.000000	0.000000	247.042487	9.318231	6.142545e-01	3.246800e-02	1.925804e+02	4.226911e-02	
48.000000	4.000000	198.282244	12.429442	5.636654e-01	3.073720e-02	1.972504e+02	3.754211e-02	
48.000000	8.000000	195.392469	278.088219	6.225443e-01	2.920409e-02	1.975000e+02	4.136271e-02	
48.000000	12.000000	189.559551	22.777944	5.603835e-01	2.808812e-02	1.978553e+02	3.687656e-02	
48.000000	16.000000	184.553800	37.151198	6.278160e-01	3.180051e-02	1.985178e+02	4.264297e-02	
48.000000	20.000000	181.696451	181.609473	6.102616e-01	3.526086e-02	1.988038e+02	6.743180e-02	
48.000000	24.000000	178.973205	17.005048	5.265688e-01	3.235188e-02	1.989266e+02	4.180090e-02	
48.000000	28.000000	176.690849	10.928907	5.794382e-01	2.827840e-02	1.992256e+02	3.828774e-02	
48.000000	32.000000	176.442168	6.889949	6.416716e-01	3.122575e-02	1.994921e+02	4.379013e-02	
48.000000	36.000000	175.132720	79.841840	6.657506e-01	4.043046e-02	1.996081e+02	4.693704e-02	
48.000000	40.000000	176.407020	52.706158	5.910973e-01	3.041939e-02	2.000724e+02	3.861295e-02	
48.000000	44.000000	178.306835	23.548058	6.124993e-01	2.607165e-02	2.003227e+02	4.242951e-02	
48.000000	48.000000	183.384991	7.337995	6.205008e-01	2.913847e-02	2.008419e+02	4.273125e-02	
48.000000	52.000000	192.379215	922.682417	5.769886e-01	3.012025e-02	2.002941e+02	3.935298e-02	
48.000000	56.000000	210.009535	20.882832	5.946131e-01	3.210248e-02	1.997028e+02	4.090217e-02	
48.000000	60.000000	239.742418	15.644932	5.473190e-01	2.426097e-02	1.974857e+02	3.775227e-02	
52.000000	0.000000	265.802118	25.809659	5.522806e-01	2.576862e-02	1.933986e+02	3.742316e-02	
52.000000	4.000000	211.057606	25.822924	6.430783e-01	3.421807e-02	1.964573e+02	4.346314e-02	
52.000000	8.000000	205.658562	961.959850	6.408175e-01	3.399621e-02	1.965926e+02	4.262468e-02	
52.000000	12.000000	200.846915	65.412437	5.855532e-01	2.895868e-02	1.971049e+02	3.908932e-02	
52.000000	16.000000	195.493097	704.578563	5.204530e-01	3.849036e-02	1.979532e+02	4.697716e-02	
52.000000	20.000000	191.583590	3.775451	5.315102e-01	2.471669e-02	1.983302e+02	3.601406e-02	
52.000000	24.000000	188.545216	62.340055	5.968923e-01	3.016478e-02	1.981283e+02	4.653736e-02	
52.000000	28.000000	185.826990	6.440955	6.043736e-01	3.150469e-02	1.985924e+02	4.113735e-02	
52.000000	32.000000	183.829140	37.798585	5.062367e-01	2.526409e-02	1.992680e+02	3.414446e-02	
52.000000	36.000000	182.838023	561.226254	6.100378e-01	2.623968e-02	1.993299e+02	4.189138e-02	
52.000000	40.000000	182.943313	232.401859	5.902472e-01	2.763282e-02	1.998110e+02	3.967053e-02	
52.000000	44.000000	186.058365	8.397141	5.102430e-01	3.904507e-02	2.000459e+02	3.739407e-02	
52.000000	48.000000	190.845137	35.613463	6.641442e-01	3.693599e-02	1.999608e+02	4.745029e-02	
52.000000	52.000000	200.293243	6.560061	5.625595e-01	2.968183e-02	2.001300e+02	3.654455e-02	
52.000000	56.000000	215.797067	15.932284	6.700207e-01	3.488869e-02	1.990537e+02	4.523147e-02	
52.000000	60.000000	244.718096	995.542814	5.643854e-01	2.931106e-02	1.979391e+02	3.718638e-02	
56.000000	0.000000	284.554896	26.424045	5.924353e-01	3.054863e-02	1.943545e+02	4.058763e-02	
56.000000	4.000000	229.197205	640.918898	5.757831e-01	3.035294e-02	1.952617e+02	3.826066e-02	
56.000000	8.000000	223.685364	57.543770	6.708639e-01	3.585483e-02	1.952309e+02	4.486347e-02	
56.000000	12.000000	217.094269	263.315677	6.424506e-01	3.119870e-02	1.957948e+02	4.276651e-02	
56.000000	16.000000	210.899072	33.224531	5.774655e-01	2.559282e-02	1.967552e+02	3.977595e-02	
56.000000	20.000000	205.250474	880.717147	5.514429e-01	2.846187e-02	1.972011e+02	3.611877e-02	
56.000000	24.000000	201.550750	35.024404	6.480104e-01	3.458138e-02	1.974622e+02	4.385419e-02	
56.000000	28.000000	199.523868	80.787881	5.361951e-01	2.690670e-02	1.978558e+02	3.664142e-02	
56.000000	32.000000	198.371934	52.031187	5.431707e-01	3.768042e-02	1.980348e+02	4.144500e-02	
56.000000	36.000000	195.296887	209.850751	6.923365e-01	2.370977e-02	1.985336e+02	4.692207e-02	
56.000000	40.000000	195.924327	9.566758	5.681777e-01	3.208195e-02	1.990109e+02	3.916990e-02	
56.000000	44.000000	197.555913	42.041583	6.318297e-01	3.602491e-02	1.986627e+02	4.401915e-02	
56.000000	48.000000	202.111870	6.280105	5.562069e-01	3.426070e-02	1.990029e+02	4.106783e-02	
56.000000	52.000000	211.057594	37.049064	5.730766e-01	2.996014e-02	1.997151e+02	3.903182e-02	
56.000000	56.000000	225.416435	252.712833	5.257159e-01	2.663361e-02	1.991948e+02	3.467186e-02	
56.000000	60.000000	251.651006	20.214923	5.836688e-01	2.909539e-02	1.976929e+02	3.888753e-02	
60.000000	0.000000	296.179930	32.178127	6.376856e-01	2.665071e-02	1.953577e+02	4.541133e-02	
60.000000	4.000000	295.480540	491.449886	6.030155e-01	3.536191e-02	1.932111e+02	4.108859e-02	
60.000000	8.000000	285.290376	175.498043	6.431209e-01	3.625595e-02	1.934904e+02	4.460533e-02	
60.000000	12.000000	272.024653	159.505320	6.391322e-01	3.503739e-02	1.944010e+02	4.302419e-02	
60.000000	16.000000	259.194141	161.996566	6.055775e-01	3.671600e-02	1.952623e+02	4.170379e-02	
60.000000	20.000000	250.931740	174.116443	5.801305e-01	3.074677e-02	1.958719e+02	3.801265e-02	
60.000000	24.000000	243.922236	829.980919	6.379861e-01	2.661677e-02	1.963136e+02	4.888900e-02	
60.000000	28.000000	239.217517	212.994358	7.039357e-01	5.240372e-02	1.968406e+02	5.681424e-02	
60.000000	32.000000	234.814822	126.251209	6.279300e-01	3.088053e-02	1.971107e+02	4.161020e-02	
60.000000	36.000000	230.379312	746.107818	5.689911e-01	2.842574e-02	1.972292e+02	3.752261e-02	
60.000000	40.000000	227.009203	96.411795	5.796132e-01	2.552706e-02	1.977694e+02	4.067038e-02	
60.000000	44.000000	226.378164	87.232771	5.774800e-01	3.024146e-02	1.978984e+02	3.763927e-02	
60.000000	48.000000	228.749949	453.003452	5.516410e-01	2.697330e-02	1.983300e+02	3.707706e-02	
60.000000	52.000000	234.137811	122.358184	6.070796e-01	3.125839e-02	1.984716e+02	4.177260e-02	
60.000000	56.000000	247.746015	52.531750	5.636182e-01	2.596629e-02	1.982663e+02	3.787615e-02	
60.000000	60.000000	272.561385	78.729757	7.126311e-01	3.732920e-02	1.973698e+02	4.885513e-02	
0.000000	0.000000	314.557169	42.847521	5.519790e-01	2.596063e-02	1.952917e+02	3.693619e-02	
