0.000000	4.000000	151.216060	8.406679	6.044294e-01	3.092529e-02	1.914529e+02	4.148429e-02	
0.000000	8.000000	147.055690	4.023137	5.723441e-01	2.717469e-02	1.915215e+02	3.886751e-02	
0.000000	12.000000	147.050262	3.559541	5.519933e-01	3.779906e-02	1.919711e+02	4.778587e-02	
0.000000	16.000000	145.242798	4.451963	5.310932e-01	3.464023e-02	1.920469e+02	3.673533e-02	
0.000000	20.000000	141.339038	2.781083	5.006952e-01	3.366708e-02	1.919697e+02	3.567042e-02	
0.000000	24.000000	140.805525	2.396739	6.279682e-01	3.877352e-02	1.917916e+02	4.476050e-02	
0.000000	28.000000	140.802304	2.239532	5.381300e-01	2.688673e-02	1.917214e+02	3.650756e-02	
0.000000	32.000000	140.805438	2.448908	5.193330e-01	2.428539e-02	1.916869e+02	3.563243e-02	
0.000000	36.000000	145.425044	396.369715	5.584599e-01	4.298840e-02	1.919806e+02	4.050066e-02	
0.000000	40.000000	147.042380	1.669241	5.398400e-01	2.409136e-02	1.915907e+02	3.723259e-02	
0.000000	44.000000	153.336260	1.958416	5.272168e-01	2.403694e-02	1.913531e+02	3.598989e-02	
0.000000	48.000000	165.807181	21.971584	5.313180e-01	2.592160e-02	1.907086e+02	3.618328e-02	
0.000000	52.000000	179.693233	774.770417	5.674011e-01	3.567318e-02	1.891330e+02	3.884588e-02	
0.000000	56.000000	178.305743	21.166994	5.091819e-01	3.100463e-02	4.500022e+02	3.207144e-02	
0.000000	60.000000	171.215942	6.791257	5.553137e-01	2.921568e-02	4.450556e+02	3.590659e-02	
4.000000	0.000000	160.239450	109.999364	6.021330e-01	2.783150e-02	4.416147e+02	4.018410e-02	
4.000000	4.000000	153.302082	5.124651	5.920757e-01	2.917944e-02	1.915140e+02	4.048877e-02	
4.000000	8.000000	151.096556	43.712076	5.277544e-01	2.488940e-02	1.913146e+02	3.606928e-02	
4.000000	12.000000	147.050283	3.883311	6.039510e-01	3.119923e-02	1.915895e+02	4.146236e-02	
4.000000	16.000000	147.056277	2.789889	5.413643e-01	3.106837e-02	1.920073e+02	3.579186e-02	
4.000000	20.000000	145.504881	122.162393	5.618601e-01	2.969996e-02	1.918620e+02	4.687954e-02	
4.000000	24.000000	142.631852	916.134202	5.829358e-01	2.990666e-02	1.916726e+02	3.975639e-02	
4.000000	28.000000	142.131774	62.429765	5.918531e-01	2.655431e-02	1.916615e+02	3.978847e-02	
4.000000	32.000000	145.069973	722.102124	5.212877e-01	2.834073e-02	1.918980e+02	3.556800e-02	
4.000000	36.000000	147.045180	2.317884	5.850501e-01	3.536952e-02	1.918310e+02	4.038681e-02	
4.000000	40.000000	147.481728	2.815251	5.339525e-01	2.453494e-02	1.916480e+02	3.669765e-02	
4.000000	44.000000	154.141515	2.517633	5.158548e-01	2.220590e-02	1.913765e+02	3.542652e-02	
4.000000	48.000000	165.801919	2.196571	5.074779e-01	2.332558e-02	1.906812e+02	3.523268e-02	
4.000000	52.000000	182.620739	998.538888	5.464783e-01	2.504836e-02	1.893862e+02	3.752603e-02	
4.000000	56.000000	184.553317	6.488878	6.048766e-01	2.824824e-02	4.504104e+02	4.075782e-02	
4.000000	60.000000	172.052255	9.902478	6.081894e-01	2.994703e-02	4.458515e+02	4.768628e-02	
8.000000	0.000000	165.810591	5.565466	5.482805e-01	2.523184e-02	4.413821e+02	3.753517e-02	
8.000000	4.000000	153.296073	5.708616	5.430777e-01	2.721309e-02	1.911381e+02	3.861198e-02	
8.000000	8.000000	153.304211	3.986916	5.560830e-01	3.004083e-02	1.910457e+02	3.586404e-02	
8.000000	12.000000	149.134711	199.099491	6.085669e-01	3.148079e-02	1.914435e+02	4.095267e-02	
8.000000	16.000000	147.053992	35.051365	5.642501e-01	2.795202e-02	1.918461e+02	4.430553e-02	
8.000000	20.000000	147.055778	2.574988	5.837534e-01	3.421773e-02	1.918075e+02	4.006743e-02	
8.000000	24.000000	147.055516	2.203714	5.817186e-01	3.307593e-02	1.917840e+02	3.975262e-02	
8.000000	28.000000	146.161052	2.059605	5.332512e-01	2.682753e-02	1.917312e+02	3.613437e-02	
8.000000	32.000000	147.052916	2.106923	6.050426e-01	3.521500e-02	1.917692e+02	4.208225e-02	
8.000000	36.000000	147.045169	12.499486	5.857540e-01	3.192327e-02	1.917378e+02	4.001254e-02	
8.000000	40.000000	152.478513	1.326250	5.429794e-01	2.376933e-02	1.915000e+02	3.744304e-02	
8.000000	44.000000	157.929020	69.619371	5.470483e-01	2.452054e-02	1.914335e+02	3.767857e-02	
8.000000	48.000000	165.805921	2.735078	5.377449e-01	2.339749e-02	1.904570e+02	3.714504e-02	
8.000000	52.000000	182.898420	107.685624	5.945283e-01	2.960060e-02	1.894532e+02	4.066161e-02	
8.000000	56.000000	186.668916	1130.650825	5.790110e-01	2.550944e-02	4.507656e+02	4.037389e-02	
8.000000	60.000000	178.306689	9.087839	4.872602e-01	2.209489e-02	4.463249e+02	3.433664e-02	
12.000000	0.000000	165.805809	6.092097	5.755397e-01	2.788576e-02	4.411863e+02	3.804260e-02	
12.000000	4.000000	155.227584	97.203526	5.320906e-01	2.976971e-02	1.909557e+02	3.490823e-02	
12.000000	8.000000	153.300094	4.777204	5.558067e-01	2.816200e-02	1.908405e+02	3.622603e-02	
12.000000	12.000000	153.304831	3.462366	5.484363e-01	2.622987e-02	1.911719e+02	3.770412e-02	
12.000000	16.000000	148.474720	21.125898	6.195257e-01	3.282649e-02	1.914953e+02	4.264699e-02	
12.000000	20.000000	147.050012	3.051174	5.752412e-01	2.883219e-02	1.916593e+02	3.927768e-02	
12.000000	24.000000	147.058614	44.042686	5.630701e-01	2.608549e-02	1.915565e+02	3.862966e-02	
12.000000	28.000000	147.052127	21.981544	5.640984e-01	2.598481e-02	1.914718e+02	3.863363e-02	
12.000000	32.000000	147.046904	16.998345	6.019590e-01	3.047866e-02	1.914953e+02	4.129529e-02	
12.000000	36.000000	147.721816	3.385200	5.719480e-01	2.710817e-02	1.915702e+02	3.909314e-02	
12.000000	40.000000	153.283012	2.979752	5.844950e-01	2.850959e-02	1.914346e+02	3.994373e-02	
12.000000	44.000000	159.552234	2.738818	5.881579e-01	2.868893e-02	1.915000e+02	4.021437e-02	
12.000000	48.000000	166.300634	3.384744	6.016965e-01	2.877439e-02	1.907281e+02	4.003503e-02	
12.000000	52.000000	183.732076	5.030669	5.269551e-01	3.199917e-02	1.899244e+02	4.151415e-02	
12.000000	56.000000	192.202792	3.939532	4.521345e+02	4.158710e+02	3.149728e+02	3.689581e+02	
12.000000	60.000000	183.507645	6.291769	5.839752e-01	3.216868e-02	4.472483e+02	3.987603e-02	
16.000000	0.000000	172.051351	10.088357	6.095682e-01	3.247777e-02	4.416322e+02	4.195490e-02	
16.000000	4.000000	159.552951	6.282217	5.078573e-01	3.146309e-02	1.909467e+02	3.564809e-02	
16.000000	8.000000	156.924343	50.358081	5.757626e-01	2.956345e-02	1.909496e+02	3.748255e-02	
16.000000	12.000000	153.298469	4.338373	5.445405e-01	2.853075e-02	1.911272e+02	3.527629e-02	
16.000000	16.000000	153.305846	3.104111	5.253822e-01	2.472818e-02	1.913067e+02	3.543866e-02	
16.000000	20.000000	151.007481	205.974945	5.969369e-01	2.913371e-02	1.914837e+02	4.027789e-02	
16.000000	24.000000	148.372031	4.775523	5.583704e-01	2.579126e-02	1.915845e+02	3.821727e-02	
16.000000	28.000000	147.566172	3.626071	5.395806e-01	2.419191e-02	1.914121e+02	3.684375e-02	
16.000000	32.000000	148.292281	26.418599	6.119543e-01	3.244892e-02	1.913871e+02	4.203122e-02	
16.000000	36.000000	152.430612	1.982945	6.099473e-01	3.170188e-02	1.914342e+02	4.182551e-02	
16.000000	40.000000	153.308061	2.386954	5.455125e-01	2.409116e-02	1.914668e+02	3.756096e-02	
16.000000	44.000000	159.555614	214.231721	5.369646e-01	2.613366e-02	1.912976e+02	3.647752e-02	
16.000000	48.000000	170.321817	57.600157	5.309603e-01	2.534060e-02	1.906903e+02	3.628863e-02	
16.000000	52.000000	184.550535	5.045055	6.057923e-01	2.678866e-02	1.896457e+02	4.095599e-02	
16.000000	56.000000	198.797916	4.319375	2.246554e+01	3.482954e-01	3.186705e+02	3.472756e-01	
16.000000	60.000000	186.735648	1122.498625	5.740013e-01	2.891689e-02	4.476725e+02	3.908087e-02	
20.000000	0.000000	176.694676	259.222480	6.349302e-01	3.674885e-02	4.416816e+02	4.433226e-02	
20.000000	4.000000	160.241776	4.900578	5.771776e-01	2.817455e-02	1.906121e+02	3.939565e-02	
20.000000	8.000000	159.555362	9.220621	5.830290e-01	2.593515e-02	1.907070e+02	3.940631e-02	
20.000000	12.000000	157.187719	60.266016	5.361570e-01	2.989225e-02	1.910060e+02	3.420682e-02	
20.000000	16.000000	153.305556	4.035923	5.780455e-01	3.213491e-02	1.911151e+02	3.834331e-02	
20.000000	20.000000	153.305117	4.751165	5.537517e-01	2.595907e-02	1.911829e+02	3.813032e-02	
20.000000	24.000000	152.418083	2.887314	5.004731e-01	2.849409e-02	1.911888e+02	3.324077e-02	
20.000000	28.000000	152.059772	2.380663	5.933583e-01	2.583416e-02	1.913009e+02	4.034251e-02	
20.000000	32.000000	153.336594	2.726860	5.567865e-01	2.848565e-02	1.912800e+02	3.778248e-02	
20.000000	36.000000	153.305336	162.719423	5.587857e-01	2.578095e-02	1.912322e+02	3.762124e-02	
20.000000	40.000000	154.543132	55.745352	5.581133e-01	2.537476e-02	1.914811e+02	3.836189e-02	
20.000000	44.000000	159.550132	3.155728	5.258953e-01	2.243444e-02	1.914419e+02	3.655246e-02	
20.000000	48.000000	172.055358	3.315300	5.363088e-01	2.767286e-02	1.911241e+02	3.792973e-02	
20.000000	52.000000	184.552925	34.521014	5.285827e-01	3.094046e-02	1.901164e+02	3.394586e-02	
20.000000	56.000000	201.153920	6.802996	4.203669e+02	1.910624e+02	-9.696270e+02	1.177889e+03	
20.000000	60.000000	191.663020	9.786336	5.454477e-01	2.805639e-02	4.482771e+02	3.628037e-02	
24.000000	0.000000	179.552042	8.588782	6.493979e-01	3.831450e-02	4.426496e+02	4.551797e-02	
24.000000	4.000000	164.052319	5.961928	5.148764e-01	2.628113e-02	1.902225e+02	3.409223e-02	
24.000000	8.000000	160.747641	5.543841	5.641818e-01	2.626063e-02	1.905703e+02	3.859741e-02	
24.000000	12.000000	159.555379	9.301025	5.369921e-01	3.807164e-02	1.909305e+02	3.601117e-02	
24.000000	16.000000	157.625652	81.263212	5.533093e-01	3.177937e-02	1.911856e+02	3.713483e-02	
24.000000	20.000000	153.305929	4.150978	5.125080e-01	3.462536e-02	1.909561e+02	4.013663e-02	
24.000000	24.000000	153.300068	30.563686	5.995682e-01	3.389665e-02	1.910323e+02	4.241670e-02	
24.000000	28.000000	153.310018	190.122938	5.345634e-01	3.098223e-02	1.911716e+02	3.490688e-02	
24.000000	32.000000	153.294741	184.554485	5.114014e-01	3.028577e-02	1.910252e+02	3.195411e-02	
24.000000	36.000000	153.988988	3.876186	5.466432e-01	2.947081e-02	1.910450e+02	3.507222e-02	
24.000000	40.000000	158.674001	2.837530	5.606619e-01	2.684042e-02	1.916363e+02	3.832309e-02	
24.000000	44.000000	163.893712	196.665744	5.628908e-01	2.649091e-02	1.913969e+02	3.846086e-02	
24.000000	48.000000	172.055495	195.588555	6.099063e-01	2.972595e-02	1.908880e+02	4.050816e-02	
24.000000	52.000000	184.559626	4.691198	4.626865e-01	3.213524e-02	1.901163e+02	2.862639e-02	
24.000000	56.000000	203.974593	1015.643447	9.540135e+02	6.032727e+02	-1.809157e+03	9.519779e+02	
24.000000	60.000000	197.728659	64.720147	5.132188e-01	2.886627e-02	4.489092e+02	3.433439e-02	
28.000000	0.000000	184.550869	8.144536	6.157411e-01	3.204456e-02	4.435639e+02	4.178404e-02	
28.000000	4.000000	166.337474	6.086144	6.480239e-01	4.731447e-02	1.899263e+02	5.185039e-02	
28.000000	8.000000	165.808109	8.729149	4.945735e-01	3.318960e-02	1.900512e+02	3.096530e-02	
28.000000	12.000000	160.927863	5.715605	5.149247e-01	2.142075e-02	1.904604e+02	3.620399e-02	
28.000000	16.000000	159.559065	6.428973	5.784306e-01	3.126858e-02	1.907421e+02	3.937762e-02	
28.000000	20.000000	158.390043	1.724311	5.249256e-01	2.940107e-02	1.908901e+02	3.338869e-02	
28.000000	24.000000	156.709465	108.561741	5.034183e-01	2.931336e-02	1.909173e+02	3.264232e-02	
28.000000	28.000000	154.648769	802.613921	5.195791e-01	3.002014e-02	1.908219e+02	3.440176e-02	
28.000000	32.000000	155.297097	117.723326	5.422047e-01	2.646576e-02	1.908380e+02	3.700442e-02	
28.000000	36.000000	158.545664	2.676432	5.399995e-01	2.876234e-02	1.911435e+02	3.491150e-02	
28.000000	40.000000	159.551914	170.646669	5.456528e-01	3.306329e-02	1.911500e+02	3.639101e-02	
28.000000	44.000000	165.806492	3.764499	5.709375e-01	2.818739e-02	1.913546e+02	3.826797e-02	
28.000000	48.000000	172.055620	3.875814	5.312245e-01	2.614078e-02	1.907652e+02	3.527246e-02	
28.000000	52.000000	185.956192	6.023317	5.149466e-01	2.738990e-02	1.901562e+02	3.355036e-02	
28.000000	56.000000	208.367115	9.510806	3.129047e+02	5.569180e+01	-8.507541e+02	3.465113e+02	
28.000000	60.000000	204.693780	16.575836	5.225875e-01	2.266455e-02	4.493983e+02	3.627223e-02	
32.000000	0.000000	192.309592	11.154497	5.846298e-01	2.867026e-02	4.445751e+02	4.003448e-02	
32.000000	4.000000	171.176300	11.844565	6.497134e-01	3.750487e-02	1.895677e+02	4.526729e-02	
32.000000	8.000000	167.374349	103.692084	6.182843e-01	3.516554e-02	1.897129e+02	4.292443e-02	
32.000000	12.000000	165.801216	113.509262	5.703176e-01	3.156147e-02	1.900374e+02	3.811204e-02	
32.000000	16.000000	163.063127	222.914224	6.341386e-01	3.435558e-02	1.902967e+02	4.244495e-02	
32.000000	20.000000	160.250381	4.492926	5.571716e-01	2.603700e-02	1.904451e+02	3.792696e-02	
32.000000	24.000000	159.546887	192.020149	5.779410e-01	2.894743e-02	1.906500e+02	3.948781e-02	
32.000000	28.000000	159.542183	5.447558	6.206931e-01	3.354138e-02	1.905996e+02	4.282359e-02	
32.000000	32.000000	159.549549	175.343493	5.218710e-01	2.213515e-02	1.905632e+02	3.636397e-02	
32.000000	36.000000	159.550993	4.270854	5.563336e-01	2.559036e-02	1.905803e+02	3.818571e-02	
32.000000	40.000000	162.450117	224.929655	4.574542e-01	3.628246e-02	1.910518e+02	2.704754e-02	
32.000000	44.000000	165.802116	3.583832	5.463420e-01	2.835741e-02	1.908834e+02	3.543143e-02	
32.000000	48.000000	176.667487	133.888966	4.712040e-01	3.643142e-02	1.910285e+02	2.957181e-02	
32.000000	52.000000	189.094457	4.517889	4.766176e-01	2.606400e-02	1.902217e+02	3.231410e-02	
32.000000	56.000000	209.551971	9.173788	6.074074e-01	3.411080e-02	1.887258e+02	4.195536e-02	
32.000000	60.000000	214.004850	746.752296	5.935960e-01	2.886185e-02	4.498069e+02	5.130837e-02	
36.000000	0.000000	201.729138	826.526473	5.437908e-01	2.600250e-02	4.452255e+02	3.615035e-02	
36.000000	4.000000	175.546660	45.970870	5.909324e-01	3.209065e-02	1.892208e+02	3.924851e-02	
36.000000	8.000000	172.459230	7.751768	5.383558e-01	2.474803e-02	1.893579e+02	3.688297e-02	
36.000000	12.000000	170.294614	55.344954	6.833457e-01	4.275862e-02	1.894801e+02	4.818972e-02	
36.000000	16.000000	165.793462	6.149411	5.086828e-01	3.315529e-02	1.900832e+02	3.258378e-02	
36.000000	20.000000	165.801894	5.379140	5.168303e-01	2.733207e-02	1.902244e+02	3.403386e-02	
36.000000	24.000000	163.736331	4.230428	5.605402e-01	2.572540e-02	1.905425e+02	3.849085e-02	
36.000000	28.000000	161.304407	6.325122	5.935637e-01	2.941670e-02	1.905047e+02	4.068331e-02	
36.000000	32.000000	162.023877	231.258140	5.361281e-01	2.402255e-02	1.903900e+02	3.697510e-02	
36.000000	36.000000	164.056612	3.706057	5.444390e-01	2.611698e-02	1.908048e+02	3.650987e-02	
36.000000	40.000000	165.805785	190.228207	5.716674e-01	2.627679e-02	1.908121e+02	4.204949e-02	
36.000000	44.000000	170.950436	227.119736	5.653641e-01	2.986519e-02	1.910585e+02	3.655393e-02	
36.000000	48.000000	178.294848	55.975257	5.489878e-01	2.652682e-02	1.908426e+02	3.857825e-02	
36.000000	52.000000	190.806160	7.527152	5.122887e-01	2.547335e-02	1.902529e+02	3.429328e-02	
36.000000	56.000000	209.550044	9.697232	5.330382e-01	2.937397e-02	1.889002e+02	3.969116e-02	
36.000000	60.000000	222.048735	19.710701	5.233397e-01	2.240805e-02	4.504224e+02	3.638835e-02	
40.000000	0.000000	209.538407	8.731222	5.510247e-01	2.587371e-02	4.462924e+02	3.679873e-02	
40.000000	4.000000	179.657761	136.044013	5.947431e-01	3.022584e-02	1.890275e+02	3.872890e-02	
40.000000	8.000000	177.422102	22.128758	5.912300e-01	4.235967e-02	1.889466e+02	4.380730e-02	
40.000000	12.000000	173.447072	7.262384	5.749114e-01	2.852336e-02	1.893547e+02	3.927547e-02	
40.000000	16.000000	172.050445	7.499789	5.615772e-01	4.372452e-02	1.899888e+02	4.129822e-02	
40.000000	20.000000	167.985648	73.050800	5.054275e-01	2.798894e-02	1.901458e+02	3.261282e-02	
40.000000	24.000000	166.327462	4.439277	4.455364e-01	4.512754e-02	1.900400e+02	2.608398e-02	
40.000000	28.000000	165.805517	5.843814	4.847252e-01	3.479898e-02	1.901004e+02	3.061865e-02	
40.000000	32.000000	165.798727	7.229139	4.761157e-01	2.577499e-02	1.902197e+02	3.227096e-02	
40.000000	36.000000	166.517464	5.677313	5.926580e-01	2.754359e-02	1.903916e+02	3.978539e-02	
40.000000	40.000000	169.945658	117.243837	5.848855e-01	2.926640e-02	1.906219e+02	4.002256e-02	
40.000000	44.000000	172.574846	5.500623	5.103021e-01	3.071013e-02	1.909943e+02	3.206412e-02	
40.000000	48.000000	180.160637	127.175671	5.670309e-01	3.004909e-02	1.907382e+02	3.851451e-02	
40.000000	52.000000	192.227161	123.564514	5.757165e-01	2.989459e-02	1.902950e+02	3.916797e-02	
40.000000	56.000000	214.089810	19.033941	5.660844e-01	3.124660e-02	1.890298e+02	3.972880e-02	
40.000000	60.000000	228.898729	8.106699	5.299988e-01	2.802585e-02	4.508846e+02	3.697891e-02	
44.000000	0.000000	220.829751	9.255672	5.493964e-01	2.679674e-02	4.471521e+02	3.913038e-02	
44.000000	4.000000	185.392280	10.510801	5.949666e-01	2.814437e-02	1.884236e+02	3.999793e-02	
44.000000	8.000000	183.499822	17.535777	5.481368e-01	2.455011e-02	1.885570e+02	3.775595e-02	
44.000000	12.000000	179.604180	202.926552	5.932952e-01	2.780978e-02	1.888416e+02	4.147732e-02	
44.000000	16.000000	176.706474	6.850114	5.689700e-01	3.348244e-02	1.891788e+02	3.871866e-02	
44.000000	20.000000	172.947205	7.058403	5.689156e-01	2.770328e-02	1.896361e+02	3.887301e-02	
44.000000	24.000000	172.054289	6.474014	5.635075e-01	2.806925e-02	1.898822e+02	3.780225e-02	
44.000000	28.000000	172.056007	7.098793	5.775897e-01	4.420723e-02	1.899852e+02	4.356300e-02	
44.000000	32.000000	172.055404	6.411280	4.893792e-01	3.223451e-02	1.900513e+02	2.997687e-02	
44.000000	36.000000	172.058531	6.519241	5.125545e-01	2.686210e-02	1.902327e+02	3.391206e-02	
44.000000	40.000000	172.503753	5.927811	6.408895e-01	3.654086e-02	1.903851e+02	4.453416e-02	
44.000000	44.000000	178.295265	6.730657	5.527327e-01	2.481212e-02	1.905330e+02	3.795997e-02	
44.000000	48.000000	184.555505	69.188148	6.045142e-01	3.167215e-02	1.906266e+02	4.144459e-02	
44.000000	52.000000	197.055834	5.557944	5.802180e-01	2.846343e-02	1.903968e+02	3.970371e-02	
44.000000	56.000000	215.806823	13.408108	5.453864e-01	2.859089e-02	1.891612e+02	3.543248e-02	
44.000000	60.000000	232.929917	10.496372	2.088672e+01	4.106817e-01	3.218323e+02	5.276436e-01	
48.000000	0.000000	233.717821	8.145849	5.830676e-01	4.277872e-02	4.479603e+02	4.326252e-02	
48.000000	4.000000	204.496105	127.915668	4.176200e+02	2.869549e+02	-5.257617e+02	6.552113e+02	
48.000000	8.000000	190.624836	26.508583	1.443415e+00	2.133370e+02	1.908234e+02	2.591956e+02	
48.000000	12.000000	188.522405	59.000549	5.284134e-01	2.284204e-02	1.884274e+02	3.671286e-02	
48.000000	16.000000	183.459344	242.736610	5.470153e-01	2.833232e-02	1.888874e+02	3.553846e-02	
48.000000	20.000000	179.968383	110.841078	5.616402e-01	3.149892e-02	1.891441e+02	3.688434e-02	
48.000000	24.000000	178.298708	6.752464	5.504104e-01	2.576545e-02	1.893278e+02	3.701359e-02	
48.000000	28.000000	178.290586	30.297937	5.254738e-01	2.459075e-02	1.893188e+02	3.597962e-02	
48.000000	32.000000	177.418910	7.495104	5.618799e-01	2.673567e-02	1.896264e+02	3.834421e-02	
48.000000	36.000000	178.305964	9.434792	5.733866e-01	2.909744e-02	1.898408e+02	4.818541e-02	
48.000000	40.000000	179.085161	6.635767	5.491116e-01	2.905717e-02	1.900745e+02	3.704110e-02	
48.000000	44.000000	182.863576	82.798774	5.568063e-01	2.593192e-02	1.907200e+02	3.716282e-02	
48.000000	48.000000	190.800066	5.879609	6.330383e-01	3.557260e-02	1.903714e+02	4.387980e-02	
48.000000	52.000000	201.388946	5.115973	5.325948e-01	2.508046e-02	1.903117e+02	3.592392e-02	
48.000000	56.000000	219.325052	1046.249482	5.225875e-01	2.266584e-02	1.896017e+02	3.627388e-02	
48.000000	60.000000	244.772404	17.159310	2.481807e+01	3.152204e-01	3.149288e+02	5.180094e-01	
52.000000	0.000000	249.600330	1077.069693	5.732309e-01	3.238306e-02	4.487879e+02	3.895782e-02	
52.000000	4.000000	204.985304	900.186795	2.979068e+01	1.328205e+00	3.240875e+02	7.769525e-01	
52.000000	8.000000	199.235639	33.810288	2.314419e+01	1.154939e+00	3.164795e+02	7.634132e-01	
52.000000	12.000000	196.042142	11.097745	6.186997e+01	8.582138e+02	3.404580e+02	5.255064e+00	
52.000000	16.000000	194.363597	971.170171	5.304461e-01	2.748070e-02	1.881448e+02	3.602346e-02	
52.000000	20.000000	190.808537	44.704453	6.043619e-01	3.153072e-02	1.883869e+02	4.151025e-02	
52.000000	24.000000	188.875654	9.542478	5.331560e-01	2.884129e-02	1.888386e+02	3.440820e-02	
52.000000	28.000000	185.974557	41.547067	5.326330e-01	2.947338e-02	1.889475e+02	3.469776e-02	
52.000000	32.000000	185.469916	6.009504	5.540635e-01	2.816794e-02	1.888715e+02	3.625697e-02	
52.000000	36.000000	185.793727	7.088530	4.992619e-01	3.064238e-02	1.891410e+02	3.165893e-02	
52.000000	40.000000	186.304407	57.092616	6.322661e-01	3.626148e-02	1.896659e+02	4.371211e-02	
52.000000	44.000000	190.805433	6.799931	5.660377e-01	3.539089e-02	1.898653e+02	3.859140e-02	
52.000000	48.000000	197.056785	5.204954	4.939911e-01	3.526328e-02	1.900642e+02	3.180302e-02	
52.000000	52.000000	207.545404	196.673425	5.453822e-01	3.014523e-02	1.899880e+02	3.560722e-02	
52.000000	56.000000	223.320842	6.086699	5.772998e-01	2.747933e-02	1.894859e+02	3.956307e-02	
52.000000	60.000000	251.783830	16.870663	7.574170e+02	4.848102e+02	1.840216e+03	6.158089e+03	
56.000000	0.000000	272.056858	9.808180	5.732929e-01	2.787597e-02	4.493827e+02	3.920574e-02	
56.000000	4.000000	220.454877	44.093883	5.256450e-01	2.736530e-02	4.502442e+02	3.551697e-02	
56.000000	8.000000	217.202954	35.838646	4.636940e-01	2.898272e-02	4.501720e+02	3.065865e-02	
56.000000	12.000000	210.842461	27.788965	4.527283e+02	3.845317e+02	1.796237e+03	2.840525e+02	
56.000000	16.000000	206.482932	47.655398	2.886813e+01	1.360280e+00	3.155759e+02	1.129980e+00	
56.000000	20.000000	205.392524	960.836278	2.282463e+01	3.059906e-01	3.203078e+02	4.469881e-01	
56.000000	24.000000	202.126666	68.277035	6.538064e+02	6.428742e+02	2.110305e+03	2.954670e+03	
56.000000	28.000000	206.890829	30.600221	1.550189e-01	3.228991e+00	1.874371e+02	5.542828e-01	
56.000000	32.000000	200.538866	264.755518	5.311752e-01	2.606251e-02	1.882618e+02	3.575805e-02	
56.000000	36.000000	199.088976	9.850133	1.727997e+02	1.577909e+02	-1.256042e+02	1.147846e+02	
56.000000	40.000000	199.644533	260.293163	5.129531e-01	3.641147e-02	1.889607e+02	4.210706e-02	
56.000000	44.000000	202.288377	6.110980	5.350456e-01	2.637215e-02	1.891970e+02	3.550333e-02	
56.000000	48.000000	207.815340	201.540111	5.998845e-01	2.890043e-02	1.895488e+02	4.047405e-02	
56.000000	52.000000	215.795198	21.943227	5.325802e-01	2.413130e-02	1.893729e+02	3.637575e-02	
56.000000	56.000000	232.924213	312.226462	5.038368e-01	2.711010e-02	1.891897e+02	3.299809e-02	
56.000000	60.000000	259.191324	18.401716	6.476711e+02	6.097324e+02	1.634054e+03	6.805278e+02	
60.000000	0.000000	295.156900	25.723932	5.239990e-01	3.382469e-02	4.500564e+02	3.502950e-02	
60.000000	4.000000	295.104761	237.745247	5.644376e-01	2.964610e-02	4.487336e+02	3.831786e-02	
60.000000	8.000000	285.573116	705.402033	5.586814e-01	2.841289e-02	4.488579e+02	4.395702e-02	
60.000000	12.000000	273.072910	731.626578	6.277829e-01	3.234445e-02	4.495365e+02	4.269409e-02	
60.000000	16.000000	260.214701	2.986009	5.424392e-01	3.110283e-02	4.501842e+02	3.625591e-02	
60.000000	20.000000	251.975902	756.077606	3.183721e+02	7.800216e+01	1.539046e+03	4.883852e+02	
60.000000	24.000000	246.341438	145.169256	6.224843e+02	2.928286e+02	2.514980e+03	1.912212e+03	
60.000000	28.000000	242.276707	467.036938	5.495539e+02	2.370178e+02	2.287358e+03	1.484602e+03	
60.000000	32.000000	238.056835	607.491561	2.475400e+01	1.800542e+00	3.157016e+02	1.103688e+00	
60.000000	36.000000	235.352796	79.946490	3.274442e+02	6.668233e+01	1.343025e+03	3.893676e+02	
60.000000	40.000000	232.325784	215.445729	3.534559e+02	6.103861e+02	1.260174e+03	2.715783e+03	
60.000000	44.000000	231.846431	898.229364	4.817195e+02	8.957812e+01	-1.390183e+03	6.444363e+02	
60.000000	48.000000	233.789627	118.550309	2.917354e+02	2.073279e+02	-8.041305e+02	3.279836e+02	
60.000000	52.000000	240.732937	50.006726	7.086741e-02	1.256584e-01	1.885558e+02	9.829914e-02	
60.000000	56.000000	254.087861	607.774278	3.657117e+02	2.680681e+02	-1.114627e+03	5.664024e+02	
60.000000	60.000000	276.956783	658.787951	3.417609e+02	3.361161e+02	1.282727e+03	2.010393e+03	
0.000000	0.000000	316.611334	32.574970	4.885729e-01	2.709477e-02	4.501910e+02	3.205667e-02	
