0.000000	4.000000	128.305915	6.694678	7.539744e-01	3.915713e-02	4.316959e+02	5.293363e-02	
0.000000	8.000000	128.301306	9.659055	6.985178e-01	3.477176e-02	4.308077e+02	5.574186e-02	
0.000000	12.000000	128.304143	10.212258	7.610518e-01	4.185542e-02	4.305525e+02	5.169287e-02	
0.000000	16.000000	128.308904	7.978445	7.631807e-01	4.426786e-02	4.304897e+02	5.495768e-02	
0.000000	20.000000	128.316687	5.164957	7.529684e-01	3.964361e-02	4.304767e+02	5.051627e-02	
0.000000	24.000000	123.256931	808.090897	8.456801e-01	5.153885e-02	4.308434e+02	5.739883e-02	
0.000000	28.000000	122.055769	4.825291	7.997745e-01	3.631859e-02	4.312595e+02	5.322494e-02	
0.000000	32.000000	122.051977	4.246711	7.539177e-01	3.507218e-02	4.316989e+02	5.016900e-02	
0.000000	36.000000	122.057391	3.932896	8.160426e-01	4.178727e-02	4.319520e+02	5.526316e-02	
0.000000	40.000000	125.416437	63.921099	7.746716e-01	4.051069e-02	4.319728e+02	5.223242e-02	
0.000000	44.000000	130.297097	168.567752	7.144044e-01	3.677683e-02	4.319102e+02	4.770089e-02	
0.000000	48.000000	141.226806	4.370854	7.867029e-01	4.091473e-02	4.300741e+02	5.366397e-02	
0.000000	52.000000	158.536846	7.547621	7.146858e-01	3.684592e-02	4.259983e+02	4.766053e-02	
0.000000	56.000000	147.055634	6.997823	7.569475e-01	4.164354e-02	4.189288e+02	5.157861e-02	
0.000000	60.000000	134.555405	6.288176	7.759170e-01	3.733821e-02	4.123534e+02	5.335280e-02	
4.000000	0.000000	132.346556	8.800513	7.843545e-01	3.926804e-02	4.136910e+02	5.854443e-02	
4.000000	4.000000	128.779748	7.253478	6.930726e-01	4.174664e-02	4.316525e+02	4.694152e-02	
4.000000	8.000000	128.304138	6.534117	8.409406e-01	4.280493e-02	4.300997e+02	5.636202e-02	
4.000000	12.000000	128.304161	6.595130	7.920855e-01	4.117417e-02	4.304833e+02	5.336096e-02	
4.000000	16.000000	128.322810	6.855988	7.384788e-01	3.842207e-02	4.299573e+02	4.952246e-02	
4.000000	20.000000	127.946354	10.685895	7.105994e-01	3.793322e-02	4.303742e+02	4.698454e-02	
4.000000	24.000000	127.286845	5.134849	7.881052e-01	3.582815e-02	4.304805e+02	5.345405e-02	
4.000000	28.000000	122.862038	67.706681	8.334740e-01	4.463224e-02	4.309497e+02	5.599407e-02	
4.000000	32.000000	122.046983	3.667190	7.392249e-01	3.657569e-02	4.318521e+02	4.911508e-02	
4.000000	36.000000	122.216461	4.125583	8.028708e-01	4.235688e-02	4.318436e+02	5.345944e-02	
4.000000	40.000000	128.245141	2.918173	7.014143e-01	4.138549e-02	4.317384e+02	4.761715e-02	
4.000000	44.000000	134.504782	2.458746	7.164736e-01	3.233838e-02	4.316373e+02	4.778615e-02	
4.000000	48.000000	144.105463	13.453535	8.027158e-01	3.504353e-02	4.303640e+02	5.382725e-02	
4.000000	52.000000	159.556035	4.589954	8.536514e-01	4.070543e-02	4.263485e+02	5.670795e-02	
4.000000	56.000000	147.597387	8.299664	8.771738e-01	4.259935e-02	4.192237e+02	5.929258e-02	
4.000000	60.000000	136.610264	1133.929890	7.016653e-01	3.348491e-02	4.124873e+02	5.113237e-02	
8.000000	0.000000	134.557534	7.946035	7.999961e-01	3.593566e-02	4.132298e+02	5.539022e-02	
8.000000	4.000000	133.755778	6.259747	7.845098e-01	4.224874e-02	4.309019e+02	5.241929e-02	
8.000000	8.000000	132.964559	5.699799	8.319395e-01	4.478711e-02	4.299123e+02	5.740683e-02	
8.000000	12.000000	132.762968	10.167721	6.622166e-01	4.874956e-02	4.303144e+02	4.794974e-02	
8.000000	16.000000	129.522777	9.906428	8.217895e-01	4.999797e-02	4.298276e+02	5.691962e-02	
8.000000	20.000000	128.305823	5.964439	7.998770e-01	4.520538e-02	4.301094e+02	5.461442e-02	
8.000000	24.000000	128.304988	10.545918	8.277999e-01	4.317229e-02	4.304670e+02	5.793121e-02	
8.000000	28.000000	126.661398	96.273676	7.778137e-01	3.495404e-02	4.304132e+02	5.160493e-02	
8.000000	32.000000	124.600330	167.088028	8.057823e-01	3.636833e-02	4.313039e+02	5.349234e-02	
8.000000	36.000000	127.075195	79.380285	7.418815e-01	4.153758e-02	4.314642e+02	5.299238e-02	
8.000000	40.000000	127.945635	4.045616	7.115683e-01	2.558342e-02	4.314452e+02	4.741863e-02	
8.000000	44.000000	134.555250	2.541342	8.263025e-01	4.344003e-02	4.310173e+02	5.679419e-02	
8.000000	48.000000	146.036844	3.942985	7.991063e-01	3.625468e-02	4.302756e+02	5.306059e-02	
8.000000	52.000000	160.411419	8.191037	7.292995e-01	4.004619e-02	4.268126e+02	4.911905e-02	
8.000000	56.000000	153.305362	8.084392	7.698495e-01	3.518385e-02	4.198402e+02	5.148774e-02	
8.000000	60.000000	140.800241	7.723923	8.703737e-01	5.298829e-02	4.117458e+02	6.376597e-02	
12.000000	0.000000	134.555071	7.048611	7.267850e-01	3.772927e-02	4.130113e+02	4.885848e-02	
12.000000	4.000000	134.555388	7.683083	7.360306e-01	3.847767e-02	4.309887e+02	4.942375e-02	
12.000000	8.000000	134.548864	6.946815	8.475294e-01	4.160413e-02	4.300503e+02	6.020375e-02	
12.000000	12.000000	134.577050	5.607680	7.292250e-01	4.112035e-02	4.297364e+02	4.934795e-02	
12.000000	16.000000	134.554267	4.743164	7.749590e-01	4.063770e-02	4.298946e+02	5.173748e-02	
12.000000	20.000000	132.836697	9.072568	7.461625e-01	3.812046e-02	4.296718e+02	5.067413e-02	
12.000000	24.000000	128.303639	6.108162	7.825740e-01	4.432416e-02	4.302673e+02	5.373191e-02	
12.000000	28.000000	128.303729	5.994368	8.249502e-01	4.905429e-02	4.303611e+02	5.576656e-02	
12.000000	32.000000	128.301976	4.102112	7.787117e-01	3.501197e-02	4.303772e+02	5.221446e-02	
12.000000	36.000000	128.293997	3.937682	7.993823e-01	3.862429e-02	4.310154e+02	5.265711e-02	
12.000000	40.000000	128.301852	4.017671	7.152183e-01	3.336564e-02	4.314187e+02	4.968831e-02	
12.000000	44.000000	134.554604	27.412396	8.175601e-01	3.800099e-02	4.310000e+02	5.395193e-02	
12.000000	48.000000	147.049077	3.582440	7.525619e-01	4.090015e-02	4.299462e+02	5.032887e-02	
12.000000	52.000000	164.979459	10.838815	8.152513e-01	4.215734e-02	4.266023e+02	5.429510e-02	
12.000000	56.000000	156.951298	6.376571	8.303573e-01	4.587591e-02	4.199934e+02	5.611966e-02	
12.000000	60.000000	141.318006	9.229948	7.472807e-01	3.247093e-02	4.123113e+02	4.994079e-02	
16.000000	0.000000	139.869129	5.853239	7.464170e-01	4.111767e-02	4.128616e+02	4.938534e-02	
16.000000	4.000000	134.560238	8.036916	7.190336e-01	4.636097e-02	4.308325e+02	5.284925e-02	
16.000000	8.000000	134.545137	7.644004	7.207430e-01	3.519791e-02	4.298139e+02	4.762222e-02	
16.000000	12.000000	134.546210	5.884168	7.300012e-01	3.074981e-02	4.296221e+02	4.907219e-02	
16.000000	16.000000	134.553972	9.237191	7.801141e-01	4.033388e-02	4.291279e+02	5.241696e-02	
16.000000	20.000000	134.555579	6.007617	7.814809e-01	3.712533e-02	4.291795e+02	5.270841e-02	
16.000000	24.000000	132.830690	6.444492	7.989576e-01	3.973213e-02	4.299694e+02	5.368904e-02	
16.000000	28.000000	128.301890	5.092166	8.013278e-01	3.929413e-02	4.300710e+02	5.372702e-02	
16.000000	32.000000	128.296427	21.775989	7.372026e-01	3.228806e-02	4.305252e+02	5.080088e-02	
16.000000	36.000000	128.305915	6.752535	7.997271e-01	4.093250e-02	4.307143e+02	5.418819e-02	
16.000000	40.000000	129.553808	5.630835	7.346333e-01	3.712169e-02	4.309256e+02	4.954193e-02	
16.000000	44.000000	134.552010	3.647859	7.851694e-01	4.347602e-02	4.302315e+02	5.248778e-02	
16.000000	48.000000	147.063963	4.946149	7.617689e-01	3.954557e-02	4.298592e+02	5.152046e-02	
16.000000	52.000000	165.803596	6.036620	8.085365e-01	4.553855e-02	4.270235e+02	5.544125e-02	
16.000000	56.000000	159.545268	7.333050	6.828118e-01	3.407088e-02	4.214841e+02	4.779284e-02	
16.000000	60.000000	147.057159	7.765139	8.414525e-01	3.754292e-02	4.131973e+02	5.596951e-02	
20.000000	0.000000	140.799878	6.895539	6.448808e-01	3.154812e-02	4.130875e+02	4.321228e-02	
20.000000	4.000000	139.075953	174.671110	8.032053e-01	3.818141e-02	4.304726e+02	5.450286e-02	
20.000000	8.000000	139.262919	515.028687	7.345246e-01	4.217982e-02	4.299750e+02	5.449146e-02	
20.000000	12.000000	139.142469	899.188241	7.973115e-01	4.614000e-02	4.296046e+02	5.309176e-02	
20.000000	16.000000	136.304408	1041.282136	7.427664e-01	3.919579e-02	4.296465e+02	4.979483e-02	
20.000000	20.000000	135.074316	6.819732	6.345694e-01	2.952329e-02	4.297923e+02	4.809522e-02	
20.000000	24.000000	134.560192	7.059415	7.740150e-01	3.952141e-02	4.299542e+02	5.166447e-02	
20.000000	28.000000	132.813309	7.250068	7.553112e-01	4.451623e-02	4.304207e+02	5.102088e-02	
20.000000	32.000000	128.704171	5.239766	7.624994e-01	3.388215e-02	4.307071e+02	5.186814e-02	
20.000000	36.000000	129.567039	7.346161	7.015415e-01	4.219017e-02	4.311937e+02	4.831676e-02	
20.000000	40.000000	134.551879	3.583944	7.713951e-01	5.076621e-02	4.314342e+02	5.391758e-02	
20.000000	44.000000	136.841804	1094.613008	9.083473e-01	5.525881e-02	4.311019e+02	6.389961e-02	
20.000000	48.000000	147.058988	4.826541	7.880797e-01	4.055586e-02	4.307355e+02	5.294032e-02	
20.000000	52.000000	165.804335	9.502342	7.895493e-01	4.026596e-02	4.278448e+02	5.275368e-02	
20.000000	56.000000	165.805947	6.451079	8.105818e-01	3.565045e-02	4.221382e+02	5.445707e-02	
20.000000	60.000000	153.309348	6.262902	7.736356e-01	4.175692e-02	4.139535e+02	5.170735e-02	
24.000000	0.000000	145.677675	7.370665	9.146555e-01	4.344228e-02	4.128182e+02	6.260404e-02	
24.000000	4.000000	140.807742	13.420053	7.809144e-01	3.639813e-02	4.297315e+02	5.200350e-02	
24.000000	8.000000	140.810525	11.752990	6.787986e-01	2.799143e-02	4.294863e+02	4.580322e-02	
24.000000	12.000000	140.795214	9.926848	8.780211e-01	5.517080e-02	4.287099e+02	6.424526e-02	
24.000000	16.000000	140.795268	6.784751	8.163299e-01	4.631876e-02	4.288896e+02	5.546003e-02	
24.000000	20.000000	139.598894	96.887636	6.889504e-01	4.282408e-02	4.291856e+02	4.798786e-02	
24.000000	24.000000	134.555288	6.198550	7.769644e-01	3.626668e-02	4.293413e+02	5.900922e-02	
24.000000	28.000000	134.545386	6.554952	7.443357e-01	4.198879e-02	4.302312e+02	4.986709e-02	
24.000000	32.000000	134.551801	3.934999	8.286553e-01	3.884516e-02	4.304009e+02	5.656381e-02	
24.000000	36.000000	134.538549	4.109773	8.032604e-01	4.536653e-02	4.307074e+02	5.686526e-02	
24.000000	40.000000	134.562789	6.083739	7.066358e-01	3.567824e-02	4.312824e+02	4.803921e-02	
24.000000	44.000000	140.804897	4.230066	7.859911e-01	4.299187e-02	4.307760e+02	5.256252e-02	
24.000000	48.000000	147.393341	4.634046	7.131601e-01	2.973190e-02	4.305695e+02	4.833207e-02	
24.000000	52.000000	166.682834	9.340231	9.472562e-01	4.989043e-02	4.275878e+02	6.441319e-02	
24.000000	56.000000	172.054258	10.996497	6.604848e-01	3.388385e-02	4.229792e+02	4.418636e-02	
24.000000	60.000000	154.550259	9.796922	7.601238e-01	4.012920e-02	4.149076e+02	5.270304e-02	
28.000000	0.000000	147.049847	8.515159	8.020638e-01	3.675505e-02	4.126565e+02	5.347279e-02	
28.000000	4.000000	144.655096	12.373929	7.779850e-01	4.202248e-02	4.300462e+02	5.393850e-02	
28.000000	8.000000	143.263145	13.195530	7.118472e-01	3.617748e-02	4.292039e+02	4.606287e-02	
28.000000	12.000000	141.655317	11.392712	7.524612e-01	3.985522e-02	4.290682e+02	5.075341e-02	
28.000000	16.000000	141.100168	8.195457	7.832012e-01	3.795462e-02	4.287009e+02	5.267186e-02	
28.000000	20.000000	140.810972	12.832374	7.468156e-01	3.780893e-02	4.287818e+02	5.111553e-02	
28.000000	24.000000	140.795203	7.145532	7.252666e-01	3.656145e-02	4.290925e+02	4.803204e-02	
28.000000	28.000000	134.548375	6.035096	7.739118e-01	3.825180e-02	4.301898e+02	5.280123e-02	
28.000000	32.000000	134.560207	18.701029	7.703830e-01	3.385212e-02	4.303829e+02	5.115841e-02	
28.000000	36.000000	134.534048	14.521861	7.019553e-01	3.145565e-02	4.306133e+02	4.939832e-02	
28.000000	40.000000	134.549635	4.116538	7.686539e-01	3.825742e-02	4.308234e+02	5.249785e-02	
28.000000	44.000000	140.804197	6.492472	7.400103e-01	3.754390e-02	4.308326e+02	5.195891e-02	
28.000000	48.000000	151.655608	631.120135	7.159747e-01	3.531973e-02	4.303807e+02	4.898355e-02	
28.000000	52.000000	170.405260	10.313669	9.116535e-01	5.595081e-02	4.280695e+02	6.515919e-02	
28.000000	56.000000	178.304283	9.900185	7.732625e-01	3.605276e-02	4.235704e+02	5.204786e-02	
28.000000	60.000000	159.988054	8.484737	7.696393e-01	4.672518e-02	4.161173e+02	5.431877e-02	
32.000000	0.000000	153.300044	6.845105	7.523498e-01	3.999824e-02	4.120525e+02	5.041659e-02	
32.000000	4.000000	147.050278	11.829604	7.922098e-01	4.908355e-02	4.292895e+02	5.459880e-02	
32.000000	8.000000	147.054278	10.669213	8.041400e-01	4.524645e-02	4.290557e+02	5.427760e-02	
32.000000	12.000000	147.054536	9.645229	7.258757e-01	3.751300e-02	4.289910e+02	4.865666e-02	
32.000000	16.000000	147.060200	6.501186	7.342414e-01	3.663223e-02	4.288404e+02	4.856262e-02	
32.000000	20.000000	145.286104	12.080550	7.165227e-01	4.023524e-02	4.287113e+02	4.749598e-02	
32.000000	24.000000	140.795167	7.783915	7.015967e-01	4.784519e-02	4.293027e+02	4.900655e-02	
32.000000	28.000000	140.110166	95.213444	7.869377e-01	3.190915e-02	4.295537e+02	5.245945e-02	
32.000000	32.000000	136.477591	1066.462242	7.240763e-01	4.304055e-02	4.305178e+02	4.915091e-02	
32.000000	36.000000	135.971066	855.343605	7.263016e-01	2.922067e-02	4.306431e+02	4.807332e-02	
32.000000	40.000000	140.133328	4.842873	7.208572e-01	4.217381e-02	4.301357e+02	4.917039e-02	
32.000000	44.000000	142.307633	4.929853	7.319455e-01	4.283366e-02	4.303876e+02	4.994957e-02	
32.000000	48.000000	153.295148	5.386860	7.849650e-01	3.443425e-02	4.293550e+02	5.231314e-02	
32.000000	52.000000	172.055025	8.922657	8.717402e-01	4.703030e-02	4.277585e+02	5.963236e-02	
32.000000	56.000000	183.689224	8.449004	7.923457e-01	3.996967e-02	4.241746e+02	5.957570e-02	
32.000000	60.000000	165.796175	7.201354	8.703776e-01	5.739900e-02	4.161406e+02	6.179323e-02	
36.000000	0.000000	153.784007	8.475473	6.881619e-01	3.578408e-02	4.114758e+02	4.916322e-02	
36.000000	4.000000	151.525280	945.774578	7.162138e-01	3.771253e-02	4.290274e+02	4.870170e-02	
36.000000	8.000000	149.738314	1118.721601	7.658074e-01	4.574170e-02	4.277646e+02	5.773095e-02	
36.000000	12.000000	148.680027	1005.964341	7.090950e-01	4.539126e-02	4.278834e+02	5.230832e-02	
36.000000	16.000000	147.920916	293.111030	7.455654e-01	4.174223e-02	4.280945e+02	5.113136e-02	
36.000000	20.000000	147.087222	15.101999	8.123054e-01	4.480612e-02	4.277896e+02	5.384272e-02	
36.000000	24.000000	145.860765	7.116245	9.076260e-01	4.900392e-02	4.279796e+02	6.300482e-02	
36.000000	28.000000	140.799148	5.790978	7.034247e-01	3.418833e-02	4.287558e+02	4.826378e-02	
36.000000	32.000000	140.803726	10.805898	7.971906e-01	3.297652e-02	4.292152e+02	5.301353e-02	
36.000000	36.000000	140.837222	6.306708	8.708946e-01	4.100106e-02	4.293167e+02	5.773380e-02	
36.000000	40.000000	140.798511	13.454530	7.899372e-01	4.244449e-02	4.299517e+02	5.507941e-02	
36.000000	44.000000	147.054640	4.809070	7.582457e-01	5.406676e-02	4.301988e+02	5.608838e-02	
36.000000	48.000000	153.312927	7.463686	7.781679e-01	3.496549e-02	4.296996e+02	5.169220e-02	
36.000000	52.000000	172.045871	10.318811	7.887399e-01	4.485415e-02	4.281769e+02	5.394743e-02	
36.000000	56.000000	190.825968	9.369638	8.096529e-01	3.967848e-02	4.241783e+02	5.353593e-02	
36.000000	60.000000	172.052046	8.556381	9.063168e-01	6.120870e-02	4.174692e+02	6.616143e-02	
40.000000	0.000000	159.546114	8.303566	7.693146e-01	4.101949e-02	4.111064e+02	5.336428e-02	
40.000000	4.000000	154.116378	9.253180	7.721356e-01	3.771565e-02	4.282657e+02	5.802606e-02	
40.000000	8.000000	152.421315	12.233616	8.030241e-01	3.733776e-02	4.274156e+02	5.360142e-02	
40.000000	12.000000	153.303999	14.484836	8.553176e-01	5.122702e-02	4.270631e+02	5.978099e-02	
40.000000	16.000000	153.288945	13.136481	8.130152e-01	3.594653e-02	4.273508e+02	5.546958e-02	
40.000000	20.000000	153.305731	7.914899	8.340246e-01	3.990026e-02	4.274112e+02	5.553376e-02	
40.000000	24.000000	147.527868	8.186171	8.036349e-01	3.946129e-02	4.276538e+02	5.390996e-02	
40.000000	28.000000	147.045612	6.829005	7.949036e-01	4.440029e-02	4.288585e+02	5.433390e-02	
40.000000	32.000000	144.397049	18.574197	7.607712e-01	3.933766e-02	4.290322e+02	5.076254e-02	
40.000000	36.000000	142.750475	16.116010	7.193041e-01	2.746500e-02	4.294732e+02	4.982030e-02	
40.000000	40.000000	145.451717	6.950710	8.042784e-01	4.331749e-02	4.296705e+02	5.350466e-02	
40.000000	44.000000	147.055689	5.568358	7.596324e-01	3.256216e-02	4.297613e+02	5.054807e-02	
40.000000	48.000000	157.865393	8.774020	7.653681e-01	3.614218e-02	4.295138e+02	5.120374e-02	
40.000000	52.000000	173.444652	9.513085	7.482936e-01	3.196762e-02	4.285643e+02	4.964949e-02	
40.000000	56.000000	197.082549	11.577728	8.526442e-01	3.858080e-02	4.252505e+02	5.874075e-02	
40.000000	60.000000	184.582865	8.331167	8.424710e-01	4.132226e-02	4.188666e+02	5.599963e-02	
44.000000	0.000000	165.802391	7.426694	8.651443e-01	4.374437e-02	4.112993e+02	6.050670e-02	
44.000000	4.000000	159.550265	13.633720	6.986274e-01	3.770112e-02	4.285192e+02	4.615706e-02	
44.000000	8.000000	159.587222	16.298457	7.980389e-01	3.550737e-02	4.276658e+02	5.418716e-02	
44.000000	12.000000	159.542663	17.023945	8.682313e-01	4.872293e-02	4.271094e+02	6.301013e-02	
44.000000	16.000000	159.557231	13.172991	7.852782e-01	5.071944e-02	4.273648e+02	5.455740e-02	
44.000000	20.000000	157.466060	27.280859	7.120641e-01	3.641657e-02	4.271744e+02	4.784583e-02	
44.000000	24.000000	153.307950	14.649843	7.305556e-01	3.594473e-02	4.276556e+02	5.034779e-02	
44.000000	28.000000	151.300917	1006.149725	7.736984e-01	3.396325e-02	4.283196e+02	5.488956e-02	
44.000000	32.000000	147.056305	6.660407	6.404794e-01	4.157279e-02	4.289749e+02	5.228375e-02	
44.000000	36.000000	147.086079	12.369034	7.328535e-01	3.229823e-02	4.293634e+02	4.960907e-02	
44.000000	40.000000	147.036728	7.176816	7.339851e-01	4.038813e-02	4.297623e+02	4.874787e-02	
44.000000	44.000000	153.283166	5.327391	7.700227e-01	4.600583e-02	4.298162e+02	5.261523e-02	
44.000000	48.000000	159.547277	14.209761	8.432347e-01	4.543925e-02	4.300384e+02	5.691714e-02	
44.000000	52.000000	177.291172	8.019384	8.555361e-01	4.368913e-02	4.280911e+02	5.805982e-02	
44.000000	56.000000	203.295136	11.823773	7.519034e-01	3.965048e-02	4.258651e+02	5.117497e-02	
44.000000	60.000000	192.307592	10.754244	8.070091e-01	3.993318e-02	4.202445e+02	5.418728e-02	
48.000000	0.000000	175.790067	1123.528888	7.461226e-01	4.279401e-02	4.118148e+02	4.981797e-02	
48.000000	4.000000	167.197680	17.591708	7.122560e-01	2.853386e-02	4.276194e+02	4.735561e-02	
48.000000	8.000000	166.551077	16.164071	7.788701e-01	3.158037e-02	4.266375e+02	5.205111e-02	
48.000000	12.000000	166.246683	15.971533	7.534594e-01	3.523016e-02	4.263176e+02	4.989169e-02	
48.000000	16.000000	165.805835	19.839212	7.718250e-01	4.199463e-02	4.262119e+02	5.296570e-02	
48.000000	20.000000	164.610122	703.808050	7.652066e-01	4.277483e-02	4.263024e+02	4.963757e-02	
48.000000	24.000000	159.555635	15.416117	7.479122e-01	3.681850e-02	4.269758e+02	4.811521e-02	
48.000000	28.000000	157.451921	40.010738	7.871011e-01	4.083314e-02	4.278754e+02	5.252865e-02	
48.000000	32.000000	153.295337	11.634372	8.294176e-01	4.109687e-02	4.283678e+02	5.699100e-02	
48.000000	36.000000	153.306000	17.911161	8.002852e-01	3.653724e-02	4.287323e+02	5.887181e-02	
48.000000	40.000000	153.304661	17.213762	8.218263e-01	4.747870e-02	4.289950e+02	5.683657e-02	
48.000000	44.000000	157.726178	8.227672	7.468841e-01	3.336926e-02	4.292640e+02	4.941533e-02	
48.000000	48.000000	164.686314	138.593984	7.640636e-01	3.916581e-02	4.290729e+02	5.105338e-02	
48.000000	52.000000	179.701020	14.583932	7.806007e-01	3.100816e-02	4.283351e+02	5.477443e-02	
48.000000	56.000000	208.127095	9.083006	9.706806e-01	4.518444e-02	4.256956e+02	6.688921e-02	
48.000000	60.000000	207.265334	14.590763	9.169031e-01	5.259098e-02	4.203919e+02	6.244849e-02	
52.000000	0.000000	189.191633	872.693552	8.346118e-01	3.953860e-02	4.124135e+02	5.561438e-02	
52.000000	4.000000	176.623199	18.931952	7.651550e-01	3.366104e-02	4.264847e+02	5.068026e-02	
52.000000	8.000000	176.581509	621.796843	7.597257e-01	3.498541e-02	4.257423e+02	5.573336e-02	
52.000000	12.000000	176.480207	873.500240	9.284715e-01	4.731760e-02	4.251010e+02	7.204173e-02	
52.000000	16.000000	174.396894	1044.739062	7.510242e-01	3.953018e-02	4.248717e+02	5.107553e-02	
52.000000	20.000000	172.933640	17.032977	7.064093e-01	3.079824e-02	4.256162e+02	4.572111e-02	
52.000000	24.000000	170.417473	25.876488	7.846991e-01	4.387572e-02	4.264338e+02	5.720917e-02	
52.000000	28.000000	164.183346	164.253109	7.816498e-01	4.132296e-02	4.269742e+02	5.291483e-02	
52.000000	32.000000	160.756902	146.214632	7.635506e-01	4.177530e-02	4.278167e+02	5.188910e-02	
52.000000	36.000000	159.549602	13.261761	7.632596e-01	3.681131e-02	4.284735e+02	5.049079e-02	
52.000000	40.000000	160.062256	11.499750	7.244577e-01	3.732715e-02	4.290290e+02	4.841373e-02	
52.000000	44.000000	163.942050	88.098554	7.699640e-01	4.125994e-02	4.291011e+02	5.190846e-02	
52.000000	48.000000	170.496233	7.008632	7.745230e-01	4.316666e-02	4.289817e+02	5.458373e-02	
52.000000	52.000000	185.059013	8.228709	7.404725e-01	4.021779e-02	4.285089e+02	4.999192e-02	
52.000000	56.000000	211.432682	1072.338252	8.220409e-01	3.977405e-02	4.265744e+02	5.702196e-02	
52.000000	60.000000	225.163946	1125.276614	7.566189e-01	3.605601e-02	4.224648e+02	5.140424e-02	
56.000000	0.000000	204.753277	13.281094	7.218354e-01	3.712782e-02	4.150305e+02	4.854315e-02	
56.000000	4.000000	195.451351	25.685782	7.723640e-01	3.584913e-02	4.254788e+02	5.110258e-02	
56.000000	8.000000	194.581085	32.585550	7.667042e-01	3.817971e-02	4.243900e+02	5.229707e-02	
56.000000	12.000000	192.944218	39.486261	7.040923e-01	3.472923e-02	4.241800e+02	5.190877e-02	
56.000000	16.000000	192.091527	29.391071	7.890393e-01	4.362989e-02	4.241766e+02	5.427801e-02	
56.000000	20.000000	189.580798	18.609429	7.292612e-01	3.529066e-02	4.241629e+02	4.847557e-02	
56.000000	24.000000	184.554873	27.449617	7.849735e-01	3.769098e-02	4.248733e+02	5.237794e-02	
56.000000	28.000000	179.109879	38.090572	7.129911e-01	3.542091e-02	4.258763e+02	4.728643e-02	
56.000000	32.000000	174.191323	1011.416711	8.241066e-01	3.827732e-02	4.263616e+02	5.429369e-02	
56.000000	36.000000	172.759913	24.747557	7.200869e-01	3.179479e-02	4.274738e+02	4.843574e-02	
56.000000	40.000000	171.175436	17.845469	7.211076e-01	3.707897e-02	4.278872e+02	5.086161e-02	
56.000000	44.000000	173.214785	497.093221	7.176297e-01	3.335815e-02	4.286987e+02	4.895208e-02	
56.000000	48.000000	179.594721	19.532735	8.259101e-01	4.367579e-02	4.282536e+02	5.519275e-02	
56.000000	52.000000	194.924868	28.711113	7.613683e-01	4.476079e-02	4.277758e+02	5.105400e-02	
56.000000	56.000000	220.379979	15.123585	7.999322e-01	4.024615e-02	4.270779e+02	5.437861e-02	
56.000000	60.000000	253.304273	16.219577	7.239256e-01	3.406796e-02	4.235083e+02	4.862291e-02	
60.000000	0.000000	234.550036	12.471091	7.622360e-01	3.602721e-02	4.172419e+02	5.166563e-02	
60.000000	4.000000	252.438235	641.913120	6.664345e-01	3.198676e-02	4.238382e+02	4.890351e-02	
60.000000	8.000000	250.636191	890.622659	7.100473e-01	3.288640e-02	4.225786e+02	5.163930e-02	
60.000000	12.000000	249.983355	948.793517	7.310728e-01	3.597224e-02	4.227287e+02	4.861307e-02	
60.000000	16.000000	247.165407	177.112783	8.378773e-01	3.766915e-02	4.227717e+02	5.569844e-02	
60.000000	20.000000	241.931411	113.620576	7.490707e-01	3.809262e-02	4.227736e+02	5.288315e-02	
60.000000	24.000000	233.510026	91.050044	8.002020e-01	4.493685e-02	4.237463e+02	5.606204e-02	
60.000000	28.000000	221.828033	467.600337	7.420615e-01	3.959812e-02	4.249350e+02	4.966135e-02	
60.000000	32.000000	213.878164	829.050110	7.971359e-01	4.740287e-02	4.261235e+02	5.520802e-02	
60.000000	36.000000	207.666090	47.398484	8.548614e-01	4.892712e-02	4.261154e+02	5.838330e-02	
60.000000	40.000000	201.727349	653.937685	6.748874e-01	3.747520e-02	4.271662e+02	4.547353e-02	
60.000000	44.000000	198.910632	942.375807	7.939100e-01	3.682188e-02	4.277207e+02	5.277356e-02	
60.000000	48.000000	202.418522	19.477134	6.704008e-01	3.168187e-02	4.276328e+02	4.554633e-02	
60.000000	52.000000	214.283862	369.329231	7.774924e-01	4.653304e-02	4.274861e+02	5.663747e-02	
60.000000	56.000000	236.594899	997.512144	7.353401e-01	3.806672e-02	4.268282e+02	4.984762e-02	
60.000000	60.000000	282.905001	20.544251	7.651340e-01	3.282676e-02	4.242300e+02	5.095490e-02	
0.000000	0.000000	295.452314	14.739000	7.898895e-01	4.140795e-02	4.199962e+02	5.351075e-02	
