0.000000	4.000000	110.215053	4.498580	6.027658e-01	3.222600e-02	4.202186e+02	4.006276e-02	
0.000000	8.000000	110.036375	4.889094	6.472595e-01	3.122553e-02	4.197887e+02	4.310494e-02	
0.000000	12.000000	109.550474	4.453948	6.111068e-01	2.911037e-02	4.198229e+02	4.071891e-02	
0.000000	16.000000	109.538649	3.583485	6.009847e-01	2.613316e-02	4.196812e+02	4.099348e-02	
0.000000	20.000000	109.534242	3.377681	5.934401e-01	2.773577e-02	4.198348e+02	4.111706e-02	
0.000000	24.000000	109.555581	17.782376	6.172984e-01	2.584651e-02	4.203054e+02	4.401816e-02	
0.000000	28.000000	109.586127	3.460345	5.863624e-01	2.670347e-02	4.207980e+02	4.536376e-02	
0.000000	32.000000	109.555088	2.674636	6.126954e-01	3.400982e-02	4.213670e+02	4.134497e-02	
0.000000	36.000000	109.486681	2.673355	6.073850e-01	2.882053e-02	4.212769e+02	4.048899e-02	
0.000000	40.000000	109.486651	2.153319	6.491513e-01	3.100506e-02	4.214799e+02	4.314013e-02	
0.000000	44.000000	115.800258	2.494014	6.203061e-01	3.145426e-02	4.208141e+02	4.087388e-02	
0.000000	48.000000	122.054208	4.054690	6.569833e-01	3.252818e-02	4.199431e+02	4.358833e-02	
0.000000	52.000000	133.662779	4.867693	6.026434e-01	3.197241e-02	4.163649e+02	4.049859e-02	
0.000000	56.000000	126.743098	852.652901	6.423326e-01	2.671901e-02	4.096078e+02	4.384831e-02	
0.000000	60.000000	115.805662	4.698897	6.235270e-01	2.900237e-02	3.997077e+02	4.187478e-02	
4.000000	0.000000	103.300226	4.903649	5.933190e-01	3.788297e-02	3.931094e+02	4.320963e-02	
4.000000	4.000000	114.048981	128.903136	5.577124e-01	3.470902e-02	4.201920e+02	3.816985e-02	
4.000000	8.000000	114.169675	154.995787	6.048922e-01	3.296229e-02	4.196925e+02	4.159713e-02	
4.000000	12.000000	113.552573	1067.986476	6.141319e-01	2.879680e-02	4.194298e+02	4.137825e-02	
4.000000	16.000000	111.388863	1040.952400	5.831569e-01	2.808646e-02	4.194383e+02	3.911587e-02	
4.000000	20.000000	110.240266	4.915457	5.998362e-01	2.969105e-02	4.197001e+02	3.970367e-02	
4.000000	24.000000	109.527362	3.241964	5.717518e-01	2.811160e-02	4.201987e+02	3.766016e-02	
4.000000	28.000000	109.557052	135.159626	6.147581e-01	3.219118e-02	4.205189e+02	4.227248e-02	
4.000000	32.000000	109.534884	4.824139	6.205008e-01	2.913544e-02	4.211581e+02	4.272683e-02	
4.000000	36.000000	109.587222	163.077090	6.358012e-01	3.349271e-02	4.210582e+02	4.711823e-02	
4.000000	40.000000	109.551293	2.299607	5.884407e-01	2.821680e-02	4.214198e+02	3.938747e-02	
4.000000	44.000000	115.738711	3.149548	6.031925e-01	2.887473e-02	4.208618e+02	4.062732e-02	
4.000000	48.000000	121.991396	31.597979	6.574432e-01	3.020583e-02	4.202409e+02	4.542880e-02	
4.000000	52.000000	134.555158	4.295293	6.344848e-01	3.087309e-02	4.168845e+02	4.490854e-02	
4.000000	56.000000	127.946008	3.369084	6.107372e-01	2.942373e-02	4.106962e+02	4.072882e-02	
4.000000	60.000000	115.800283	4.094137	5.965037e-01	2.553191e-02	4.007311e+02	4.189899e-02	
8.000000	0.000000	105.658563	6.318691	5.541131e-01	3.013655e-02	3.930245e+02	3.679562e-02	
8.000000	4.000000	115.807913	5.550152	6.069765e-01	3.227805e-02	4.200358e+02	4.105783e-02	
8.000000	8.000000	115.804634	5.031422	5.898759e-01	2.645706e-02	4.193287e+02	3.974723e-02	
8.000000	12.000000	115.795040	4.571870	6.415534e-01	3.185872e-02	4.190436e+02	4.290784e-02	
8.000000	16.000000	115.807900	4.317691	5.958608e-01	3.068647e-02	4.192424e+02	3.946324e-02	
8.000000	20.000000	115.044756	126.864786	5.906120e-01	2.794931e-02	4.196078e+02	3.950443e-02	
8.000000	24.000000	110.932901	198.019899	6.155636e-01	3.049807e-02	4.199351e+02	4.120497e-02	
8.000000	28.000000	109.611181	2.891798	6.355970e-01	2.644643e-02	4.206547e+02	4.562672e-02	
8.000000	32.000000	109.556007	2.482944	6.220267e-01	3.051537e-02	4.209176e+02	4.154775e-02	
8.000000	36.000000	109.486674	2.497178	6.242238e-01	3.179482e-02	4.210694e+02	4.122112e-02	
8.000000	40.000000	111.745799	45.696919	6.272922e-01	4.189462e-02	4.210666e+02	5.046241e-02	
8.000000	44.000000	115.805051	3.526014	6.422390e-01	3.315391e-02	4.207355e+02	4.267448e-02	
8.000000	48.000000	122.038912	2.760075	6.131011e-01	2.640273e-02	4.203391e+02	4.208455e-02	
8.000000	52.000000	134.545153	4.045849	5.888854e-01	2.805995e-02	4.172224e+02	3.908811e-02	
8.000000	56.000000	133.344682	3.153025	6.462748e-01	3.113453e-02	4.112732e+02	4.290670e-02	
8.000000	60.000000	120.458248	4.490497	6.076221e-01	2.574042e-02	4.017363e+02	4.475914e-02	
12.000000	0.000000	109.545202	5.775738	6.266771e-01	3.249810e-02	3.933160e+02	4.182942e-02	
12.000000	4.000000	115.801977	6.521649	5.929054e-01	2.916428e-02	4.198680e+02	4.418982e-02	
12.000000	8.000000	115.801721	8.600997	7.054804e-01	3.496433e-02	4.191659e+02	4.800828e-02	
12.000000	12.000000	115.803448	10.010149	6.267545e-01	3.131038e-02	4.190519e+02	4.121170e-02	
12.000000	16.000000	115.770770	16.824917	6.624729e-01	3.221614e-02	4.188808e+02	4.469084e-02	
12.000000	20.000000	115.797591	6.109374	6.481269e-01	3.256542e-02	4.190698e+02	4.285009e-02	
12.000000	24.000000	115.813903	3.967729	6.523616e-01	3.409399e-02	4.196420e+02	4.376659e-02	
12.000000	28.000000	111.388864	134.738544	5.881668e-01	2.784633e-02	4.201516e+02	4.083778e-02	
12.000000	32.000000	109.551721	3.631596	5.989131e-01	3.065427e-02	4.205351e+02	4.008554e-02	
12.000000	36.000000	110.943119	44.411596	6.033035e-01	3.043224e-02	4.210385e+02	3.944284e-02	
12.000000	40.000000	115.736943	2.798097	5.916858e-01	2.858849e-02	4.205939e+02	3.967322e-02	
12.000000	44.000000	115.738733	2.769232	6.712545e-01	3.026387e-02	4.206527e+02	4.701291e-02	
12.000000	48.000000	122.057849	3.212916	5.940240e-01	3.183105e-02	4.201959e+02	3.937693e-02	
12.000000	52.000000	134.551903	5.213417	5.902846e-01	2.897079e-02	4.174881e+02	4.001397e-02	
12.000000	56.000000	134.554216	3.730804	5.774800e-01	3.024170e-02	4.121016e+02	3.763967e-02	
12.000000	60.000000	122.056859	4.494582	6.492084e-01	3.216083e-02	4.030542e+02	4.279515e-02	
16.000000	0.000000	109.539117	4.246854	6.132253e-01	3.343541e-02	3.936403e+02	4.195844e-02	
16.000000	4.000000	117.022777	12.964597	6.193977e-01	2.805918e-02	4.197988e+02	4.443311e-02	
16.000000	8.000000	116.445555	8.323355	6.038326e-01	3.041263e-02	4.189786e+02	3.960272e-02	
16.000000	12.000000	116.174327	5.652975	6.641439e-01	3.535262e-02	4.188226e+02	4.442076e-02	
16.000000	16.000000	115.804802	5.159875	5.790988e-01	3.533713e-02	4.188409e+02	3.991014e-02	
16.000000	20.000000	115.790530	4.641966	6.217343e-01	3.829573e-02	4.189586e+02	4.781698e-02	
16.000000	24.000000	115.804844	14.582759	6.698554e-01	3.265555e-02	4.195903e+02	4.578559e-02	
16.000000	28.000000	115.809310	3.516077	6.237539e-01	2.824602e-02	4.197609e+02	4.281528e-02	
16.000000	32.000000	115.795277	2.894133	5.708681e-01	2.681444e-02	4.204364e+02	3.865319e-02	
16.000000	36.000000	115.773738	2.927862	6.492235e-01	3.964199e-02	4.204409e+02	4.419263e-02	
16.000000	40.000000	115.804681	4.167954	5.922218e-01	2.760440e-02	4.208229e+02	4.032376e-02	
16.000000	44.000000	118.650161	6.821320	5.718822e-01	3.212756e-02	4.208998e+02	3.800238e-02	
16.000000	48.000000	126.539383	87.586938	5.444894e-01	3.101491e-02	4.200439e+02	3.849842e-02	
16.000000	52.000000	136.965541	1148.763685	6.363423e-01	3.189685e-02	4.180324e+02	4.239573e-02	
16.000000	56.000000	140.804167	5.583600	5.972616e-01	2.986661e-02	4.129337e+02	4.013198e-02	
16.000000	60.000000	128.306837	5.977464	6.486023e-01	3.468589e-02	4.039822e+02	4.676648e-02	
20.000000	0.000000	115.799437	4.820776	6.344696e-01	3.083865e-02	3.941006e+02	4.277937e-02	
20.000000	4.000000	122.054139	4.895942	6.652745e-01	3.778490e-02	4.195512e+02	4.508281e-02	
20.000000	8.000000	122.055488	4.695426	6.094355e-01	2.974207e-02	4.191162e+02	4.036273e-02	
20.000000	12.000000	121.509858	4.808126	5.958209e-01	2.666372e-02	4.187816e+02	4.654239e-02	
20.000000	16.000000	120.412131	4.971148	5.814742e-01	2.589760e-02	4.187883e+02	4.248745e-02	
20.000000	20.000000	118.650161	15.776978	6.406335e-01	3.118035e-02	4.188987e+02	4.383293e-02	
20.000000	24.000000	115.807909	4.882928	6.466044e-01	3.286883e-02	4.190788e+02	4.286973e-02	
20.000000	28.000000	115.817920	21.342685	6.229881e-01	2.919878e-02	4.198125e+02	4.198606e-02	
20.000000	32.000000	115.801072	4.293292	6.463291e-01	2.767737e-02	4.204005e+02	4.534645e-02	
20.000000	36.000000	115.810420	5.321638	6.413746e-01	3.821223e-02	4.202972e+02	4.524433e-02	
20.000000	40.000000	115.799156	3.016040	6.071507e-01	3.093310e-02	4.206089e+02	4.075410e-02	
20.000000	44.000000	122.058329	2.846466	6.081580e-01	2.874805e-02	4.205712e+02	4.101129e-02	
20.000000	48.000000	128.313029	3.276301	6.096122e-01	2.781752e-02	4.197736e+02	4.133416e-02	
20.000000	52.000000	140.795207	5.888854	6.113299e-01	3.098724e-02	4.180344e+02	4.017600e-02	
20.000000	56.000000	140.798859	10.247010	6.558199e-01	2.675452e-02	4.135401e+02	4.369619e-02	
20.000000	60.000000	128.313379	7.446940	6.225855e-01	2.733751e-02	4.053792e+02	4.253643e-02	
24.000000	0.000000	115.805394	5.126026	6.084960e-01	3.054461e-02	3.949526e+02	4.079249e-02	
24.000000	4.000000	122.038757	9.169301	6.010082e-01	2.842067e-02	4.192543e+02	4.002095e-02	
24.000000	8.000000	122.087222	9.724511	6.624940e-01	3.175783e-02	4.188491e+02	4.522335e-02	
24.000000	12.000000	122.046996	13.569047	6.102671e-01	2.813918e-02	4.186005e+02	4.078940e-02	
24.000000	16.000000	122.054812	12.919990	6.426073e-01	3.238987e-02	4.185988e+02	4.326857e-02	
24.000000	20.000000	122.055908	5.672048	6.355970e-01	2.644641e-02	4.186547e+02	4.562669e-02	
24.000000	24.000000	121.295997	4.190307	6.779297e-01	3.416182e-02	4.190782e+02	4.779519e-02	
24.000000	28.000000	116.614829	5.789701	6.350044e-01	3.129044e-02	4.197954e+02	4.210895e-02	
24.000000	32.000000	115.785180	3.560491	5.387926e-01	3.183664e-02	4.201349e+02	3.519374e-02	
24.000000	36.000000	115.797378	3.818964	5.958931e-01	2.983639e-02	4.204530e+02	4.084930e-02	
24.000000	40.000000	117.893932	38.568585	6.749449e-01	4.173236e-02	4.204158e+02	4.769762e-02	
24.000000	44.000000	122.053093	6.126362	6.817466e-01	3.634382e-02	4.202447e+02	4.563263e-02	
24.000000	48.000000	128.302841	6.665286	5.931172e-01	2.767208e-02	4.198309e+02	4.083513e-02	
24.000000	52.000000	140.802717	5.354138	6.248830e-01	2.915623e-02	4.178245e+02	4.267949e-02	
24.000000	56.000000	147.045268	3.415282	6.037688e-01	3.104553e-02	4.140018e+02	4.009382e-02	
24.000000	60.000000	134.544913	5.153610	5.946504e-01	3.330007e-02	4.060371e+02	4.128718e-02	
28.000000	0.000000	122.056477	8.029890	6.256019e-01	3.001785e-02	3.957811e+02	4.148124e-02	
28.000000	4.000000	123.443389	910.176262	6.120777e-01	2.726840e-02	4.186279e+02	4.149828e-02	
28.000000	8.000000	122.933700	776.677647	6.432497e-01	3.028312e-02	4.182383e+02	4.309174e-02	
28.000000	12.000000	123.290887	69.814849	5.939471e-01	2.560937e-02	4.182798e+02	4.102030e-02	
28.000000	16.000000	122.057672	5.007676	6.727576e-01	3.738026e-02	4.182197e+02	4.532962e-02	
28.000000	20.000000	122.076786	4.501996	6.250078e-01	3.411770e-02	4.182213e+02	4.183747e-02	
28.000000	24.000000	122.054193	7.798606	6.055234e-01	2.960798e-02	4.188021e+02	4.000594e-02	
28.000000	28.000000	122.052095	3.671721	6.206596e-01	3.283621e-02	4.194620e+02	4.190402e-02	
28.000000	32.000000	120.449743	4.203756	6.672663e-01	3.197131e-02	4.198358e+02	4.545146e-02	
28.000000	36.000000	120.477223	3.943313	6.313554e-01	3.283547e-02	4.200034e+02	4.345707e-02	
28.000000	40.000000	122.051907	3.291106	6.765780e-01	3.100746e-02	4.202673e+02	4.771131e-02	
28.000000	44.000000	122.048915	2.785826	6.136068e-01	2.600133e-02	4.203192e+02	4.271603e-02	
28.000000	48.000000	128.307688	3.674491	5.757907e-01	2.777235e-02	4.198165e+02	3.801859e-02	
28.000000	52.000000	140.802913	5.743398	6.219810e-01	3.444981e-02	4.183276e+02	4.173700e-02	
28.000000	56.000000	153.301072	5.031494	6.335936e-01	3.077024e-02	4.148868e+02	4.224906e-02	
28.000000	60.000000	140.795864	8.191874	6.190984e-01	3.143264e-02	4.076136e+02	4.152410e-02	
32.000000	0.000000	127.275757	130.893807	6.097079e-01	2.842788e-02	3.974128e+02	4.069872e-02	
32.000000	4.000000	128.302099	5.474206	6.283878e-01	2.845610e-02	4.185577e+02	4.185034e-02	
32.000000	8.000000	128.305646	6.358269	6.738242e-01	3.255780e-02	4.178040e+02	4.493397e-02	
32.000000	12.000000	128.301893	5.317458	5.807351e-01	2.791531e-02	4.175282e+02	3.978898e-02	
32.000000	16.000000	128.308090	4.496995	5.917532e-01	2.935090e-02	4.179052e+02	4.070502e-02	
32.000000	20.000000	126.708758	618.776779	6.363781e-01	2.967461e-02	4.177808e+02	4.297996e-02	
32.000000	24.000000	122.941350	6.863808	5.433289e-01	2.590443e-02	4.187276e+02	3.628754e-02	
32.000000	28.000000	122.054193	5.117662	6.312206e-01	3.227228e-02	4.191262e+02	4.173772e-02	
32.000000	32.000000	122.050211	5.201922	6.294338e-01	3.442053e-02	4.195984e+02	4.237914e-02	
32.000000	36.000000	122.049694	5.706667	6.089592e-01	2.916457e-02	4.198390e+02	4.064514e-02	
32.000000	40.000000	122.054166	3.419407	6.152601e-01	3.136026e-02	4.202744e+02	4.088960e-02	
32.000000	44.000000	126.792915	99.807850	5.915344e-01	2.952246e-02	4.200905e+02	4.097321e-02	
32.000000	48.000000	131.316731	16.895460	5.953678e-01	3.197859e-02	4.198697e+02	3.944797e-02	
32.000000	52.000000	140.805893	5.463570	6.329306e-01	3.537236e-02	4.183403e+02	4.258405e-02	
32.000000	56.000000	153.302239	5.678761	5.836703e-01	2.886813e-02	4.148812e+02	3.845641e-02	
32.000000	60.000000	147.048057	5.001773	6.469967e-01	3.810461e-02	4.086590e+02	4.534965e-02	
36.000000	0.000000	128.983109	7.937630	5.758242e-01	2.924383e-02	3.986541e+02	3.921967e-02	
36.000000	4.000000	128.705246	6.837950	5.888510e-01	2.891599e-02	4.181362e+02	3.880671e-02	
36.000000	8.000000	128.301927	6.321823	6.234713e-01	2.797025e-02	4.177525e+02	4.263527e-02	
36.000000	12.000000	128.305328	5.956035	6.041902e-01	2.584306e-02	4.172533e+02	4.482768e-02	
36.000000	16.000000	128.304190	5.299526	6.092553e-01	2.911279e-02	4.172903e+02	4.061709e-02	
36.000000	20.000000	128.297119	10.566305	6.682292e-01	4.030700e-02	4.175344e+02	4.688317e-02	
36.000000	24.000000	128.293790	4.063385	6.077323e-01	2.573190e-02	4.177029e+02	4.261341e-02	
36.000000	28.000000	126.275967	984.148496	6.467675e-01	2.943216e-02	4.185510e+02	4.357438e-02	
36.000000	32.000000	122.840044	4.325500	5.891298e-01	2.744461e-02	4.193863e+02	3.962105e-02	
36.000000	36.000000	122.049574	4.174990	5.597420e-01	2.569879e-02	4.194481e+02	3.843233e-02	
36.000000	40.000000	125.229843	150.060985	6.215549e-01	2.594553e-02	4.196886e+02	4.458223e-02	
36.000000	44.000000	128.293086	3.452319	6.428049e-01	4.050847e-02	4.196371e+02	4.415812e-02	
36.000000	48.000000	134.550028	3.642487	6.121598e-01	3.142682e-02	4.198036e+02	4.038050e-02	
36.000000	52.000000	147.044435	3.792004	6.700214e-01	3.803606e-02	4.185307e+02	4.597427e-02	
36.000000	56.000000	159.544466	5.963901	6.381073e-01	3.016437e-02	4.158016e+02	5.138008e-02	
36.000000	60.000000	152.409571	369.046536	5.788583e-01	2.626971e-02	4.096812e+02	3.879809e-02	
40.000000	0.000000	134.545916	6.681274	6.037106e-01	2.852440e-02	4.004239e+02	4.068297e-02	
40.000000	4.000000	134.546105	8.821157	6.253994e-01	3.318775e-02	4.175741e+02	4.264224e-02	
40.000000	8.000000	134.545786	7.587841	5.928906e-01	3.081802e-02	4.171502e+02	3.896388e-02	
40.000000	12.000000	134.553037	5.188745	5.921946e-01	3.334661e-02	4.170123e+02	4.215701e-02	
40.000000	16.000000	134.549792	5.071848	6.441627e-01	3.213830e-02	4.170000e+02	4.260351e-02	
40.000000	20.000000	132.950592	5.167549	5.943410e-01	3.279397e-02	4.170627e+02	4.035835e-02	
40.000000	24.000000	129.114832	6.450961	6.541893e-01	3.681785e-02	4.174877e+02	4.349079e-02	
40.000000	28.000000	128.301193	18.289728	6.107615e-01	3.111411e-02	4.180388e+02	4.021250e-02	
40.000000	32.000000	128.303360	3.837160	6.504684e-01	3.899926e-02	4.186749e+02	4.591844e-02	
40.000000	36.000000	128.307899	3.401238	6.152627e-01	3.073040e-02	4.190563e+02	4.157020e-02	
40.000000	40.000000	128.324347	5.247492	6.513372e-01	3.835289e-02	4.193739e+02	4.565742e-02	
40.000000	44.000000	129.036028	4.882814	6.064077e-01	3.074228e-02	4.196498e+02	4.030272e-02	
40.000000	48.000000	134.554165	3.540878	6.233370e-01	3.237382e-02	4.197547e+02	4.109533e-02	
40.000000	52.000000	147.054224	11.735374	6.503400e-01	4.142734e-02	4.187775e+02	4.717444e-02	
40.000000	56.000000	163.315468	1120.151027	6.326389e-01	2.953205e-02	4.161873e+02	4.320426e-02	
40.000000	60.000000	159.546863	7.077519	6.348852e-01	2.812741e-02	4.107487e+02	4.443241e-02	
44.000000	0.000000	141.928642	7.983227	6.293900e-01	3.120108e-02	4.020927e+02	4.136631e-02	
44.000000	4.000000	139.579070	748.365693	6.355314e-01	3.304305e-02	4.170342e+02	4.497450e-02	
44.000000	8.000000	139.200315	142.522447	5.678456e-01	2.909165e-02	4.166487e+02	3.833771e-02	
44.000000	12.000000	138.695592	918.968527	6.160580e-01	2.658184e-02	4.163482e+02	4.227132e-02	
44.000000	16.000000	135.928175	907.486824	6.481623e-01	3.702535e-02	4.164952e+02	4.504239e-02	
44.000000	20.000000	134.553070	5.755307	6.403483e-01	2.963814e-02	4.166788e+02	4.333737e-02	
44.000000	24.000000	134.587222	14.190148	6.731162e-01	3.789044e-02	4.173173e+02	4.539067e-02	
44.000000	28.000000	133.534945	4.535581	6.516639e-01	2.701835e-02	4.176300e+02	4.780692e-02	
44.000000	32.000000	129.634607	10.422730	6.118581e-01	3.158266e-02	4.185806e+02	4.116692e-02	
44.000000	36.000000	129.540887	5.409212	5.687550e-01	2.975561e-02	4.189958e+02	3.675136e-02	
44.000000	40.000000	132.525945	4.044930	5.874864e-01	2.778608e-02	4.192010e+02	3.913041e-02	
44.000000	44.000000	134.555994	4.494213	6.617170e-01	2.942655e-02	4.194835e+02	4.439322e-02	
44.000000	48.000000	140.801993	3.191603	7.311252e-01	5.422740e-02	4.192759e+02	5.627544e-02	
44.000000	52.000000	148.323214	87.246588	6.132940e-01	2.616672e-02	4.187378e+02	4.673266e-02	
44.000000	56.000000	165.795180	10.696246	5.863665e-01	2.932915e-02	4.163826e+02	3.933314e-02	
44.000000	60.000000	165.805376	6.650890	5.961525e-01	2.875868e-02	4.118655e+02	3.965586e-02	
48.000000	0.000000	152.423285	6.585450	6.326623e-01	2.945795e-02	4.037940e+02	4.281469e-02	
48.000000	4.000000	145.334196	6.774147	8.189576e-01	7.245743e-02	4.165120e+02	6.339354e-02	
48.000000	8.000000	145.458840	9.046747	5.815270e-01	3.735593e-02	4.160753e+02	4.304027e-02	
48.000000	12.000000	143.552274	22.967120	6.168459e-01	2.774312e-02	4.156096e+02	4.182285e-02	
48.000000	16.000000	142.068953	16.000912	5.823138e-01	2.885071e-02	4.158756e+02	3.816395e-02	
48.000000	20.000000	140.799865	6.583866	6.302076e-01	3.041381e-02	4.158561e+02	4.227124e-02	
48.000000	24.000000	140.805309	8.632059	5.867245e-01	2.631614e-02	4.163194e+02	3.952566e-02	
48.000000	28.000000	138.756236	894.246085	6.498105e-01	3.330465e-02	4.172681e+02	4.330239e-02	
48.000000	32.000000	134.555861	4.242527	6.225086e-01	3.624431e-02	4.182322e+02	4.237125e-02	
48.000000	36.000000	134.555101	4.336442	6.225855e-01	2.734058e-02	4.186208e+02	4.254131e-02	
48.000000	40.000000	134.558050	3.566421	5.632784e-01	3.243494e-02	4.189367e+02	4.383686e-02	
48.000000	44.000000	139.587627	71.229075	5.622873e-01	3.123180e-02	4.190139e+02	3.768579e-02	
48.000000	48.000000	142.134829	7.880071	6.068612e-01	2.609002e-02	4.193207e+02	4.168623e-02	
48.000000	52.000000	153.304897	11.223249	5.855979e-01	2.775131e-02	4.186129e+02	3.919832e-02	
48.000000	56.000000	171.165145	6.541217	6.227311e-01	3.193729e-02	4.170232e+02	4.267927e-02	
48.000000	60.000000	178.301937	8.297323	5.526107e-01	3.048622e-02	4.130603e+02	3.571995e-02	
52.000000	0.000000	164.606192	665.532191	6.379988e-01	3.151715e-02	4.059368e+02	4.310340e-02	
52.000000	4.000000	153.305449	15.268041	5.938848e-01	3.024961e-02	4.155919e+02	4.031677e-02	
52.000000	8.000000	153.301910	9.518235	6.851665e-01	3.780602e-02	4.147269e+02	4.603890e-02	
52.000000	12.000000	153.302930	7.819732	6.119052e-01	3.256027e-02	4.148340e+02	4.064756e-02	
52.000000	16.000000	152.570989	193.592190	5.714986e-01	2.669081e-02	4.148202e+02	4.299618e-02	
52.000000	20.000000	149.235648	1055.586303	6.341783e-01	3.131452e-02	4.151492e+02	4.181889e-02	
52.000000	24.000000	147.047912	5.250069	6.038506e-01	3.106917e-02	4.158274e+02	3.980007e-02	
52.000000	28.000000	145.983043	4.908612	6.703349e-01	2.938131e-02	4.165362e+02	4.435506e-02	
52.000000	32.000000	141.989696	5.034824	5.684668e-01	2.588437e-02	4.172726e+02	3.819689e-02	
52.000000	36.000000	140.837222	4.711118	6.626166e-01	3.174472e-02	4.177697e+02	5.664132e-02	
52.000000	40.000000	140.860930	4.712305	6.112258e-01	3.288393e-02	4.184125e+02	4.122775e-02	
52.000000	44.000000	145.275279	143.461915	6.032379e-01	2.567967e-02	4.187087e+02	4.208334e-02	
52.000000	48.000000	147.054835	3.719114	5.864792e-01	3.021445e-02	4.189830e+02	3.826897e-02	
52.000000	52.000000	159.557870	5.643017	6.234616e-01	3.341959e-02	4.185285e+02	4.296911e-02	
52.000000	56.000000	173.397996	632.609188	6.182003e-01	2.967860e-02	4.173186e+02	4.121849e-02	
52.000000	60.000000	190.804434	5.419509	5.874864e-01	2.778796e-02	4.137990e+02	3.913289e-02	
56.000000	0.000000	178.302265	10.189310	6.165471e-01	2.616262e-02	4.076775e+02	4.266696e-02	
56.000000	4.000000	165.022665	32.352631	6.230694e-01	3.313101e-02	4.142422e+02	4.119476e-02	
56.000000	8.000000	165.798976	25.927883	6.050426e-01	3.521491e-02	4.137692e+02	4.208189e-02	
56.000000	12.000000	165.804206	31.200156	6.594368e-01	3.945613e-02	4.136123e+02	4.635180e-02	
56.000000	16.000000	165.799054	17.039069	5.989550e-01	3.090659e-02	4.136176e+02	4.108713e-02	
56.000000	20.000000	163.888947	926.836448	6.272262e-01	3.241536e-02	4.138256e+02	4.154547e-02	
56.000000	24.000000	159.551941	8.183158	7.066747e-01	4.488211e-02	4.143968e+02	4.824503e-02	
56.000000	28.000000	157.919679	7.413257	6.186761e-01	3.261557e-02	4.155782e+02	4.205049e-02	
56.000000	32.000000	153.309945	6.021532	5.874864e-01	2.778609e-02	4.162010e+02	3.913042e-02	
56.000000	36.000000	153.309151	63.733670	5.836520e-01	2.969251e-02	4.169491e+02	3.850602e-02	
56.000000	40.000000	153.305585	5.296711	5.784735e-01	2.664964e-02	4.173497e+02	3.876226e-02	
56.000000	44.000000	153.305434	160.538965	5.879570e-01	2.835458e-02	4.177548e+02	3.888323e-02	
56.000000	48.000000	157.844497	4.848795	6.388485e-01	3.474632e-02	4.184907e+02	4.319135e-02	
56.000000	52.000000	165.804667	25.763999	5.629998e-01	2.797777e-02	4.181193e+02	3.760863e-02	
56.000000	56.000000	183.319972	9.067272	7.427385e-01	4.357259e-02	4.172409e+02	5.048649e-02	
56.000000	60.000000	204.879261	13.108462	5.708391e-01	2.838144e-02	4.147751e+02	3.763848e-02	
60.000000	0.000000	198.183518	518.823296	6.693430e-01	2.865585e-02	4.096557e+02	4.526723e-02	
60.000000	4.000000	214.191643	764.290223	7.081835e-01	3.685193e-02	4.119663e+02	4.774793e-02	
60.000000	8.000000	212.988866	992.419273	6.059473e-01	3.054133e-02	4.115124e+02	4.042657e-02	
60.000000	12.000000	211.218284	917.256521	6.399803e-01	2.807425e-02	4.114743e+02	4.237912e-02	
60.000000	16.000000	210.412948	22.727979	6.151809e-01	2.935215e-02	4.115000e+02	4.093387e-02	
60.000000	20.000000	207.424872	50.301464	6.123919e-01	2.871079e-02	4.118250e+02	4.494574e-02	
60.000000	24.000000	201.731697	20.624827	5.972747e-01	2.773455e-02	4.123966e+02	4.011330e-02	
60.000000	28.000000	195.525169	40.986729	6.669837e-01	3.461883e-02	4.136267e+02	4.484903e-02	
60.000000	32.000000	189.078187	303.900467	6.470540e-01	3.803995e-02	4.146726e+02	4.515490e-02	
60.000000	36.000000	185.362139	50.545745	6.469192e-01	3.537574e-02	4.156691e+02	4.302859e-02	
60.000000	40.000000	179.987935	44.921588	6.316141e-01	3.104656e-02	4.160671e+02	4.194352e-02	
60.000000	44.000000	177.501939	30.109417	6.218361e-01	3.311943e-02	4.164717e+02	4.274511e-02	
60.000000	48.000000	178.306078	47.292555	6.218165e-01	3.283043e-02	4.170853e+02	4.154461e-02	
60.000000	52.000000	184.555556	38.578166	6.786634e-01	3.523626e-02	4.171153e+02	4.531926e-02	
60.000000	56.000000	197.055410	6.050203	5.986472e-01	2.564022e-02	4.167145e+02	4.155499e-02	
60.000000	60.000000	222.057542	8.876469	6.278982e-01	3.142723e-02	4.151013e+02	4.126675e-02	
0.000000	0.000000	247.049013	15.969706	6.492302e-01	4.173287e-02	4.117922e+02	4.732998e-02	
