0.000000	4.000000	111.356037	5.406405	6.144487e-01	3.343632e-02	4.496515e+02	4.240908e-02	
0.000000	8.000000	-1048.789548	3.148787	6.974564e-01	4.931121e-02	4.497829e+02	5.352836e-02	
0.000000	12.000000	106.650335	3.136667	5.702151e-01	2.844702e-02	4.498892e+02	3.957699e-02	
0.000000	16.000000	108.637026	3.137738	5.242797e-01	3.083151e-02	4.501669e+02	3.457922e-02	
0.000000	20.000000	-486.469615	382.584082	5.860486e-01	2.661271e-02	4.503367e+02	3.939925e-02	
0.000000	24.000000	74.639454	38.568125	6.139045e-01	3.123512e-02	4.508689e+02	4.033699e-02	
0.000000	28.000000	71.256473	2.516234	5.070559e-01	3.559912e-02	4.510404e+02	3.445231e-02	
0.000000	32.000000	131.780227	0.073269	6.035845e-01	3.039119e-02	4.510342e+02	3.946726e-02	
0.000000	36.000000	1128.347560	631.219692	5.863708e-01	2.979833e-02	4.510183e+02	3.755082e-02	
0.000000	40.000000	110.214442	22.663214	5.527906e-01	2.588500e-02	4.513235e+02	3.713016e-02	
0.000000	44.000000	112.188484	1.302599	5.385039e-01	2.302412e-02	4.513810e+02	3.499746e-02	
0.000000	48.000000	115.318578	2.075339	5.554310e-01	2.963225e-02	4.509628e+02	3.644834e-02	
0.000000	52.000000	133.646038	4.237800	6.101682e-01	3.158490e-02	4.495236e+02	4.191707e-02	
0.000000	56.000000	140.347937	9.334763	7.084491e-01	4.755320e-02	4.454486e+02	5.089799e-02	
0.000000	60.000000	90.948155	770.324182	6.459938e-01	3.683804e-02	4.394470e+02	4.490287e-02	
4.000000	0.000000	128.811926	8.653612	5.752412e-01	2.883220e-02	4.346593e+02	3.927753e-02	
4.000000	4.000000	111.437427	4.156178	6.023815e-01	3.013567e-02	4.499022e+02	4.330194e-02	
4.000000	8.000000	114.310342	149.168230	5.095739e-01	3.567154e-02	4.499099e+02	3.273194e-02	
4.000000	12.000000	1267.460321	25.071032	5.874865e-01	2.778804e-02	4.497990e+02	3.913300e-02	
4.000000	16.000000	106.173801	2.652726	5.133731e-01	2.552853e-02	4.502497e+02	3.423866e-02	
4.000000	20.000000	106.861784	3.349781	5.688447e-01	2.574965e-02	4.504867e+02	3.788196e-02	
4.000000	24.000000	106.198055	2.159693	5.897795e-01	2.854765e-02	4.504742e+02	3.988743e-02	
4.000000	28.000000	-1202.114097	2.067024	6.168224e-01	3.359619e-02	4.506421e+02	4.258932e-02	
4.000000	32.000000	109.456443	1.755715	5.493476e-01	2.709959e-02	4.506876e+02	3.732826e-02	
4.000000	36.000000	106.893922	2.284833	5.130206e-01	3.068047e-02	4.509994e+02	3.231051e-02	
4.000000	40.000000	109.087432	1.896550	5.283768e-01	3.082795e-02	4.510734e+02	3.372453e-02	
4.000000	44.000000	111.208188	231.173931	5.783307e-01	2.549932e-02	4.512381e+02	4.008394e-02	
4.000000	48.000000	81.675940	2.690930	5.344974e-01	2.663440e-02	4.508429e+02	3.586659e-02	
4.000000	52.000000	133.901109	5.544948	5.948770e-01	3.147641e-02	4.496745e+02	4.088674e-02	
4.000000	56.000000	144.796583	16.973062	5.265688e-01	3.235348e-02	4.459266e+02	4.180285e-02	
4.000000	60.000000	137.999857	7.115030	5.447602e-01	3.033082e-02	4.399922e+02	3.568139e-02	
8.000000	0.000000	158.747261	7.020183	5.916344e-01	2.636992e-02	4.346752e+02	3.993590e-02	
8.000000	4.000000	1301.307186	124.195433	6.692690e-01	4.153393e-02	4.493519e+02	4.759440e-02	
8.000000	8.000000	139.848024	3.306448	5.696389e-01	3.046072e-02	4.497428e+02	3.872206e-02	
8.000000	12.000000	114.416175	4.508985	6.143359e-01	2.793165e-02	4.498045e+02	4.365789e-02	
8.000000	16.000000	118.053739	59.093035	5.688498e-01	2.930955e-02	4.500454e+02	3.582165e-02	
8.000000	20.000000	109.426128	54.839046	5.978178e-01	2.896924e-02	4.502804e+02	3.974260e-02	
8.000000	24.000000	109.612863	193.058950	5.165903e-01	2.745311e-02	4.501512e+02	3.378032e-02	
8.000000	28.000000	107.332427	3.531609	5.427064e-01	2.442025e-02	4.505952e+02	3.737288e-02	
8.000000	32.000000	107.408631	9.301481	6.196204e-01	3.581798e-02	4.507284e+02	4.325232e-02	
8.000000	36.000000	109.467553	11.218877	4.912743e-01	4.070648e-02	4.510077e+02	3.800090e-02	
8.000000	40.000000	74.830144	33.833123	5.408410e-01	2.848231e-02	4.512002e+02	3.535619e-02	
8.000000	44.000000	111.356051	1.923037	5.954807e-01	3.040935e-02	4.513872e+02	4.081851e-02	
8.000000	48.000000	1806.580876	201.204028	4.921342e-01	3.341370e-02	4.510576e+02	3.074950e-02	
8.000000	52.000000	129.063468	7.153963	5.693272e-01	2.566097e-02	4.497525e+02	3.857525e-02	
8.000000	56.000000	-1128.972883	5.297449	5.720575e-01	3.000329e-02	4.460799e+02	3.713883e-02	
8.000000	60.000000	-1544.197092	6.321104	6.062606e-01	3.356883e-02	4.407076e+02	4.186063e-02	
12.000000	0.000000	130.178841	8.652782	5.307780e-01	3.055372e-02	4.350651e+02	3.384526e-02	
12.000000	4.000000	118.832174	6.857155	5.824631e-01	2.613429e-02	4.493108e+02	3.912439e-02	
12.000000	8.000000	1430.924158	51.895288	5.670435e-01	3.216149e-02	4.492032e+02	3.839529e-02	
12.000000	12.000000	122.525023	2.848631	6.010367e-01	2.717483e-02	4.496345e+02	4.053072e-02	
12.000000	16.000000	114.277565	3.368201	5.216674e-01	3.325615e-02	4.501033e+02	3.400194e-02	
12.000000	20.000000	159.933746	72.795460	4.898967e-01	2.509724e-02	4.502532e+02	3.334928e-02	
12.000000	24.000000	132.674503	2.969580	5.567533e-01	2.593982e-02	4.502616e+02	3.723807e-02	
12.000000	28.000000	106.803425	2.370039	6.063019e-01	3.091116e-02	4.505540e+02	4.099334e-02	
12.000000	32.000000	110.292168	2.660818	6.044294e-01	3.092520e-02	4.505471e+02	4.148405e-02	
12.000000	36.000000	74.055328	3.834880	5.284068e-01	2.771781e-02	4.507634e+02	3.556679e-02	
12.000000	40.000000	114.301733	1.990912	5.498873e-01	3.101426e-02	4.510715e+02	3.576643e-02	
12.000000	44.000000	78.063682	59.613199	5.268976e-01	2.848755e-02	4.512153e+02	3.520376e-02	
12.000000	48.000000	126.715557	2.606564	5.409799e-01	2.619816e-02	4.506928e+02	3.677745e-02	
12.000000	52.000000	133.585428	80.805776	6.417890e-01	3.861442e-02	4.497175e+02	4.543318e-02	
12.000000	56.000000	144.603096	4.821354	5.826614e-01	2.703519e-02	4.468065e+02	4.520017e-02	
12.000000	60.000000	178.719015	12.108883	6.011210e-01	2.556484e-02	4.412748e+02	4.246491e-02	
16.000000	0.000000	104.382330	1101.315926	5.703412e-01	2.954476e-02	4.352896e+02	3.882500e-02	
16.000000	4.000000	112.810663	4.589644	5.097106e-01	2.932284e-02	4.491488e+02	3.234991e-02	
16.000000	8.000000	117.127134	35.602084	5.986157e-01	3.359065e-02	4.490856e+02	4.086416e-02	
16.000000	12.000000	158.364469	96.805547	6.284982e-01	3.787675e-02	4.491814e+02	4.307226e-02	
16.000000	16.000000	109.612509	3.166421	6.068082e-01	2.577244e-02	4.496993e+02	4.230835e-02	
16.000000	20.000000	111.659119	3.195387	5.745531e-01	3.156006e-02	4.498507e+02	5.295514e-02	
16.000000	24.000000	-108.781252	2.484339	5.208179e-01	3.108770e-02	4.501725e+02	3.396602e-02	
16.000000	28.000000	1502.779727	2.390216	5.494118e-01	2.565221e-02	4.503285e+02	3.687986e-02	
16.000000	32.000000	1547.289064	85.796096	5.862529e-01	2.854394e-02	4.505072e+02	3.975279e-02	
16.000000	36.000000	-1483.447197	1.798485	6.068101e-01	2.577227e-02	4.506993e+02	4.230799e-02	
16.000000	40.000000	111.437444	120.022752	5.585789e-01	2.833465e-02	4.507704e+02	3.672035e-02	
16.000000	44.000000	-316.038048	79.071684	5.514115e-01	2.959950e-02	4.507659e+02	3.719685e-02	
16.000000	48.000000	124.905875	4.249883	5.444020e-01	2.669805e-02	4.506978e+02	3.704219e-02	
16.000000	52.000000	128.439747	3.890966	5.777183e-01	3.242236e-02	4.497756e+02	3.943678e-02	
16.000000	56.000000	182.256373	14.663436	5.977679e-01	2.963853e-02	4.470814e+02	3.965547e-02	
16.000000	60.000000	148.106619	6.300789	5.737043e-01	3.498905e-02	4.418616e+02	5.888150e-02	
20.000000	0.000000	155.149485	6.982027	5.034956e-01	3.629543e-02	4.360499e+02	3.412926e-02	
20.000000	4.000000	-877.997362	6.363345	5.961482e-01	3.179215e-02	4.490782e+02	3.958644e-02	
20.000000	8.000000	80.853659	5.573006	5.881085e-01	3.034883e-02	4.487804e+02	3.882668e-02	
20.000000	12.000000	116.767241	165.243407	6.057611e-01	3.190555e-02	4.489131e+02	4.639872e-02	
20.000000	16.000000	1184.344233	133.096120	5.720483e-01	2.764991e-02	4.494685e+02	3.890083e-02	
20.000000	20.000000	112.148994	2.831846	5.896987e-01	3.144502e-02	4.499394e+02	3.908595e-02	
20.000000	24.000000	111.570669	172.187372	5.833210e-01	2.990476e-02	4.499576e+02	3.877343e-02	
20.000000	28.000000	114.416175	4.053976	5.759657e-01	3.041564e-02	4.500129e+02	3.783560e-02	
20.000000	32.000000	115.163377	4.017634	5.311584e-01	3.137692e-02	4.501818e+02	3.492087e-02	
20.000000	36.000000	111.355991	4.312326	5.988173e-01	2.869017e-02	4.504419e+02	4.038049e-02	
20.000000	40.000000	112.149025	2.494039	5.810148e-01	2.902653e-02	4.506461e+02	3.895667e-02	
20.000000	44.000000	120.034654	3.909087	5.341379e-01	2.394421e-02	4.506031e+02	3.659211e-02	
20.000000	48.000000	122.078785	2.580989	6.046039e-01	2.995007e-02	4.505398e+02	4.020546e-02	
20.000000	52.000000	89.160766	4.135393	5.693514e-01	2.800863e-02	4.496500e+02	3.887433e-02	
20.000000	56.000000	1216.184108	10.097534	6.705103e-01	4.127852e-02	4.473865e+02	4.744006e-02	
20.000000	60.000000	152.982488	6.116579	5.622311e-01	3.560873e-02	4.428812e+02	5.676299e-02	
24.000000	0.000000	139.317998	9.373186	5.596269e-01	3.160637e-02	4.368249e+02	3.694989e-02	
24.000000	4.000000	122.552522	5.827586	6.069258e-01	3.120900e-02	4.485516e+02	4.158528e-02	
24.000000	8.000000	123.465331	6.761171	6.394429e-01	3.050014e-02	4.484738e+02	4.360294e-02	
24.000000	12.000000	81.024295	5.399667	5.758135e-01	3.812588e-02	4.488601e+02	6.589552e-02	
24.000000	16.000000	137.108593	40.014311	5.663193e-01	3.197617e-02	4.490438e+02	3.773565e-02	
24.000000	20.000000	1698.279696	91.876941	5.723352e-01	2.871370e-02	4.493314e+02	3.905060e-02	
24.000000	24.000000	76.602461	4.113191	5.866321e-01	3.344159e-02	4.497979e+02	3.917427e-02	
24.000000	28.000000	114.257996	2.822483	6.111522e-01	3.941893e-02	4.498571e+02	4.399418e-02	
24.000000	32.000000	76.736285	0.031546	5.959408e-01	3.082432e-02	4.499531e+02	4.127818e-02	
24.000000	36.000000	112.149005	3.605617	6.063695e-01	3.131298e-02	4.502746e+02	4.031378e-02	
24.000000	40.000000	158.805168	777.393519	5.598714e-01	2.574425e-02	4.502283e+02	3.779698e-02	
24.000000	44.000000	118.778914	2.918455	5.725714e-01	2.699138e-02	4.504743e+02	3.878008e-02	
24.000000	48.000000	85.088732	56.545272	5.928769e-01	2.661702e-02	4.506620e+02	3.996073e-02	
24.000000	52.000000	96.108305	98.045097	5.843603e-01	3.633324e-02	4.498511e+02	4.061454e-02	
24.000000	56.000000	338.075665	9.424569	6.246367e-01	3.614461e-02	4.476981e+02	4.317466e-02	
24.000000	60.000000	157.908257	17.494780	5.966351e-01	3.202702e-02	4.433073e+02	4.097036e-02	
28.000000	0.000000	149.262047	12.086057	5.547155e-01	2.873608e-02	4.372662e+02	3.757785e-02	
28.000000	4.000000	1482.565764	177.716197	5.798311e-01	3.055568e-02	4.482894e+02	3.957940e-02	
28.000000	8.000000	83.996878	89.515495	6.140022e-01	3.396866e-02	4.483132e+02	4.126215e-02	
28.000000	12.000000	124.427949	6.144674	6.399521e-01	3.375850e-02	4.485612e+02	4.377727e-02	
28.000000	16.000000	81.310255	4.676365	5.748185e-01	3.075387e-02	4.489523e+02	4.048310e-02	
28.000000	20.000000	115.176528	193.364598	6.036265e-01	3.013038e-02	4.490710e+02	4.114728e-02	
28.000000	24.000000	116.909715	3.607917	5.973854e-01	2.690757e-02	4.493568e+02	4.017286e-02	
28.000000	28.000000	165.070223	77.568262	6.193811e-01	3.281643e-02	4.495142e+02	4.263655e-02	
28.000000	32.000000	-43.637274	107.614232	5.532393e-01	2.844851e-02	4.498032e+02	3.622347e-02	
28.000000	36.000000	-1102.626023	313.810020	5.993539e-01	3.084056e-02	4.498409e+02	3.942889e-02	
28.000000	40.000000	118.238900	3.771810	5.446423e-01	2.554232e-02	4.503226e+02	3.665370e-02	
28.000000	44.000000	1402.842009	206.241765	5.711255e-01	2.850664e-02	4.506679e+02	3.887935e-02	
28.000000	48.000000	-960.552963	242.576897	5.719037e-01	2.810866e-02	4.503593e+02	3.907062e-02	
28.000000	52.000000	-1034.188234	4.253157	5.881422e-01	2.913370e-02	4.495798e+02	4.028143e-02	
28.000000	56.000000	148.710590	7.907195	5.956536e-01	3.028256e-02	4.479958e+02	3.896073e-02	
28.000000	60.000000	159.477673	11.531209	5.634798e-01	2.818159e-02	4.441947e+02	3.690982e-02	
32.000000	0.000000	148.710614	11.003016	5.645141e-01	2.704039e-02	4.384255e+02	3.832799e-02	
32.000000	4.000000	86.241459	6.939875	6.275051e-01	3.147864e-02	4.480065e+02	4.142398e-02	
32.000000	8.000000	126.094724	30.604394	6.396559e-01	2.657566e-02	4.476486e+02	4.616245e-02	
32.000000	12.000000	87.873786	71.350870	6.041549e-01	3.177511e-02	4.481343e+02	3.992777e-02	
32.000000	16.000000	140.090992	6.764083	6.309893e-01	2.755852e-02	4.486098e+02	4.338870e-02	
32.000000	20.000000	1294.024840	239.096301	5.823576e-01	3.078761e-02	4.489409e+02	4.158821e-02	
32.000000	24.000000	80.082954	3.932758	5.793202e-01	2.467879e-02	4.492569e+02	3.872813e-02	
32.000000	28.000000	119.135416	4.219673	5.742531e-01	2.825258e-02	4.492164e+02	3.787213e-02	
32.000000	32.000000	116.884849	3.833404	6.470121e-01	3.761810e-02	4.496208e+02	4.522085e-02	
32.000000	36.000000	115.625759	3.608887	5.831978e-01	3.096787e-02	4.499612e+02	3.851074e-02	
32.000000	40.000000	80.208644	4.562325	5.664035e-01	3.212226e-02	4.503209e+02	3.788794e-02	
32.000000	44.000000	124.093673	4.742063	5.846298e-01	2.867028e-02	4.504249e+02	4.003477e-02	
32.000000	48.000000	126.369533	208.211602	5.618664e-01	2.925128e-02	4.502710e+02	3.813133e-02	
32.000000	52.000000	135.849844	9.987035	6.591677e-01	4.377510e-02	4.498065e+02	4.904315e-02	
32.000000	56.000000	152.972072	12.282788	5.637443e-01	2.624982e-02	4.484127e+02	3.816768e-02	
32.000000	60.000000	167.484825	7.543109	6.418769e-01	3.899476e-02	4.447322e+02	4.560900e-02	
36.000000	0.000000	152.385371	8.042447	5.553749e-01	2.667770e-02	4.393447e+02	3.792422e-02	
36.000000	4.000000	-1144.008113	32.547728	6.839103e-01	3.204245e-02	4.476899e+02	4.736788e-02	
36.000000	8.000000	1671.337562	9.673865	5.881594e-01	2.972440e-02	4.476267e+02	4.026225e-02	
36.000000	12.000000	126.358760	6.238414	6.036284e-01	3.442746e-02	4.477500e+02	4.181140e-02	
36.000000	16.000000	1843.901898	98.253510	6.168195e-01	2.812753e-02	4.484034e+02	4.174371e-02	
36.000000	20.000000	120.254510	169.634462	6.581596e-01	4.297468e-02	4.487897e+02	4.839854e-02	
36.000000	24.000000	-1287.327162	4.658641	5.682584e-01	2.809816e-02	4.491200e+02	3.585554e-02	
36.000000	28.000000	1091.367236	21.943254	5.679236e-01	3.004905e-02	4.491743e+02	3.719504e-02	
36.000000	32.000000	1624.426291	33.684876	6.308944e-01	3.357895e-02	4.494302e+02	4.123578e-02	
36.000000	36.000000	1408.796739	32.199159	6.169126e-01	2.917269e-02	4.495611e+02	4.168427e-02	
36.000000	40.000000	123.968965	3.728297	5.715301e-01	2.909328e-02	4.499242e+02	3.779327e-02	
36.000000	44.000000	84.647366	34.251749	5.893586e-01	2.919562e-02	4.504296e+02	4.037253e-02	
36.000000	48.000000	166.602567	6.454092	5.757640e-01	2.761221e-02	4.503152e+02	3.715269e-02	
36.000000	52.000000	171.894524	4.837311	5.497241e-01	3.052664e-02	4.498844e+02	4.536604e-02	
36.000000	56.000000	152.912954	8.102724	5.567865e-01	2.848589e-02	4.487200e+02	3.778224e-02	
36.000000	60.000000	193.250972	13.426633	6.134365e-01	3.192765e-02	4.455094e+02	4.207668e-02	
40.000000	0.000000	2099.790396	869.132558	5.687151e-01	2.558511e-02	4.403967e+02	3.711918e-02	
40.000000	4.000000	-1784.457559	21.056696	5.736639e-01	4.175142e-02	4.470675e+02	4.673492e-02	
40.000000	8.000000	171.005285	864.164623	6.028035e-01	3.089682e-02	4.470259e+02	3.970814e-02	
40.000000	12.000000	-966.752775	8.630302	6.537725e-01	3.530087e-02	4.474767e+02	4.436015e-02	
40.000000	16.000000	86.979311	5.919082	5.709638e-01	2.890179e-02	4.478945e+02	4.021822e-02	
40.000000	20.000000	-753.850340	404.125553	5.869731e-01	2.725366e-02	4.483770e+02	3.946060e-02	
40.000000	24.000000	103.244529	74.852705	6.436739e-01	2.963285e-02	4.486723e+02	4.303055e-02	
40.000000	28.000000	83.935689	46.747323	5.785413e-01	2.655045e-02	4.488287e+02	3.756365e-02	
40.000000	32.000000	83.269976	4.769389	5.631012e-01	2.913338e-02	4.490791e+02	3.659533e-02	
40.000000	36.000000	83.102627	27.379362	6.015176e-01	3.090117e-02	4.494765e+02	4.126295e-02	
40.000000	40.000000	84.671746	20.559002	5.850880e-01	3.095484e-02	4.498314e+02	5.408731e-02	
40.000000	44.000000	128.642558	5.985229	5.361662e-01	2.734265e-02	4.498704e+02	3.742425e-02	
40.000000	48.000000	130.561546	5.189918	5.310927e-01	2.552616e-02	4.501897e+02	3.418113e-02	
40.000000	52.000000	-187.204639	3.956183	5.644462e-01	3.111241e-02	4.499278e+02	4.252349e-02	
40.000000	56.000000	1762.652917	972.364163	6.190241e-01	3.374754e-02	4.486328e+02	4.275456e-02	
40.000000	60.000000	-1414.988558	10.544451	6.190071e-01	2.973591e-02	4.458312e+02	4.854615e-02	
44.000000	0.000000	166.714159	6.139057	5.737589e-01	2.644851e-02	4.413305e+02	3.849643e-02	
44.000000	4.000000	140.146518	10.001092	6.534048e-01	2.701879e-02	4.466359e+02	4.867790e-02	
44.000000	8.000000	105.342979	47.989244	7.025425e-01	3.126301e-02	4.464881e+02	5.257574e-02	
44.000000	12.000000	-1622.807976	12.401601	6.320978e-01	2.929875e-02	4.466933e+02	4.261140e-02	
44.000000	16.000000	132.214678	5.830020	6.284796e-01	2.731535e-02	4.476189e+02	4.323035e-02	
44.000000	20.000000	1443.097367	23.343848	5.887346e-01	2.841442e-02	4.478119e+02	4.964501e-02	
44.000000	24.000000	89.080450	40.756694	5.763904e-01	3.221958e-02	4.479983e+02	4.040342e-02	
44.000000	28.000000	157.776941	5.558121	5.816856e-01	2.626632e-02	4.483141e+02	3.911958e-02	
44.000000	32.000000	128.932416	216.604748	6.457548e-01	2.963493e-02	4.485464e+02	4.436557e-02	
44.000000	36.000000	128.226329	7.775022	5.115408e-01	3.437696e-02	4.490276e+02	3.462225e-02	
44.000000	40.000000	125.229075	43.824688	6.135034e-01	3.273300e-02	4.493865e+02	4.225089e-02	
44.000000	44.000000	1874.208728	44.016416	6.029921e-01	2.764589e-02	4.498080e+02	4.152530e-02	
44.000000	48.000000	108.994514	979.240994	5.825915e-01	3.115836e-02	4.501505e+02	3.834489e-02	
44.000000	52.000000	176.473239	5.007776	5.731094e-01	2.803550e-02	4.498055e+02	3.778321e-02	
44.000000	56.000000	159.004531	19.427621	5.836645e-01	2.909570e-02	4.486929e+02	3.888858e-02	
44.000000	60.000000	220.242136	8.256630	6.020462e-01	2.849433e-02	4.464849e+02	3.943938e-02	
48.000000	0.000000	177.235845	8.574759	5.709817e-01	2.577086e-02	4.422035e+02	4.049979e-02	
48.000000	4.000000	100.359449	7.034869	6.319495e-01	3.271926e-02	4.454584e+02	4.304298e-02	
48.000000	8.000000	-62.222190	13.408234	6.045215e-01	3.076273e-02	4.454812e+02	4.139720e-02	
48.000000	12.000000	95.721534	268.830594	5.903607e-01	2.919020e-02	4.461634e+02	3.871205e-02	
48.000000	16.000000	97.219356	9.365678	6.164779e-01	2.587255e-02	4.466912e+02	4.368080e-02	
48.000000	20.000000	668.335037	482.865900	6.459665e-01	3.196236e-02	4.470846e+02	4.258459e-02	
48.000000	24.000000	94.911238	247.431870	6.678286e-01	2.565903e-02	4.474813e+02	4.428538e-02	
48.000000	28.000000	89.487529	6.489298	6.573106e-01	3.146202e-02	4.478189e+02	5.056870e-02	
48.000000	32.000000	148.077778	106.333184	5.822079e-01	3.118494e-02	4.480433e+02	3.857202e-02	
48.000000	36.000000	130.178799	7.793905	6.433110e-01	3.197210e-02	4.484894e+02	4.394613e-02	
48.000000	40.000000	134.114207	206.465411	5.243603e-01	2.979375e-02	4.490254e+02	3.366160e-02	
48.000000	44.000000	95.067950	60.976383	6.361574e-01	3.657854e-02	4.493458e+02	4.447698e-02	
48.000000	48.000000	93.890437	4.988887	6.142097e-01	2.853665e-02	4.495820e+02	4.098865e-02	
48.000000	52.000000	148.081093	5.774056	5.770025e-01	2.772949e-02	4.494570e+02	3.881000e-02	
48.000000	56.000000	2258.452174	0.025721	6.316172e-01	3.441687e-02	4.488604e+02	4.251302e-02	
48.000000	60.000000	178.004277	15.056111	5.717004e-01	2.783001e-02	4.468312e+02	3.779866e-02	
52.000000	0.000000	196.490185	30.660306	6.305968e-01	3.179214e-02	4.431623e+02	4.157764e-02	
52.000000	4.000000	202.971062	43.311651	5.935562e-01	3.030472e-02	4.446221e+02	4.067145e-02	
52.000000	8.000000	-188.868843	464.646333	6.063789e-01	2.971027e-02	4.446065e+02	3.943872e-02	
52.000000	12.000000	150.004170	34.418038	6.892486e-01	3.486534e-02	4.453801e+02	4.704285e-02	
52.000000	16.000000	175.763240	36.423204	6.016685e-01	3.022714e-02	4.458646e+02	4.738921e-02	
52.000000	20.000000	106.794901	924.779587	6.257805e-01	2.764958e-02	4.466014e+02	4.202292e-02	
52.000000	24.000000	142.192078	47.608164	5.925013e-01	3.007990e-02	4.468807e+02	3.876298e-02	
52.000000	28.000000	1802.694406	6.322092	6.107248e-01	2.786037e-02	4.471690e+02	3.988686e-02	
52.000000	32.000000	1188.660689	63.613350	6.432608e-01	3.639880e-02	4.475623e+02	4.458391e-02	
52.000000	36.000000	95.035828	41.991292	5.990204e-01	3.211144e-02	4.479608e+02	4.325679e-02	
52.000000	40.000000	94.707688	37.956202	6.180573e-01	3.400817e-02	4.483435e+02	4.274078e-02	
52.000000	44.000000	1662.104013	4.324381	5.687963e-01	3.150802e-02	4.488684e+02	3.741591e-02	
52.000000	48.000000	107.930399	151.704796	6.304100e-01	2.927817e-02	4.491808e+02	4.339051e-02	
52.000000	52.000000	150.840677	150.349850	5.546479e-01	2.888855e-02	4.491614e+02	3.494145e-02	
52.000000	56.000000	109.629362	62.633843	6.175036e-01	2.886314e-02	4.488518e+02	3.974952e-02	
52.000000	60.000000	2118.262810	1017.537360	6.394118e-01	3.034840e-02	4.471498e+02	4.363360e-02	
56.000000	0.000000	212.588120	18.329288	5.750876e-01	3.121975e-02	4.441418e+02	3.782274e-02	
56.000000	4.000000	111.834464	138.242923	5.823381e-01	2.895567e-02	4.431270e+02	3.821179e-02	
56.000000	8.000000	115.956515	624.953728	6.438279e-01	2.685583e-02	4.433604e+02	4.657088e-02	
56.000000	12.000000	112.296595	42.303798	6.417609e-01	2.676651e-02	4.436826e+02	4.972976e-02	
56.000000	16.000000	-1528.090358	286.249056	6.062773e-01	2.876511e-02	4.447223e+02	4.031440e-02	
56.000000	20.000000	195.934634	10.964250	5.987086e-01	2.973075e-02	4.453258e+02	3.994343e-02	
56.000000	24.000000	1685.255628	911.906781	5.305941e-01	4.886393e-02	4.459488e+02	6.345083e-02	
56.000000	28.000000	186.723248	193.229863	5.532845e-01	2.820438e-02	4.461326e+02	3.614025e-02	
56.000000	32.000000	-1752.377364	9.432990	5.686072e-01	2.886998e-02	4.463081e+02	3.873102e-02	
56.000000	36.000000	2152.797000	82.519294	4.904518e-01	3.901503e-02	4.470017e+02	3.680791e-02	
56.000000	40.000000	107.225166	3.349693	5.916344e-01	2.636739e-02	4.473248e+02	3.993217e-02	
56.000000	44.000000	213.486132	4.900504	5.816288e-01	3.310644e-02	4.479953e+02	4.201618e-02	
56.000000	48.000000	188.218872	317.092774	6.503660e-01	3.100387e-02	4.484897e+02	4.457284e-02	
56.000000	52.000000	1887.152291	5.830322	5.986322e-01	3.311832e-02	4.487258e+02	4.122760e-02	
56.000000	56.000000	-528.208664	6.360276	6.020502e-01	2.874787e-02	4.484375e+02	4.058913e-02	
56.000000	60.000000	-473.166297	8.907005	5.626810e-01	2.741076e-02	4.473682e+02	3.794444e-02	
60.000000	0.000000	215.040701	22.272942	6.193684e-01	2.933707e-02	4.447992e+02	4.121979e-02	
60.000000	4.000000	168.367198	687.718785	6.034865e-01	2.738590e-02	4.413747e+02	4.069989e-02	
60.000000	8.000000	143.364468	164.556746	5.814112e-01	2.794544e-02	4.415000e+02	3.983870e-02	
60.000000	12.000000	144.354910	244.660252	6.636310e-01	3.655436e-02	4.420783e+02	4.603005e-02	
60.000000	16.000000	-1918.994029	789.675570	6.429262e-01	3.400818e-02	4.431368e+02	4.297027e-02	
60.000000	20.000000	-2361.318951	789.651642	6.547641e-01	3.162571e-02	4.439755e+02	4.232297e-02	
60.000000	24.000000	116.385524	201.589266	5.794618e-01	3.012653e-02	4.443574e+02	3.884608e-02	
60.000000	28.000000	1333.001361	708.457281	6.259853e-01	3.166492e-02	4.448482e+02	4.131684e-02	
60.000000	32.000000	115.639903	273.451334	6.139024e-01	3.356668e-02	4.452842e+02	4.112932e-02	
60.000000	36.000000	-273.610789	1.678679	6.003732e-01	2.558094e-02	4.457217e+02	4.215193e-02	
60.000000	40.000000	229.356250	83.980948	5.629736e-01	2.805047e-02	4.463115e+02	3.761895e-02	
60.000000	44.000000	116.064485	852.246195	6.492269e-01	3.207698e-02	4.468722e+02	4.745558e-02	
60.000000	48.000000	1572.059624	860.319417	7.002011e-01	3.552023e-02	4.471572e+02	4.673919e-02	
60.000000	52.000000	171.828508	66.527020	5.742598e-01	2.820455e-02	4.476313e+02	3.925066e-02	
60.000000	56.000000	129.121207	60.358391	6.616728e-01	3.519671e-02	4.475322e+02	4.497853e-02	
60.000000	60.000000	6.387271	22.203865	5.767567e-01	2.750046e-02	4.465997e+02	3.870700e-02	
0.000000	0.000000	1090.570457	181.228830	6.428883e-01	3.102504e-02	4.449754e+02	4.116618e-02	
