0.000000	4.000000	128.294843	6.723057	6.535001e-01	3.252020e-02	4.564765e+02	4.362334e-02	
0.000000	8.000000	128.307914	4.851257	6.108026e-01	3.046290e-02	4.559594e+02	4.000989e-02	
0.000000	12.000000	126.634564	627.539376	6.355455e-01	2.813661e-02	4.557524e+02	4.476797e-02	
0.000000	16.000000	123.398769	854.224917	6.460482e-01	2.739425e-02	4.556533e+02	4.766075e-02	
0.000000	20.000000	122.051899	5.125205	6.779942e-01	3.538369e-02	4.563006e+02	4.485490e-02	
0.000000	24.000000	122.045868	3.999842	6.392550e-01	3.294431e-02	4.567531e+02	4.215187e-02	
0.000000	28.000000	118.456757	32.525504	5.966399e-01	3.391830e-02	4.570907e+02	4.090396e-02	
0.000000	32.000000	116.463154	4.410998	5.696119e-01	2.864549e-02	4.573858e+02	3.853222e-02	
0.000000	36.000000	116.651711	3.614528	6.221092e-01	3.275545e-02	4.576643e+02	4.153133e-02	
0.000000	40.000000	122.055676	1.480659	5.516045e-01	3.501775e-02	4.581033e+02	5.277078e-02	
0.000000	44.000000	128.245153	1.203852	6.223006e-01	3.259171e-02	4.580593e+02	4.166058e-02	
0.000000	48.000000	140.768821	2.300119	6.234074e-01	3.105968e-02	4.561297e+02	4.106844e-02	
0.000000	52.000000	153.356074	4.993445	7.023562e-01	3.474961e-02	4.511357e+02	4.877333e-02	
0.000000	56.000000	140.796099	10.003913	6.686002e-01	3.470850e-02	4.433728e+02	4.507675e-02	
0.000000	60.000000	134.560294	7.488553	6.112502e-01	3.054748e-02	4.399571e+02	4.010600e-02	
4.000000	0.000000	129.159292	9.180352	6.730854e-01	3.168719e-02	4.406438e+02	4.440344e-02	
4.000000	4.000000	128.302947	10.531974	6.096561e-01	3.181485e-02	4.571447e+02	4.021935e-02	
4.000000	8.000000	128.305490	9.671336	6.342797e-01	3.711253e-02	4.562610e+02	4.307111e-02	
4.000000	12.000000	128.308192	8.220533	5.980290e-01	2.900796e-02	4.558834e+02	4.067603e-02	
4.000000	16.000000	128.294453	5.247301	6.703267e-01	3.528665e-02	4.558611e+02	4.445265e-02	
4.000000	20.000000	123.298218	126.645609	6.210085e-01	4.009571e-02	4.560950e+02	4.711475e-02	
4.000000	24.000000	122.048695	12.290767	6.505306e-01	3.159461e-02	4.567754e+02	4.331436e-02	
4.000000	28.000000	121.506814	3.355610	6.998804e-01	3.560161e-02	4.569165e+02	4.944626e-02	
4.000000	32.000000	120.819974	4.759440	6.173639e-01	3.157994e-02	4.572054e+02	4.076419e-02	
4.000000	36.000000	121.295998	3.102958	6.219424e-01	3.414872e-02	4.575580e+02	4.160041e-02	
4.000000	40.000000	122.050541	3.948836	5.880012e-01	3.196330e-02	4.577073e+02	3.935070e-02	
4.000000	44.000000	128.299725	2.360526	6.270258e-01	3.043908e-02	4.576539e+02	4.190898e-02	
4.000000	48.000000	140.800026	3.131975	6.622299e-01	2.975627e-02	4.566127e+02	4.385177e-02	
4.000000	52.000000	153.950495	7.917625	6.628510e-01	2.876777e-02	4.515407e+02	4.496482e-02	
4.000000	56.000000	144.924868	9.693090	6.686645e-01	3.512232e-02	4.440033e+02	4.671005e-02	
4.000000	60.000000	134.552078	7.289120	5.757625e-01	2.956363e-02	4.399496e+02	3.748274e-02	
8.000000	0.000000	134.554265	6.687698	6.258240e-01	3.227910e-02	4.409481e+02	4.455977e-02	
8.000000	4.000000	128.300017	6.552363	6.048830e-01	3.065294e-02	4.567576e+02	4.005447e-02	
8.000000	8.000000	128.307364	7.046497	6.367012e-01	3.887433e-02	4.559103e+02	4.689236e-02	
8.000000	12.000000	128.301792	5.796273	5.972783e-01	2.680461e-02	4.556638e+02	4.010949e-02	
8.000000	16.000000	128.297676	9.956172	6.576022e-01	3.360083e-02	4.557745e+02	4.366550e-02	
8.000000	20.000000	127.626085	86.608654	6.483551e-01	3.347121e-02	4.559599e+02	4.362531e-02	
8.000000	24.000000	122.055117	5.274934	6.063260e-01	3.187015e-02	4.566071e+02	4.047309e-02	
8.000000	28.000000	122.043597	14.015632	6.243214e-01	3.212463e-02	4.570501e+02	4.148695e-02	
8.000000	32.000000	122.050824	3.162738	6.265708e-01	2.815802e-02	4.572605e+02	4.268876e-02	
8.000000	36.000000	122.060647	4.063510	6.261931e-01	3.426087e-02	4.574048e+02	4.327896e-02	
8.000000	40.000000	121.991388	1.999601	6.562750e-01	3.169854e-02	4.577704e+02	4.384222e-02	
8.000000	44.000000	128.302957	43.118621	6.616602e-01	4.276062e-02	4.577616e+02	4.834168e-02	
8.000000	48.000000	140.768788	3.482494	6.972182e-01	3.466598e-02	4.567586e+02	4.607483e-02	
8.000000	52.000000	159.535185	7.707567	6.850781e-01	2.814573e-02	4.525781e+02	4.537825e-02	
8.000000	56.000000	147.061528	8.435940	6.770441e-01	3.470328e-02	4.450752e+02	4.516295e-02	
8.000000	60.000000	138.795404	1023.145519	6.578313e-01	3.894472e-02	4.394123e+02	4.607945e-02	
12.000000	0.000000	134.550595	6.664924	5.934577e-01	3.150253e-02	4.409648e+02	4.184432e-02	
12.000000	4.000000	132.840029	6.790507	5.898320e-01	2.959315e-02	4.569150e+02	3.861590e-02	
12.000000	8.000000	132.324702	8.783724	6.176126e-01	3.011949e-02	4.561526e+02	4.071448e-02	
12.000000	12.000000	129.197577	10.864677	6.892636e-01	3.477616e-02	4.558611e+02	4.585638e-02	
12.000000	16.000000	128.630650	6.442826	6.058052e-01	2.926857e-02	4.558463e+02	4.561907e-02	
12.000000	20.000000	128.292037	11.479376	6.093269e-01	3.392551e-02	4.559833e+02	4.348839e-02	
12.000000	24.000000	127.094683	685.950745	6.575873e-01	3.318368e-02	4.566647e+02	4.413648e-02	
12.000000	28.000000	122.057910	4.854716	6.038600e-01	3.037890e-02	4.570257e+02	3.954533e-02	
12.000000	32.000000	122.056400	20.567255	6.473372e-01	3.733702e-02	4.573222e+02	4.342463e-02	
12.000000	36.000000	122.066840	4.382057	5.967176e-01	3.204043e-02	4.576723e+02	4.067895e-02	
12.000000	40.000000	123.214097	46.695775	6.329070e-01	2.873381e-02	4.577141e+02	4.301589e-02	
12.000000	44.000000	128.245142	2.847467	5.950703e-01	2.571351e-02	4.577589e+02	4.345841e-02	
12.000000	48.000000	140.837222	4.046649	7.078040e-01	3.873622e-02	4.569787e+02	5.117354e-02	
12.000000	52.000000	159.553086	10.452320	7.557521e-01	4.458867e-02	4.533185e+02	5.172372e-02	
12.000000	56.000000	151.669675	884.147442	6.467525e-01	3.197114e-02	4.453051e+02	4.270466e-02	
12.000000	60.000000	140.794412	8.198256	6.655266e-01	3.537771e-02	4.392658e+02	4.448850e-02	
16.000000	0.000000	135.932448	760.726201	6.223692e-01	3.564938e-02	4.411604e+02	4.250500e-02	
16.000000	4.000000	134.542047	7.374369	6.095919e-01	3.086466e-02	4.569306e+02	4.278398e-02	
16.000000	8.000000	134.549606	6.359120	6.421922e-01	3.440611e-02	4.561648e+02	4.269671e-02	
16.000000	12.000000	134.549938	5.141668	6.713129e-01	3.440112e-02	4.559754e+02	4.517674e-02	
16.000000	16.000000	133.860313	5.836273	6.663339e-01	3.423371e-02	4.557562e+02	4.434731e-02	
16.000000	20.000000	128.300984	7.852398	6.424189e-01	3.599452e-02	4.554399e+02	4.330956e-02	
16.000000	24.000000	128.313379	7.693125	6.595425e-01	3.283594e-02	4.562607e+02	4.359965e-02	
16.000000	28.000000	125.701298	1087.178895	6.435893e-01	3.803621e-02	4.566787e+02	4.525999e-02	
16.000000	32.000000	122.384516	4.964262	6.085505e-01	3.040062e-02	4.571563e+02	3.995399e-02	
16.000000	36.000000	123.557634	73.712898	5.929760e-01	2.784638e-02	4.574048e+02	3.991263e-02	
16.000000	40.000000	128.307903	3.241674	7.315885e-01	3.966288e-02	4.573644e+02	5.019904e-02	
16.000000	44.000000	132.960310	4.705564	6.424419e-01	3.394967e-02	4.575659e+02	4.391819e-02	
16.000000	48.000000	140.801541	3.204789	6.417249e-01	3.107181e-02	4.568447e+02	4.880260e-02	
16.000000	52.000000	164.141334	6.544868	6.246693e-01	3.186771e-02	4.534009e+02	4.186022e-02	
16.000000	56.000000	154.626350	8.776453	6.097145e-01	2.639807e-02	4.466565e+02	4.143648e-02	
16.000000	60.000000	143.617281	8.671758	5.760068e-01	2.952518e-02	4.398477e+02	3.764099e-02	
20.000000	0.000000	140.805399	9.152595	6.677148e-01	3.101110e-02	4.407235e+02	4.585926e-02	
20.000000	4.000000	134.555725	7.342537	6.098264e-01	2.808216e-02	4.567517e+02	4.086074e-02	
20.000000	8.000000	134.555449	8.654135	6.536487e-01	3.362112e-02	4.557227e+02	4.360520e-02	
20.000000	12.000000	134.588368	9.040936	6.586219e-01	3.080390e-02	4.555242e+02	4.463307e-02	
20.000000	16.000000	134.555691	8.253144	6.562705e-01	3.072425e-02	4.554612e+02	4.351250e-02	
20.000000	20.000000	133.603306	6.306710	6.574840e-01	3.205991e-02	4.554892e+02	4.412057e-02	
20.000000	24.000000	128.307889	6.778507	6.264694e-01	2.829565e-02	4.562636e+02	4.266569e-02	
20.000000	28.000000	128.311733	4.825197	5.752701e-01	3.059135e-02	4.559827e+02	3.790662e-02	
20.000000	32.000000	127.550369	98.250330	6.317133e-01	2.985256e-02	4.569032e+02	4.184909e-02	
20.000000	36.000000	127.237335	5.333662	5.440460e-01	3.036651e-02	4.569944e+02	3.560660e-02	
20.000000	40.000000	128.306193	6.087195	6.377341e-01	3.172197e-02	4.572941e+02	4.244031e-02	
20.000000	44.000000	134.551934	2.588921	6.901337e-01	3.502394e-02	4.570587e+02	4.582538e-02	
20.000000	48.000000	141.616224	5.190803	6.401387e-01	2.865842e-02	4.562838e+02	4.405794e-02	
20.000000	52.000000	165.837222	7.340769	6.827215e-01	3.340942e-02	4.537296e+02	4.560502e-02	
20.000000	56.000000	159.551241	7.589523	6.199139e-01	2.896372e-02	4.474546e+02	4.125130e-02	
20.000000	60.000000	147.054444	9.495991	6.237102e-01	3.132949e-02	4.392745e+02	4.146405e-02	
24.000000	0.000000	142.075987	8.979481	5.967723e-01	2.594966e-02	4.406899e+02	4.057911e-02	
24.000000	4.000000	139.742373	8.121408	6.402689e-01	3.224557e-02	4.563070e+02	4.274131e-02	
24.000000	8.000000	139.048982	699.111873	6.881538e-01	3.743852e-02	4.556330e+02	4.649870e-02	
24.000000	12.000000	138.119414	1100.743012	6.419699e-01	3.733233e-02	4.555023e+02	4.287662e-02	
24.000000	16.000000	135.061259	7.439178	8.454468e-01	5.204439e-02	4.553219e+02	6.069688e-02	
24.000000	20.000000	134.554845	9.542928	6.828047e-01	4.455027e-02	4.556908e+02	4.957622e-02	
24.000000	24.000000	132.814630	9.429049	6.388281e-01	3.312085e-02	4.560551e+02	4.279936e-02	
24.000000	28.000000	128.295144	5.753305	6.566907e-01	3.055959e-02	4.565335e+02	4.458711e-02	
24.000000	32.000000	128.304209	6.563634	6.093637e-01	2.568354e-02	4.562901e+02	4.326103e-02	
24.000000	36.000000	128.328295	11.993913	5.768579e-01	3.234585e-02	4.569980e+02	4.050345e-02	
24.000000	40.000000	128.337209	4.515709	6.192650e-01	2.785039e-02	4.572382e+02	4.229913e-02	
24.000000	44.000000	134.544399	11.233561	6.490272e-01	3.851145e-02	4.570254e+02	4.963377e-02	
24.000000	48.000000	146.034946	3.690711	6.727079e-01	3.042398e-02	4.567206e+02	4.553408e-02	
24.000000	52.000000	165.801684	8.234917	6.898824e-01	3.143719e-02	4.536236e+02	4.789907e-02	
24.000000	56.000000	165.805505	9.447094	5.999588e-01	2.587179e-02	4.482435e+02	4.459492e-02	
24.000000	60.000000	152.425449	7.750831	6.186361e-01	3.090637e-02	4.401637e+02	4.075904e-02	
28.000000	0.000000	147.055998	8.178856	6.860722e-01	3.121707e-02	4.405084e+02	4.927426e-02	
28.000000	4.000000	140.805446	9.277664	5.888233e-01	3.078866e-02	4.562716e+02	3.908531e-02	
28.000000	8.000000	140.803077	11.658531	6.384110e-01	3.511188e-02	4.554005e+02	4.392114e-02	
28.000000	12.000000	140.796054	9.837730	6.778895e-01	3.562759e-02	4.547248e+02	4.538715e-02	
28.000000	16.000000	140.805730	5.962507	6.701928e-01	3.383353e-02	4.549304e+02	4.638266e-02	
28.000000	20.000000	135.820980	852.227793	6.826565e-01	3.345198e-02	4.553478e+02	4.653906e-02	
28.000000	24.000000	134.554857	9.393968	6.302213e-01	3.035041e-02	4.557686e+02	4.186245e-02	
28.000000	28.000000	133.298770	5.776340	6.556581e-01	3.149077e-02	4.562907e+02	4.412165e-02	
28.000000	32.000000	128.810866	7.220094	7.270744e-01	3.235771e-02	4.564610e+02	5.773725e-02	
28.000000	36.000000	128.615810	5.890936	6.300896e-01	3.094258e-02	4.568206e+02	4.155698e-02	
28.000000	40.000000	132.930110	6.179484	6.589117e-01	3.273843e-02	4.570109e+02	4.348359e-02	
28.000000	44.000000	134.555700	4.489553	5.805226e-01	3.031969e-02	4.572151e+02	3.830073e-02	
28.000000	48.000000	147.036215	3.923890	6.270482e-01	2.966266e-02	4.566878e+02	4.164771e-02	
28.000000	52.000000	166.610874	7.808945	6.400441e-01	2.914334e-02	4.543043e+02	4.354994e-02	
28.000000	56.000000	172.052212	12.987183	6.513220e-01	3.326558e-02	4.489061e+02	4.317535e-02	
28.000000	60.000000	155.686876	10.199472	7.093619e-01	3.691375e-02	4.410316e+02	4.786920e-02	
32.000000	0.000000	149.755232	1137.750670	5.584333e-01	3.073881e-02	4.400861e+02	3.628194e-02	
32.000000	4.000000	145.299788	6.804505	6.504460e-01	3.487746e-02	4.560044e+02	4.611257e-02	
32.000000	8.000000	145.275280	11.354640	6.236917e-01	2.666326e-02	4.553288e+02	4.382409e-02	
32.000000	12.000000	142.660633	15.738028	7.123925e-01	3.679136e-02	4.550938e+02	4.764089e-02	
32.000000	16.000000	141.129935	9.571575	6.397827e-01	3.288829e-02	4.550505e+02	4.270102e-02	
32.000000	20.000000	140.806387	9.694687	6.435291e-01	3.444372e-02	4.550131e+02	4.518123e-02	
32.000000	24.000000	135.847319	400.454707	6.524415e-01	2.988533e-02	4.556448e+02	4.347007e-02	
32.000000	28.000000	134.555829	7.312313	6.149457e-01	3.359944e-02	4.561459e+02	4.126547e-02	
32.000000	32.000000	134.544201	5.337553	6.332981e-01	3.067164e-02	4.564768e+02	4.217870e-02	
32.000000	36.000000	134.548685	4.184220	6.295024e-01	3.028012e-02	4.568335e+02	4.176888e-02	
32.000000	40.000000	134.558168	4.394629	6.334109e-01	2.781457e-02	4.566008e+02	4.353980e-02	
32.000000	44.000000	139.668506	79.505685	6.381558e-01	3.239353e-02	4.569276e+02	4.578641e-02	
32.000000	48.000000	147.041971	11.785575	7.014684e-01	3.508579e-02	4.566127e+02	4.843287e-02	
32.000000	52.000000	169.868150	11.077629	6.836622e-01	3.230961e-02	4.547091e+02	4.518917e-02	
32.000000	56.000000	178.310128	11.169279	6.608206e-01	3.143267e-02	4.497837e+02	4.464702e-02	
32.000000	60.000000	160.891158	655.714998	6.592339e-01	3.291932e-02	4.419781e+02	4.362526e-02	
36.000000	0.000000	153.302002	7.585310	6.701222e-01	3.316893e-02	4.400705e+02	4.483920e-02	
36.000000	4.000000	147.050220	9.202024	5.672233e-01	2.654723e-02	4.558212e+02	4.164486e-02	
36.000000	8.000000	147.051963	8.264642	6.545685e-01	3.221806e-02	4.549255e+02	4.372194e-02	
36.000000	12.000000	147.045194	9.066086	6.432295e-01	3.582522e-02	4.546105e+02	4.274591e-02	
36.000000	16.000000	147.076295	7.660867	6.438100e-01	2.625375e-02	4.546291e+02	4.480999e-02	
36.000000	20.000000	142.959933	14.390130	6.378204e-01	2.997071e-02	4.547960e+02	4.342746e-02	
36.000000	24.000000	140.795144	8.961776	6.179265e-01	2.835530e-02	4.552667e+02	4.149161e-02	
36.000000	28.000000	136.075401	962.584247	5.876461e-01	3.116861e-02	4.560290e+02	4.073909e-02	
36.000000	32.000000	134.548046	7.527988	6.731133e-01	3.785072e-02	4.561587e+02	4.595426e-02	
36.000000	36.000000	134.550022	9.035131	6.206266e-01	3.235988e-02	4.565594e+02	4.213143e-02	
36.000000	40.000000	135.090083	6.238627	6.556813e-01	3.269482e-02	4.567453e+02	4.373842e-02	
36.000000	44.000000	140.808857	14.028722	6.428852e-01	3.324193e-02	4.569728e+02	4.311873e-02	
36.000000	48.000000	149.436881	1096.740284	6.674420e-01	2.773706e-02	4.566043e+02	5.010907e-02	
36.000000	52.000000	171.170959	6.120835	7.580917e-01	4.138388e-02	4.549797e+02	5.308915e-02	
36.000000	56.000000	184.545612	12.110156	7.297134e-01	3.627454e-02	4.504426e+02	4.895886e-02	
36.000000	60.000000	168.584652	10.330333	6.763903e-01	3.405681e-02	4.429557e+02	4.521384e-02	
40.000000	0.000000	159.553622	11.382370	6.999297e-01	2.952751e-02	4.395864e+02	4.641920e-02	
40.000000	4.000000	153.300014	10.211101	6.217384e-01	3.604097e-02	4.551244e+02	4.319855e-02	
40.000000	8.000000	152.476415	9.208379	6.962063e-01	3.348042e-02	4.541948e+02	4.631902e-02	
40.000000	12.000000	152.211873	120.340182	5.882803e-01	2.826504e-02	4.538606e+02	4.182854e-02	
40.000000	16.000000	149.884182	1091.596558	6.797210e-01	3.411482e-02	4.539758e+02	4.551152e-02	
40.000000	20.000000	147.044272	9.997773	6.851519e-01	3.088348e-02	4.543923e+02	4.638620e-02	
40.000000	24.000000	144.284464	13.950156	7.101773e-01	2.856764e-02	4.546075e+02	4.706256e-02	
40.000000	28.000000	140.800312	13.490782	6.869783e-01	3.936743e-02	4.554690e+02	4.693120e-02	
40.000000	32.000000	140.805443	4.959181	6.893711e-01	3.360042e-02	4.558064e+02	4.566611e-02	
40.000000	36.000000	139.920266	103.077386	6.429729e-01	3.318164e-02	4.555756e+02	4.334759e-02	
40.000000	40.000000	140.800038	6.196348	7.070585e-01	3.308778e-02	4.557374e+02	4.917024e-02	
40.000000	44.000000	144.251437	14.936012	6.572337e-01	4.102039e-02	4.567284e+02	4.705284e-02	
40.000000	48.000000	153.301999	5.748050	6.974563e-01	4.930897e-02	4.562171e+02	5.352781e-02	
40.000000	52.000000	172.049233	8.856325	6.351541e-01	3.489504e-02	4.549926e+02	4.547807e-02	
40.000000	56.000000	190.805362	10.368459	6.255184e-01	3.152101e-02	4.510854e+02	4.112420e-02	
40.000000	60.000000	176.667834	9.773523	6.766857e-01	3.734163e-02	4.435131e+02	4.519978e-02	
44.000000	0.000000	165.805373	10.320574	6.731982e-01	3.497395e-02	4.391683e+02	4.454463e-02	
44.000000	4.000000	157.904415	13.638824	7.088473e-01	3.250455e-02	4.547212e+02	4.686015e-02	
44.000000	8.000000	157.958840	16.047119	6.572767e-01	3.223934e-02	4.539070e+02	4.502398e-02	
44.000000	12.000000	154.705267	21.803460	7.236937e-01	3.748202e-02	4.529844e+02	4.895145e-02	
44.000000	16.000000	154.596009	9.789753	7.013602e-01	3.586491e-02	4.535151e+02	4.905964e-02	
44.000000	20.000000	153.304548	8.926647	6.146131e-01	3.230792e-02	4.535225e+02	4.103558e-02	
44.000000	24.000000	147.766928	8.847148	6.698854e-01	3.121117e-02	4.544854e+02	4.500206e-02	
44.000000	28.000000	147.055127	6.179189	6.476311e-01	3.544433e-02	4.551362e+02	4.382389e-02	
44.000000	32.000000	142.050248	12.252107	6.707316e-01	3.820160e-02	4.555463e+02	4.552391e-02	
44.000000	36.000000	141.326896	9.245673	6.285951e-01	2.990204e-02	4.556714e+02	4.205907e-02	
44.000000	40.000000	142.596087	12.278063	6.748499e-01	3.306725e-02	4.561166e+02	4.700659e-02	
44.000000	44.000000	147.052062	13.504212	6.273606e-01	2.869379e-02	4.564230e+02	4.263459e-02	
44.000000	48.000000	154.637165	9.370222	6.463431e-01	2.765721e-02	4.562528e+02	4.637117e-02	
44.000000	52.000000	175.132719	1110.099619	6.893544e-01	3.476968e-02	4.551170e+02	4.596862e-02	
44.000000	56.000000	200.658203	1089.624033	6.995575e-01	3.247604e-02	4.516791e+02	4.961957e-02	
44.000000	60.000000	186.166428	1004.403524	6.395531e-01	2.802330e-02	4.455430e+02	4.253385e-02	
48.000000	0.000000	172.050752	10.041224	6.699760e-01	3.513209e-02	4.388872e+02	4.481470e-02	
48.000000	4.000000	164.118994	99.704218	6.897875e-01	3.868891e-02	4.536090e+02	4.671406e-02	
48.000000	8.000000	163.941740	18.820678	7.064362e-01	3.574155e-02	4.531265e+02	4.721406e-02	
48.000000	12.000000	164.064324	638.997164	6.144437e-01	2.896190e-02	4.528499e+02	4.197161e-02	
48.000000	16.000000	161.469836	998.268101	6.698820e-01	3.030236e-02	4.527674e+02	4.748178e-02	
48.000000	20.000000	159.547644	10.152727	6.481837e-01	3.095414e-02	4.532722e+02	4.351880e-02	
48.000000	24.000000	154.597521	14.734548	6.497063e-01	3.954931e-02	4.539467e+02	4.891861e-02	
48.000000	28.000000	151.705836	161.298494	6.278823e-01	3.060851e-02	4.540999e+02	4.183871e-02	
48.000000	32.000000	147.537363	10.441136	6.305655e-01	2.521981e-02	4.546871e+02	4.599301e-02	
48.000000	36.000000	147.054857	12.759204	6.530723e-01	3.442121e-02	4.549185e+02	4.930046e-02	
48.000000	40.000000	147.050261	8.382180	6.549374e-01	3.545763e-02	4.557326e+02	4.375061e-02	
48.000000	44.000000	153.300872	6.819147	6.393114e-01	3.352501e-02	4.559638e+02	4.348522e-02	
48.000000	48.000000	159.557610	13.375959	6.028674e-01	3.362108e-02	4.560357e+02	4.555550e-02	
48.000000	52.000000	178.311299	15.547982	6.033449e-01	3.076417e-02	4.550215e+02	3.965256e-02	
48.000000	56.000000	207.960180	12.340327	7.316905e-01	4.140886e-02	4.524283e+02	4.895456e-02	
48.000000	60.000000	201.675393	9.793310	6.284767e-01	2.817458e-02	4.467440e+02	4.318414e-02	
52.000000	0.000000	184.544380	19.545887	6.253146e-01	2.671261e-02	4.387236e+02	4.872786e-02	
52.000000	4.000000	173.523855	882.901235	6.995003e-01	4.450240e-02	4.533474e+02	4.784345e-02	
52.000000	8.000000	173.290031	180.739498	6.812531e-01	3.884318e-02	4.522938e+02	4.585720e-02	
52.000000	12.000000	172.785514	11.896519	6.393697e-01	3.245500e-02	4.520236e+02	4.358615e-02	
52.000000	16.000000	171.164010	18.779356	6.479186e-01	3.862427e-02	4.516676e+02	4.349883e-02	
52.000000	20.000000	167.682680	29.403946	6.669022e-01	3.806907e-02	4.522261e+02	4.492402e-02	
52.000000	24.000000	163.795406	926.886275	6.739809e-01	3.260816e-02	4.528536e+02	4.719317e-02	
52.000000	28.000000	158.552115	13.817733	6.771263e-01	3.579016e-02	4.539277e+02	4.536079e-02	
52.000000	32.000000	156.588616	33.084728	6.636797e-01	3.183025e-02	4.543914e+02	4.513825e-02	
52.000000	36.000000	153.836645	10.799288	6.681109e-01	3.219970e-02	4.548112e+02	4.664388e-02	
52.000000	40.000000	153.723526	15.807837	6.744225e-01	2.500715e-02	4.554506e+02	4.543147e-02	
52.000000	44.000000	159.556282	8.494703	6.894665e-01	3.322948e-02	4.558440e+02	4.674661e-02	
52.000000	48.000000	165.796864	14.045651	6.528094e-01	3.334905e-02	4.559854e+02	4.466984e-02	
52.000000	52.000000	184.551549	8.012576	6.761296e-01	3.403063e-02	4.553488e+02	4.468091e-02	
52.000000	56.000000	213.522404	1048.546142	6.612032e-01	3.357817e-02	4.529875e+02	4.433593e-02	
52.000000	60.000000	217.300106	16.707803	6.186157e-01	3.158517e-02	4.479954e+02	4.134173e-02	
56.000000	0.000000	201.571817	914.991327	6.397451e-01	2.745811e-02	4.404234e+02	4.289715e-02	
56.000000	4.000000	191.617290	33.120250	7.009584e-01	3.516098e-02	4.518478e+02	4.638449e-02	
56.000000	8.000000	189.803090	31.120672	6.765884e-01	3.339943e-02	4.507209e+02	4.557193e-02	
56.000000	12.000000	189.016958	652.216214	6.820304e-01	3.396138e-02	4.500732e+02	4.649266e-02	
56.000000	16.000000	187.023877	1024.341511	6.386509e-01	3.003313e-02	4.507635e+02	4.292938e-02	
56.000000	20.000000	183.054481	26.772297	6.550154e-01	3.350136e-02	4.510835e+02	4.277191e-02	
56.000000	24.000000	176.609193	595.984842	6.485445e-01	2.897900e-02	4.512987e+02	4.488484e-02	
56.000000	28.000000	170.877903	21.963916	6.111274e-01	2.951194e-02	4.528402e+02	4.670321e-02	
56.000000	32.000000	167.719835	42.447650	6.701590e-01	2.932619e-02	4.534723e+02	4.441209e-02	
56.000000	36.000000	166.490415	17.961993	6.234074e-01	3.105983e-02	4.538703e+02	4.106860e-02	
56.000000	40.000000	165.804184	20.551487	6.838633e-01	4.346287e-02	4.544480e+02	4.657142e-02	
56.000000	44.000000	167.286575	23.726713	6.953797e-01	3.379044e-02	4.548360e+02	4.813002e-02	
56.000000	48.000000	173.763726	953.508919	6.813682e-01	4.285558e-02	4.552793e+02	4.703250e-02	
56.000000	52.000000	190.792961	13.606822	7.219181e-01	3.875927e-02	4.549541e+02	4.939440e-02	
56.000000	56.000000	220.909843	11.401961	6.864986e-01	3.642230e-02	4.532505e+02	4.588028e-02	
56.000000	60.000000	246.216510	27.750020	7.790093e-01	3.680562e-02	4.491198e+02	5.146130e-02	
60.000000	0.000000	228.305307	15.786311	7.098087e-01	3.440876e-02	4.427541e+02	4.921867e-02	
60.000000	4.000000	244.656410	103.768928	6.224215e-01	2.896728e-02	4.494308e+02	4.214760e-02	
60.000000	8.000000	243.113809	90.523906	6.329228e-01	2.696746e-02	4.486292e+02	4.409649e-02	
60.000000	12.000000	241.100399	108.242654	6.447124e-01	3.602564e-02	4.481795e+02	4.367766e-02	
60.000000	16.000000	236.498664	838.379891	6.775354e-01	3.370075e-02	4.478417e+02	5.232879e-02	
60.000000	20.000000	230.185115	99.346244	6.588352e-01	3.267326e-02	4.486444e+02	4.347743e-02	
60.000000	24.000000	218.537084	70.908795	6.475674e-01	3.186590e-02	4.500631e+02	4.305833e-02	
60.000000	28.000000	207.803862	39.882557	7.121290e-01	3.258724e-02	4.515906e+02	4.716004e-02	
60.000000	32.000000	201.271212	807.775550	6.358618e-01	3.322721e-02	4.525665e+02	4.285032e-02	
60.000000	36.000000	195.452017	26.099146	6.499139e-01	3.088271e-02	4.523986e+02	4.303813e-02	
60.000000	40.000000	191.995338	31.114414	6.959485e-01	3.245004e-02	4.533733e+02	4.613650e-02	
60.000000	44.000000	192.059401	32.062799	6.834970e-01	3.952763e-02	4.540416e+02	4.972304e-02	
60.000000	48.000000	195.306994	9.881468	5.837083e-01	3.724184e-02	4.540077e+02	4.659181e-02	
60.000000	52.000000	210.240402	18.795837	7.160939e-01	3.947263e-02	4.542347e+02	4.825336e-02	
60.000000	56.000000	237.599839	1007.334246	6.860944e-01	3.650345e-02	4.532093e+02	4.591405e-02	
60.000000	60.000000	288.944781	24.912263	6.243614e-01	3.225087e-02	4.504145e+02	4.197835e-02	
0.000000	0.000000	289.639225	22.251132	6.243139e-01	3.565300e-02	4.453887e+02	4.273346e-02	
