0.000000	4.000000	134.542174	5.705394	5.489644e-01	3.224732e-02	2.981708e+02	3.679926e-02	
0.000000	8.000000	134.551896	4.690303	5.308194e-01	2.382359e-02	2.976685e+02	3.487816e-02	
0.000000	12.000000	134.551916	5.881701	5.339607e-01	2.398845e-02	2.976197e+02	3.682662e-02	
0.000000	16.000000	134.561446	6.021557	5.508032e-01	2.502611e-02	2.974151e+02	3.776972e-02	
0.000000	20.000000	134.554147	28.886485	5.129934e-01	2.141511e-02	2.975595e+02	3.609007e-02	
0.000000	24.000000	134.545138	3.762188	5.114507e-01	3.049294e-02	2.979845e+02	3.211678e-02	
0.000000	28.000000	129.689820	112.570764	5.332306e-01	2.412189e-02	2.986334e+02	3.665028e-02	
0.000000	32.000000	128.301366	2.194266	5.358244e-01	3.290888e-02	2.991399e+02	3.528409e-02	
0.000000	36.000000	128.544017	2.735389	5.072260e-01	2.389416e-02	2.996998e+02	3.505707e-02	
0.000000	40.000000	134.566343	1.604012	5.117297e-01	3.047495e-02	3.001642e+02	3.367672e-02	
0.000000	44.000000	140.768437	1.875126	5.585372e-01	3.070863e-02	3.002184e+02	3.756725e-02	
0.000000	48.000000	151.679020	101.483445	5.260760e-01	2.754203e-02	2.992302e+02	3.466159e-02	
0.000000	52.000000	165.795625	17.410540	5.631012e-01	2.910068e-02	2.959209e+02	3.659534e-02	
0.000000	56.000000	157.899028	6.518290	5.491449e-01	2.720747e-02	2.888562e+02	3.985042e-02	
0.000000	60.000000	140.800035	4.795685	4.820384e-01	2.209578e-02	2.793105e+02	3.435681e-02	
4.000000	0.000000	135.046455	6.680565	5.290185e-01	2.735725e-02	2.798723e+02	3.592466e-02	
4.000000	4.000000	138.901041	7.984380	5.592629e-01	2.645525e-02	2.983362e+02	3.703981e-02	
4.000000	8.000000	138.618148	31.870445	4.741252e-01	1.997183e-02	2.976333e+02	3.464911e-02	
4.000000	12.000000	136.825657	32.847153	5.291681e-01	2.259006e-02	2.975291e+02	3.682772e-02	
4.000000	16.000000	135.384173	6.654616	5.201807e-01	2.441807e-02	2.973124e+02	3.574507e-02	
4.000000	20.000000	134.586585	4.434438	5.264444e-01	2.335367e-02	2.976207e+02	3.645055e-02	
4.000000	24.000000	134.559339	7.266880	5.034452e-01	2.943792e-02	2.979211e+02	3.274383e-02	
4.000000	28.000000	134.551720	3.079204	5.474824e-01	2.426517e-02	2.985048e+02	3.776439e-02	
4.000000	32.000000	131.622364	178.905646	5.134413e-01	2.967614e-02	2.991437e+02	3.286122e-02	
4.000000	36.000000	132.993098	733.215269	5.239696e-01	2.333161e-02	2.996305e+02	3.628696e-02	
4.000000	40.000000	134.554650	1.867784	5.242269e-01	3.220196e-02	2.999946e+02	3.560533e-02	
4.000000	44.000000	140.807495	2.982196	4.529210e-01	3.109743e-02	3.001342e+02	2.900634e-02	
4.000000	48.000000	153.300161	3.511310	5.674802e-01	2.608437e-02	2.992941e+02	3.803567e-02	
4.000000	52.000000	170.045404	1055.082103	4.974468e-01	3.015200e-02	2.961617e+02	3.268608e-02	
4.000000	56.000000	159.550016	8.378223	5.522853e-01	2.492855e-02	2.894479e+02	3.799577e-02	
4.000000	60.000000	147.058430	6.244490	5.099193e-01	2.660886e-02	2.797948e+02	3.351618e-02	
8.000000	0.000000	140.824338	5.132550	5.403747e-01	2.357114e-02	2.795048e+02	3.738838e-02	
8.000000	4.000000	140.804571	5.090939	5.722286e-01	4.272215e-02	2.980137e+02	4.154925e-02	
8.000000	8.000000	140.804192	6.379074	5.352814e-01	2.439964e-02	2.973684e+02	3.647286e-02	
8.000000	12.000000	140.801007	5.767871	5.121815e-01	2.875721e-02	2.971943e+02	3.408751e-02	
8.000000	16.000000	140.805614	4.751280	5.217662e-01	2.811479e-02	2.971085e+02	3.536106e-02	
8.000000	20.000000	139.217480	6.555483	5.122887e-01	2.547310e-02	2.972529e+02	3.429307e-02	
8.000000	24.000000	134.822156	4.818542	5.779410e-01	2.894743e-02	2.976500e+02	3.948774e-02	
8.000000	28.000000	134.555596	2.664192	5.082113e-01	2.475216e-02	2.982775e+02	3.487083e-02	
8.000000	32.000000	134.545595	2.824941	5.698273e-01	3.614502e-02	2.988720e+02	3.917755e-02	
8.000000	36.000000	134.554161	3.129762	5.140379e-01	2.220851e-02	2.993870e+02	3.593788e-02	
8.000000	40.000000	134.550626	2.400749	4.896146e-01	3.115848e-02	2.998869e+02	3.050535e-02	
8.000000	44.000000	140.768468	148.794830	4.916647e-01	3.103292e-02	2.999533e+02	3.133570e-02	
8.000000	48.000000	153.303677	4.752223	5.172497e-01	2.357261e-02	2.993352e+02	3.577334e-02	
8.000000	52.000000	172.055353	9.816221	5.621320e-01	2.577987e-02	2.965047e+02	3.860578e-02	
8.000000	56.000000	165.795398	10.657096	4.725459e-01	2.736699e-02	2.901925e+02	3.133703e-02	
8.000000	60.000000	147.042788	6.949033	5.236222e-01	2.543641e-02	2.802864e+02	3.563824e-02	
12.000000	0.000000	140.799481	5.419645	5.686075e-01	2.887015e-02	2.793081e+02	3.873093e-02	
12.000000	4.000000	140.812706	5.354398	4.993560e-01	3.810990e-02	2.979359e+02	3.169362e-02	
12.000000	8.000000	140.802046	6.015140	5.312694e-01	2.314472e-02	2.974229e+02	3.683628e-02	
12.000000	12.000000	140.808154	5.676144	5.322351e-01	3.433993e-02	2.971180e+02	3.513658e-02	
12.000000	16.000000	140.800567	14.881736	5.038436e-01	3.447081e-02	2.971048e+02	3.235511e-02	
12.000000	20.000000	140.805630	6.943210	4.658771e-01	2.908183e-02	2.971643e+02	3.034906e-02	
12.000000	24.000000	139.288899	5.234750	5.632716e-01	2.504940e-02	2.975088e+02	3.739524e-02	
12.000000	28.000000	134.550703	4.295515	4.948893e-01	2.884975e-02	2.981340e+02	3.163198e-02	
12.000000	32.000000	134.551657	24.567399	6.099190e-01	3.551896e-02	2.987604e+02	4.251536e-02	
12.000000	36.000000	134.551801	27.826406	5.038735e-01	2.907715e-02	2.991811e+02	3.331874e-02	
12.000000	40.000000	135.930161	3.790688	5.358191e-01	2.511903e-02	2.996664e+02	3.670282e-02	
12.000000	44.000000	140.820036	2.600098	5.174462e-01	2.613103e-02	2.998319e+02	3.287223e-02	
12.000000	48.000000	153.308578	39.822194	4.996962e-01	2.672870e-02	2.992218e+02	3.378092e-02	
12.000000	52.000000	172.054277	7.182968	5.073195e-01	2.967780e-02	2.968267e+02	3.342101e-02	
12.000000	56.000000	169.296660	1152.711970	5.562422e-01	2.819900e-02	2.908941e+02	3.695510e-02	
12.000000	60.000000	153.295151	9.259606	5.340298e-01	3.058497e-02	2.810126e+02	3.444521e-02	
16.000000	0.000000	145.294614	956.197621	5.391648e-01	2.865436e-02	2.790992e+02	3.474873e-02	
16.000000	4.000000	144.854035	212.565815	5.465647e-01	2.490989e-02	2.976001e+02	3.765450e-02	
16.000000	8.000000	144.749525	1018.788044	5.017497e-01	3.252774e-02	2.970328e+02	3.176793e-02	
16.000000	12.000000	143.584653	1055.622799	5.740976e-01	2.847325e-02	2.967615e+02	3.792438e-02	
16.000000	16.000000	142.189790	120.022054	5.414371e-01	2.388870e-02	2.966186e+02	3.570448e-02	
16.000000	20.000000	140.801889	5.964553	5.793026e-01	2.551979e-02	2.967403e+02	3.947978e-02	
16.000000	24.000000	140.805559	19.344581	5.150831e-01	3.110788e-02	2.971488e+02	3.312338e-02	
16.000000	28.000000	139.926657	3.985842	5.116051e-01	2.332467e-02	2.976679e+02	3.508241e-02	
16.000000	32.000000	135.909063	5.532137	5.677031e-01	2.694246e-02	2.984017e+02	3.877859e-02	
16.000000	36.000000	135.955348	4.219267	5.360277e-01	3.297719e-02	2.988587e+02	3.545809e-02	
16.000000	40.000000	140.246546	2.358669	5.732184e-01	2.616497e-02	2.994692e+02	3.799194e-02	
16.000000	44.000000	144.882643	940.681605	5.701793e-01	2.746574e-02	2.996127e+02	3.900210e-02	
16.000000	48.000000	153.307892	4.429433	5.352819e-01	3.063460e-02	2.990990e+02	3.437293e-02	
16.000000	52.000000	172.055423	9.883017	5.632465e-01	2.943489e-02	2.967326e+02	3.814463e-02	
16.000000	56.000000	172.445236	14.873676	5.316391e-01	2.457840e-02	2.913089e+02	3.511917e-02	
16.000000	60.000000	158.558393	7.733743	5.216633e-01	3.264941e-02	2.819985e+02	3.545242e-02	
20.000000	0.000000	147.055714	7.269438	5.670309e-01	3.004909e-02	2.787382e+02	3.851442e-02	
20.000000	4.000000	147.055906	16.800420	4.654385e-01	2.634532e-02	2.972068e+02	3.172445e-02	
20.000000	8.000000	147.056005	19.991546	5.753007e-01	2.752663e-02	2.965748e+02	3.930967e-02	
20.000000	12.000000	147.055441	13.838082	5.891298e-01	2.744475e-02	2.963863e+02	3.962125e-02	
20.000000	16.000000	147.045260	6.550871	5.585885e-01	2.539531e-02	2.963855e+02	3.698325e-02	
20.000000	20.000000	145.437175	90.500427	5.286860e-01	2.337703e-02	2.963891e+02	3.659840e-02	
20.000000	24.000000	142.101269	5.489142	5.652164e-01	3.279373e-02	2.968149e+02	3.824827e-02	
20.000000	28.000000	140.802938	19.541122	5.241866e-01	2.140689e-02	2.974908e+02	3.547749e-02	
20.000000	32.000000	140.793058	3.022623	5.278659e-01	2.866140e-02	2.982142e+02	3.533701e-02	
20.000000	36.000000	140.804166	2.815106	5.585249e-01	3.075311e-02	2.987795e+02	3.773294e-02	
20.000000	40.000000	140.808195	4.924276	5.114022e-01	2.330129e-02	2.993292e+02	3.547511e-02	
20.000000	44.000000	147.054208	3.103621	5.271617e-01	2.357389e-02	2.996182e+02	3.619189e-02	
20.000000	48.000000	154.678183	655.774063	5.145691e-01	2.744016e-02	2.991589e+02	3.358432e-02	
20.000000	52.000000	173.410190	11.391525	5.324515e-01	3.003560e-02	2.971709e+02	3.449515e-02	
20.000000	56.000000	178.290354	6.175768	5.909466e-01	2.670063e-02	2.923419e+02	3.977778e-02	
20.000000	60.000000	161.004500	10.653410	5.685563e-01	4.207335e-02	2.829657e+02	4.114757e-02	
24.000000	0.000000	151.576495	7.235741	5.564186e-01	2.532094e-02	2.784527e+02	3.824092e-02	
24.000000	4.000000	148.458906	24.839500	4.646566e-01	3.063642e-02	2.971525e+02	3.092090e-02	
24.000000	8.000000	148.190762	8.654682	5.240751e-01	2.164244e-02	2.964406e+02	3.541079e-02	
24.000000	12.000000	148.418023	7.012123	5.546303e-01	2.967035e-02	2.962651e+02	3.697129e-02	
24.000000	16.000000	147.864081	5.744701	5.676287e-01	2.913825e-02	2.962942e+02	3.862660e-02	
24.000000	20.000000	147.046169	9.337074	5.285029e-01	2.419118e-02	2.963466e+02	3.638453e-02	
24.000000	24.000000	146.162194	5.722185	5.842681e-01	3.171505e-02	2.967341e+02	3.996210e-02	
24.000000	28.000000	141.963096	75.354557	5.028618e-01	2.037894e-02	2.975203e+02	3.579767e-02	
24.000000	32.000000	140.793432	5.872620	4.486388e-01	3.562611e-02	2.980578e+02	2.622534e-02	
24.000000	36.000000	140.791459	168.810367	5.682705e-01	2.810517e-02	2.986633e+02	3.868575e-02	
24.000000	40.000000	141.142621	3.545397	4.969657e-01	2.204393e-02	2.993396e+02	3.502393e-02	
24.000000	44.000000	147.050072	3.784694	5.345564e-01	2.297994e-02	2.995990e+02	3.578507e-02	
24.000000	48.000000	157.830689	54.650530	5.194748e-01	2.297561e-02	2.993809e+02	3.586748e-02	
24.000000	52.000000	176.720834	16.191454	5.089337e-01	2.088790e-02	2.975300e+02	3.599377e-02	
24.000000	56.000000	184.555373	6.557224	5.136670e-01	3.413617e-02	2.930228e+02	3.490102e-02	
24.000000	60.000000	165.798601	7.597503	5.049850e-01	2.757313e-02	2.842101e+02	3.387919e-02	
28.000000	0.000000	153.302205	6.390170	5.576403e-01	2.563081e-02	2.784292e+02	3.828022e-02	
28.000000	4.000000	153.337222	15.703052	5.716962e-01	4.283328e-02	2.969708e+02	4.202325e-02	
28.000000	8.000000	153.304607	16.488399	4.985384e-01	2.783239e-02	2.961674e+02	3.233957e-02	
28.000000	12.000000	152.234122	13.458268	5.331123e-01	3.244988e-02	2.958514e+02	3.528737e-02	
28.000000	16.000000	151.654050	10.445473	5.067171e-01	3.413480e-02	2.959630e+02	3.786840e-02	
28.000000	20.000000	150.905096	52.303150	5.267993e-01	2.937598e-02	2.961044e+02	3.359652e-02	
28.000000	24.000000	147.377248	6.576637	5.535428e-01	2.483569e-02	2.964858e+02	3.801656e-02	
28.000000	28.000000	147.052576	5.498969	4.794447e-01	2.616973e-02	2.972124e+02	3.219852e-02	
28.000000	32.000000	143.700117	102.611971	5.297147e-01	3.286274e-02	2.980099e+02	3.730733e-02	
28.000000	36.000000	142.107521	130.545388	5.517674e-01	2.686716e-02	2.986787e+02	3.760388e-02	
28.000000	40.000000	145.833269	3.332941	5.063377e-01	3.076858e-02	2.990661e+02	3.158331e-02	
28.000000	44.000000	148.342367	4.660414	5.012116e-01	2.133936e-02	2.993800e+02	3.535453e-02	
28.000000	48.000000	159.553862	5.549619	4.981032e-01	2.521168e-02	2.992521e+02	3.413849e-02	
28.000000	52.000000	178.305804	8.046183	5.124273e-01	2.344441e-02	2.976684e+02	3.518417e-02	
28.000000	56.000000	190.805684	8.265904	5.532851e-01	2.749151e-02	2.936971e+02	3.762713e-02	
28.000000	60.000000	172.052213	7.642309	6.299701e-01	3.622807e-02	2.853135e+02	4.398201e-02	
32.000000	0.000000	159.550931	8.518443	5.629954e-01	2.691825e-02	2.783731e+02	3.849852e-02	
32.000000	4.000000	155.418916	221.945643	6.153341e-01	3.772079e-02	2.968047e+02	4.358350e-02	
32.000000	8.000000	155.444219	153.445305	5.444761e-01	2.851140e-02	2.957527e+02	3.674242e-02	
32.000000	12.000000	154.773855	69.506563	5.888454e-01	2.912050e-02	2.955402e+02	3.998292e-02	
32.000000	16.000000	154.543529	156.932834	5.492952e-01	2.365702e-02	2.955178e+02	3.660713e-02	
32.000000	20.000000	153.931664	7.165745	5.494172e-01	2.527455e-02	2.956442e+02	3.672525e-02	
32.000000	24.000000	152.482214	8.614763	5.238419e-01	3.037738e-02	2.960240e+02	3.311351e-02	
32.000000	28.000000	148.562435	6.614473	5.371558e-01	2.570566e-02	2.966848e+02	3.667510e-02	
32.000000	32.000000	147.058179	178.716759	4.927625e-01	2.155766e-02	2.973479e+02	3.496344e-02	
32.000000	36.000000	147.051910	6.087662	4.998235e-01	2.892183e-02	2.981153e+02	3.196955e-02	
32.000000	40.000000	147.045115	116.061042	5.967672e-01	4.361091e-02	2.989584e+02	4.517486e-02	
32.000000	44.000000	152.676846	3.983299	5.628819e-01	2.829615e-02	2.991977e+02	3.694922e-02	
32.000000	48.000000	160.713095	3.848501	5.233639e-01	3.068390e-02	2.991698e+02	3.460747e-02	
32.000000	52.000000	178.300018	12.051860	5.171276e-01	3.145531e-02	2.978480e+02	3.394735e-02	
32.000000	56.000000	197.050594	7.124894	5.574580e-01	2.727898e-02	2.942362e+02	3.562876e-02	
32.000000	60.000000	179.084079	10.058679	5.840709e-01	2.982511e-02	2.866594e+02	3.993757e-02	
36.000000	0.000000	164.936190	7.298318	5.364250e-01	2.980718e-02	2.779900e+02	3.417328e-02	
36.000000	4.000000	160.838976	13.154996	5.033460e-01	3.097553e-02	2.961328e+02	3.189959e-02	
36.000000	8.000000	160.864903	8.589938	5.397676e-01	2.382298e-02	2.955669e+02	3.728778e-02	
36.000000	12.000000	160.289737	24.441858	5.240871e-01	2.466589e-02	2.953284e+02	3.557743e-02	
36.000000	16.000000	159.552159	25.668912	5.021818e-01	2.608507e-02	2.952238e+02	3.338001e-02	
36.000000	20.000000	157.992589	139.118261	5.155197e-01	2.194660e-02	2.954114e+02	3.610000e-02	
36.000000	24.000000	154.786575	89.113947	5.025255e-01	2.268958e-02	2.956724e+02	3.504205e-02	
36.000000	28.000000	153.305769	9.932546	5.422260e-01	2.375205e-02	2.964715e+02	3.739117e-02	
36.000000	32.000000	150.701299	4.148511	4.953985e-01	2.302023e-02	2.973083e+02	3.434128e-02	
36.000000	36.000000	148.458906	205.261488	4.742185e-01	3.364029e-02	2.980006e+02	2.902359e-02	
36.000000	40.000000	150.905096	4.726373	5.370428e-01	2.793030e-02	2.987686e+02	3.536990e-02	
36.000000	44.000000	154.125441	79.929985	5.311852e-01	2.638714e-02	2.992088e+02	3.516034e-02	
36.000000	48.000000	164.050088	45.537992	5.157203e-01	2.913953e-02	2.991728e+02	3.293876e-02	
36.000000	52.000000	179.144581	734.947031	5.104556e-01	3.307777e-02	2.979530e+02	3.795321e-02	
36.000000	56.000000	203.305743	8.890757	5.554936e-01	2.944536e-02	2.949249e+02	3.865670e-02	
36.000000	60.000000	189.048984	8.671657	5.424392e-01	3.110285e-02	2.878158e+02	3.625506e-02	
40.000000	0.000000	170.496232	616.675822	5.652063e-01	2.616188e-02	2.785283e+02	3.878566e-02	
40.000000	4.000000	166.508090	22.911411	5.357645e-01	2.891009e-02	2.958822e+02	3.444916e-02	
40.000000	8.000000	165.794456	20.675643	5.479545e-01	3.163714e-02	2.951450e+02	3.587478e-02	
40.000000	12.000000	164.714875	17.993720	5.823432e-01	3.006126e-02	2.949642e+02	3.888144e-02	
40.000000	16.000000	164.200829	14.441393	5.840836e-01	2.767997e-02	2.948164e+02	3.900361e-02	
40.000000	20.000000	163.331084	9.280792	5.267920e-01	3.153322e-02	2.949856e+02	3.554810e-02	
40.000000	24.000000	160.743399	7.016244	5.373986e-01	2.292721e-02	2.954534e+02	3.576491e-02	
40.000000	28.000000	156.998565	121.645750	4.890157e-01	3.155713e-02	2.961177e+02	3.039838e-02	
40.000000	32.000000	154.661510	354.471100	5.157023e-01	3.386017e-02	2.970180e+02	3.513166e-02	
40.000000	36.000000	153.307139	48.909681	5.942302e-01	2.897076e-02	2.978505e+02	3.923372e-02	
40.000000	40.000000	153.745308	6.649596	5.358191e-01	2.511903e-02	2.986664e+02	3.670282e-02	
40.000000	44.000000	157.996232	542.810853	4.690746e-01	3.651317e-02	2.990326e+02	2.914120e-02	
40.000000	48.000000	165.837222	34.990526	5.514875e-01	3.172932e-02	2.991386e+02	3.621813e-02	
40.000000	52.000000	183.680250	5.878642	5.745964e-01	2.964121e-02	2.981566e+02	3.755635e-02	
40.000000	56.000000	208.673183	10.686073	5.525679e-01	2.818536e-02	2.953000e+02	3.698136e-02	
40.000000	60.000000	197.049970	7.923028	5.750591e-01	4.360676e-02	2.889794e+02	4.286380e-02	
44.000000	0.000000	178.305389	11.018810	5.130400e-01	2.393466e-02	2.793128e+02	3.501621e-02	
44.000000	4.000000	170.807290	32.729279	4.950740e-01	2.235277e-02	2.953247e+02	3.483889e-02	
44.000000	8.000000	170.882851	28.551922	5.455125e-01	2.409112e-02	2.944668e+02	3.756092e-02	
44.000000	12.000000	170.331409	206.784496	5.207653e-01	2.572338e-02	2.942722e+02	3.536196e-02	
44.000000	16.000000	170.467482	138.354142	5.608558e-01	2.742000e-02	2.943357e+02	3.825576e-02	
44.000000	20.000000	167.969845	118.107603	5.285431e-01	2.258124e-02	2.944612e+02	3.678659e-02	
44.000000	24.000000	167.311009	22.719417	5.322351e-01	3.434014e-02	2.948820e+02	3.513606e-02	
44.000000	28.000000	161.852951	7.375071	5.367624e-01	2.349998e-02	2.955624e+02	3.714334e-02	
44.000000	32.000000	160.350997	41.057978	5.023200e-01	2.394916e-02	2.962896e+02	3.475189e-02	
44.000000	36.000000	158.344684	675.184839	5.355105e-01	2.675250e-02	2.971520e+02	3.622286e-02	
44.000000	40.000000	157.996231	5.759571	5.101537e-01	3.039363e-02	2.979534e+02	3.184971e-02	
44.000000	44.000000	160.974720	6.359605	5.893586e-01	2.919556e-02	2.985704e+02	4.037224e-02	
44.000000	48.000000	170.102281	47.759032	5.815293e-01	2.902417e-02	2.988688e+02	3.810365e-02	
44.000000	52.000000	184.550066	6.196230	5.399659e-01	3.129225e-02	2.980547e+02	3.509967e-02	
44.000000	56.000000	210.943389	16.861995	5.369238e-01	2.377442e-02	2.955595e+02	3.692458e-02	
44.000000	60.000000	209.549497	19.436808	5.365709e-01	2.808485e-02	2.902421e+02	3.615541e-02	
48.000000	0.000000	189.771290	7.893275	5.162055e-01	3.108793e-02	2.809339e+02	3.747463e-02	
48.000000	4.000000	180.138863	327.990814	5.742597e-01	2.820453e-02	2.946313e+02	3.925072e-02	
48.000000	8.000000	179.987937	909.179235	5.113720e-01	3.033315e-02	2.939787e+02	3.198223e-02	
48.000000	12.000000	179.620837	786.843167	5.346950e-01	2.869746e-02	2.937761e+02	3.589028e-02	
48.000000	16.000000	179.582461	227.277038	5.357923e-01	2.443259e-02	2.936378e+02	3.676411e-02	
48.000000	20.000000	177.504284	21.647224	5.662443e-01	2.939617e-02	2.937197e+02	3.849013e-02	
48.000000	24.000000	173.932681	55.039060	5.229375e-01	2.698345e-02	2.941691e+02	3.439803e-02	
48.000000	28.000000	170.102281	874.052247	5.112057e-01	2.813291e-02	2.951218e+02	3.328738e-02	
48.000000	32.000000	166.930195	191.864087	5.675739e-01	2.968647e-02	2.959749e+02	3.689701e-02	
48.000000	36.000000	164.102870	6.734690	5.368696e-01	2.983156e-02	2.969879e+02	3.426052e-02	
48.000000	40.000000	164.210968	18.712324	5.402054e-01	2.608935e-02	2.977634e+02	3.593503e-02	
48.000000	44.000000	167.038338	180.055991	5.364651e-01	2.484887e-02	2.983477e+02	3.681073e-02	
48.000000	48.000000	173.718386	77.360805	5.608153e-01	2.797821e-02	2.987017e+02	3.731902e-02	
48.000000	52.000000	190.805084	5.113946	5.384283e-01	2.876286e-02	2.981057e+02	3.470690e-02	
48.000000	56.000000	216.299351	12.470839	5.671729e-01	2.776715e-02	2.961487e+02	3.747533e-02	
48.000000	60.000000	225.647049	17.691084	5.133603e-01	2.471352e-02	2.912879e+02	3.521142e-02	
52.000000	0.000000	203.300933	8.183653	5.676255e-01	2.911131e-02	2.828498e+02	4.711835e-02	
52.000000	4.000000	194.255461	1002.569301	4.910051e-01	2.899644e-02	2.938232e+02	3.259787e-02	
52.000000	8.000000	192.682681	949.453862	5.365465e-01	2.728943e-02	2.931322e+02	3.736763e-02	
52.000000	12.000000	192.163303	819.525616	4.826029e-01	2.820656e-02	2.928327e+02	3.131741e-02	
52.000000	16.000000	192.097767	242.397271	5.113517e-01	3.004026e-02	2.929295e+02	3.512035e-02	
52.000000	20.000000	189.930061	16.821018	4.651814e-01	3.511640e-02	2.930286e+02	2.786671e-02	
52.000000	24.000000	185.782516	23.877576	5.334156e-01	2.370959e-02	2.933944e+02	3.685219e-02	
52.000000	28.000000	180.054402	557.325807	5.072255e-01	2.657940e-02	2.942325e+02	3.429813e-02	
52.000000	32.000000	176.496724	9.703865	5.418219e-01	2.400677e-02	2.954287e+02	3.730481e-02	
52.000000	36.000000	173.762706	7.596874	4.841034e-01	3.047843e-02	2.961475e+02	3.116406e-02	
52.000000	40.000000	173.631789	44.180469	5.145756e-01	3.054080e-02	2.971466e+02	3.295434e-02	
52.000000	44.000000	173.798090	233.099058	5.521612e-01	3.428449e-02	2.978638e+02	3.707532e-02	
52.000000	48.000000	180.205000	84.940284	6.300949e-01	3.767013e-02	2.982554e+02	4.448306e-02	
52.000000	52.000000	197.045659	5.704941	4.275222e-01	3.981513e-02	2.979071e+02	2.761034e-02	
52.000000	56.000000	221.168378	21.924951	5.142160e-01	2.563461e-02	2.962489e+02	3.434737e-02	
52.000000	60.000000	246.049616	9.054583	5.138348e-01	3.016554e-02	2.920991e+02	3.243746e-02	
56.000000	0.000000	222.750136	9.310484	5.694130e-01	3.176325e-02	2.847797e+02	3.868296e-02	
56.000000	4.000000	219.839612	449.084275	5.525468e-01	2.546735e-02	2.923934e+02	3.747807e-02	
56.000000	8.000000	219.903953	837.304938	5.206898e-01	2.697937e-02	2.918231e+02	3.419184e-02	
56.000000	12.000000	218.783423	881.338962	5.297359e-01	2.312433e-02	2.915869e+02	3.673540e-02	
56.000000	16.000000	217.060195	698.460061	5.664087e-01	2.648123e-02	2.915612e+02	3.883230e-02	
56.000000	20.000000	214.860430	45.936367	5.163698e-01	2.471419e-02	2.917134e+02	3.480636e-02	
56.000000	24.000000	209.639169	44.524114	5.507681e-01	2.827584e-02	2.922246e+02	3.615325e-02	
56.000000	28.000000	201.682865	20.317444	5.458089e-01	2.854242e-02	2.932584e+02	3.614805e-02	
56.000000	32.000000	195.118278	52.779640	5.352992e-01	2.373974e-02	2.944041e+02	3.698070e-02	
56.000000	36.000000	189.149398	9.492115	5.512895e-01	2.527822e-02	2.954075e+02	3.747954e-02	
56.000000	40.000000	185.990821	9.364352	5.099984e-01	2.464800e-02	2.962796e+02	3.450871e-02	
56.000000	44.000000	186.500475	46.164233	4.779844e-01	2.778685e-02	2.971782e+02	3.133993e-02	
56.000000	48.000000	191.263738	6.391281	5.488052e-01	2.598179e-02	2.977399e+02	3.662585e-02	
56.000000	52.000000	204.045394	94.751843	5.333948e-01	2.291547e-02	2.975048e+02	3.704098e-02	
56.000000	56.000000	229.137466	430.691613	5.664369e-01	2.761115e-02	2.963545e+02	3.868383e-02	
56.000000	60.000000	271.198891	16.518223	5.786109e-01	2.898876e-02	2.930890e+02	3.847272e-02	
60.000000	0.000000	254.178902	10.013708	5.395202e-01	2.946891e-02	2.868924e+02	4.134836e-02	
60.000000	4.000000	355.432590	763.436262	5.293535e-01	2.663558e-02	2.918169e+02	3.499995e-02	
60.000000	8.000000	350.604730	715.660181	5.042382e-01	3.926282e-02	2.909483e+02	3.230058e-02	
60.000000	12.000000	347.209174	722.699512	5.915987e-01	3.160678e-02	2.906777e+02	4.038283e-02	
60.000000	16.000000	342.007221	766.649082	5.234218e-01	2.279009e-02	2.906020e+02	3.638909e-02	
60.000000	20.000000	333.649642	795.301710	5.423381e-01	3.099792e-02	2.908976e+02	4.427154e-02	
60.000000	24.000000	317.984471	783.800893	5.286860e-01	2.337704e-02	2.913891e+02	3.659841e-02	
60.000000	28.000000	293.691377	773.057229	5.418216e-01	2.386601e-02	2.925478e+02	3.742911e-02	
60.000000	32.000000	268.932304	757.422207	5.582467e-01	2.991372e-02	2.937601e+02	3.767648e-02	
60.000000	36.000000	250.571843	132.921772	5.728841e-01	4.049464e-02	2.949380e+02	4.092909e-02	
60.000000	40.000000	232.578129	798.259149	5.485719e-01	2.598811e-02	2.957617e+02	3.660779e-02	
60.000000	44.000000	221.353430	121.412777	5.664369e-01	2.761115e-02	2.963545e+02	3.868383e-02	
60.000000	48.000000	219.274829	850.297558	5.511485e-01	2.593126e-02	2.967989e+02	3.723148e-02	
60.000000	52.000000	227.228391	40.429747	5.952924e-01	3.846686e-02	2.968724e+02	4.228378e-02	
60.000000	56.000000	248.932612	57.641856	5.397556e-01	2.870866e-02	2.959023e+02	3.489292e-02	
60.000000	60.000000	295.417473	790.847466	5.431747e-01	2.389587e-02	2.934714e+02	3.752211e-02	
0.000000	0.000000	323.685387	47.283209	5.621763e-01	2.988876e-02	2.887474e+02	3.810611e-02	
