0.000000	4.000000	104.721066	58.650789	5.422309e-01	2.989887e-02	2.967922e+02	3.627148e-02	
0.000000	8.000000	104.558368	62.287568	5.235679e-01	2.655523e-02	2.961998e+02	3.444739e-02	
0.000000	12.000000	104.506902	64.434525	5.454512e-01	2.848029e-02	2.961232e+02	3.537329e-02	
0.000000	16.000000	103.748491	3.306943	5.402937e-01	2.972209e-02	2.960530e+02	3.630221e-02	
0.000000	20.000000	103.299904	3.438638	5.443405e-01	2.445590e-02	2.964144e+02	3.748692e-02	
0.000000	24.000000	103.304070	2.510252	6.124582e-01	3.791212e-02	2.968186e+02	4.345144e-02	
0.000000	28.000000	103.322250	2.643162	5.295239e-01	2.917929e-02	2.971382e+02	3.402317e-02	
0.000000	32.000000	103.337222	2.533186	5.406151e-01	2.451759e-02	2.973815e+02	3.710176e-02	
0.000000	36.000000	109.551758	2.005422	5.687654e-01	2.657044e-02	2.974671e+02	3.900521e-02	
0.000000	40.000000	110.958906	4.332807	5.715408e-01	2.644938e-02	2.973347e+02	3.835218e-02	
0.000000	44.000000	122.051926	3.717987	5.557946e-01	2.941670e-02	2.960455e+02	3.623926e-02	
0.000000	48.000000	122.057912	4.614497	5.903826e-01	3.105976e-02	2.926830e+02	4.043564e-02	
0.000000	52.000000	113.034459	2.810014	5.900452e-01	3.265631e-02	2.847438e+02	4.049733e-02	
0.000000	56.000000	97.593873	5.637519	5.314469e-01	2.422609e-02	2.716436e+02	3.658867e-02	
0.000000	60.000000	90.796619	3.759431	6.327126e-01	3.575203e-02	2.623613e+02	4.398693e-02	
4.000000	0.000000	84.549976	3.392827	5.452255e-01	2.594653e-02	2.632683e+02	3.639478e-02	
4.000000	4.000000	107.802121	76.232323	5.628069e-01	3.237151e-02	2.968102e+02	3.801162e-02	
4.000000	8.000000	108.320738	3.389094	5.361951e-01	2.690471e-02	2.961442e+02	3.663900e-02	
4.000000	12.000000	107.952230	40.879912	5.289124e-01	2.881333e-02	2.957889e+02	3.530557e-02	
4.000000	16.000000	107.466060	56.868368	5.522540e-01	3.059693e-02	2.957886e+02	3.718232e-02	
4.000000	20.000000	105.175303	63.654964	5.295008e-01	3.647240e-02	2.959958e+02	4.045502e-02	
4.000000	24.000000	103.867986	3.357443	5.926700e-01	2.936879e-02	2.964671e+02	4.061743e-02	
4.000000	28.000000	104.161419	3.560428	5.717240e-01	2.565972e-02	2.967383e+02	3.854933e-02	
4.000000	32.000000	106.365818	58.242742	5.222471e-01	2.692697e-02	2.971702e+02	3.426347e-02	
4.000000	36.000000	109.551651	2.073509	5.290979e-01	2.986744e-02	2.971784e+02	3.437054e-02	
4.000000	40.000000	114.929886	2.202020	5.615410e-01	3.125140e-02	2.971153e+02	3.679247e-02	
4.000000	44.000000	122.070953	3.262736	5.606857e-01	3.030419e-02	2.962354e+02	3.786364e-02	
4.000000	48.000000	128.301902	3.561046	6.278001e-01	3.131759e-02	2.930237e+02	4.120813e-02	
4.000000	52.000000	115.806408	3.374391	5.464783e-01	2.504884e-02	2.856138e+02	3.752650e-02	
4.000000	56.000000	103.308664	6.112737	5.918755e-01	2.920270e-02	2.729010e+02	4.044824e-02	
4.000000	60.000000	90.792672	4.529311	5.889745e-01	2.958995e-02	2.623679e+02	3.951357e-02	
8.000000	0.000000	89.025280	4.372450	5.956935e-01	2.990938e-02	2.632017e+02	3.925451e-02	
8.000000	4.000000	109.555155	5.532676	5.416387e-01	2.373944e-02	2.965381e+02	3.735117e-02	
8.000000	8.000000	109.579751	5.188695	5.414731e-01	3.046099e-02	2.958792e+02	3.496209e-02	
8.000000	12.000000	109.548941	4.420254	5.584142e-01	2.652148e-02	2.954112e+02	3.793218e-02	
8.000000	16.000000	109.557685	3.389629	5.297359e-01	2.312434e-02	2.955869e+02	3.673541e-02	
8.000000	20.000000	108.493777	2.654699	5.363069e-01	2.880302e-02	2.958469e+02	3.459403e-02	
8.000000	24.000000	107.951373	42.273935	5.422309e-01	2.989875e-02	2.962078e+02	3.627201e-02	
8.000000	28.000000	107.917472	50.488198	5.090661e-01	2.167780e-02	2.966042e+02	3.578812e-02	
8.000000	32.000000	109.561440	1.991928	5.156875e-01	3.578508e-02	2.969547e+02	4.236997e-02	
8.000000	36.000000	109.552987	3.088780	5.522729e-01	3.247197e-02	2.970768e+02	3.674006e-02	
8.000000	40.000000	115.817587	1.986717	4.923047e-01	3.199528e-02	2.970419e+02	3.027584e-02	
8.000000	44.000000	122.054340	8.007577	5.518255e-01	2.837199e-02	2.962235e+02	3.629606e-02	
8.000000	48.000000	128.303070	3.181448	5.141619e-01	2.559108e-02	2.932654e+02	3.502830e-02	
8.000000	52.000000	116.358339	482.932668	5.846620e-01	2.756448e-02	2.865441e+02	3.880591e-02	
8.000000	56.000000	103.301309	4.509174	5.585249e-01	3.075312e-02	2.742205e+02	3.773355e-02	
8.000000	60.000000	90.797818	4.770934	6.544206e-01	3.120498e-02	2.625048e+02	4.499631e-02	
12.000000	0.000000	90.794176	3.887532	4.912028e-01	3.215108e-02	2.631171e+02	3.077980e-02	
12.000000	4.000000	109.575706	3.731034	5.175775e-01	2.819720e-02	2.962095e+02	3.453448e-02	
12.000000	8.000000	109.550041	4.912798	6.024480e-01	3.110955e-02	2.955989e+02	4.135029e-02	
12.000000	12.000000	109.542102	5.194361	5.802761e-01	2.861101e-02	2.952623e+02	3.836945e-02	
12.000000	16.000000	109.548257	6.169377	5.305513e-01	2.551521e-02	2.952792e+02	3.555008e-02	
12.000000	20.000000	109.555974	5.088325	5.281516e-01	2.275084e-02	2.955234e+02	3.671752e-02	
12.000000	24.000000	109.556056	2.642323	5.353207e-01	3.012351e-02	2.960022e+02	3.427218e-02	
12.000000	28.000000	109.553722	2.093517	5.942285e-01	2.740060e-02	2.963778e+02	3.997202e-02	
12.000000	32.000000	109.551702	3.062581	5.342674e-01	3.102562e-02	2.968250e+02	3.552164e-02	
12.000000	36.000000	109.559150	2.724021	5.570166e-01	3.200181e-02	2.970654e+02	3.700701e-02	
12.000000	40.000000	115.802153	3.482671	5.648387e-01	3.093136e-02	2.971062e+02	3.691859e-02	
12.000000	44.000000	122.087222	3.571711	5.731094e-01	2.803459e-02	2.961945e+02	3.778220e-02	
12.000000	48.000000	132.466060	922.397280	5.382148e-01	2.448194e-02	2.936096e+02	3.706746e-02	
12.000000	52.000000	122.045769	3.965659	5.488011e-01	2.483417e-02	2.874194e+02	3.774692e-02	
12.000000	56.000000	109.556165	4.953357	5.346390e-01	2.575319e-02	2.757291e+02	3.572877e-02	
12.000000	60.000000	97.055286	3.614433	5.831944e-01	3.150140e-02	2.631010e+02	3.843899e-02	
16.000000	0.000000	90.836624	4.174394	5.504546e-01	2.835533e-02	2.631447e+02	3.581817e-02	
16.000000	4.000000	111.093100	56.052796	5.380059e-01	3.387358e-02	2.960315e+02	3.740402e-02	
16.000000	8.000000	111.075401	67.854271	5.918423e-01	2.572267e-02	2.952872e+02	4.051876e-02	
16.000000	12.000000	110.820980	5.752187	5.172950e-01	3.065143e-02	2.950706e+02	3.727850e-02	
16.000000	16.000000	110.881650	3.204422	5.451316e-01	3.012738e-02	2.951094e+02	3.507525e-02	
16.000000	20.000000	109.549372	3.293160	6.007094e-01	2.852009e-02	2.954282e+02	4.047994e-02	
16.000000	24.000000	109.554146	3.632375	5.333436e-01	2.594863e-02	2.957472e+02	3.552527e-02	
16.000000	28.000000	109.555391	4.348787	5.763148e-01	2.599764e-02	2.962915e+02	3.877897e-02	
16.000000	32.000000	109.587222	2.598741	6.018115e-01	3.046987e-02	2.965141e+02	4.128438e-02	
16.000000	36.000000	112.161382	184.572549	5.676541e-01	3.322489e-02	2.968197e+02	3.849831e-02	
16.000000	40.000000	115.797230	2.567543	5.486649e-01	3.770470e-02	2.970811e+02	3.726948e-02	
16.000000	44.000000	122.054206	3.551352	5.880148e-01	2.654011e-02	2.963327e+02	3.957009e-02	
16.000000	48.000000	134.547891	5.216270	6.160179e-01	2.981488e-02	2.938788e+02	4.108895e-02	
16.000000	52.000000	126.560194	2.872776	5.830760e-01	2.565657e-02	2.882722e+02	3.974226e-02	
16.000000	56.000000	109.540753	7.035933	5.617958e-01	2.604671e-02	2.772888e+02	3.761024e-02	
16.000000	60.000000	97.059915	3.988547	5.824351e-01	3.867195e-02	2.641021e+02	4.116144e-02	
20.000000	0.000000	90.796906	4.175825	6.090109e-01	3.113741e-02	2.629351e+02	4.311259e-02	
20.000000	4.000000	114.961544	4.194563	5.225503e-01	3.049656e-02	2.960299e+02	3.298984e-02	
20.000000	8.000000	115.802150	3.755247	5.385921e-01	2.607601e-02	2.952406e+02	3.582450e-02	
20.000000	12.000000	114.594665	4.168106	4.972451e-01	3.305723e-02	2.950452e+02	3.133011e-02	
20.000000	16.000000	114.566295	4.601422	5.101778e-01	3.521161e-02	2.949616e+02	3.998564e-02	
20.000000	20.000000	112.334653	161.841713	4.990800e-01	3.045112e-02	2.951579e+02	3.272528e-02	
20.000000	24.000000	110.960621	4.561448	5.427064e-01	2.442009e-02	2.955952e+02	3.737270e-02	
20.000000	28.000000	109.818004	2.322570	5.434770e-01	2.612965e-02	2.961991e+02	3.635055e-02	
20.000000	32.000000	110.971066	3.677878	5.377449e-01	2.339779e-02	2.965430e+02	3.714542e-02	
20.000000	36.000000	115.801741	1.770227	5.641305e-01	3.642775e-02	2.969489e+02	4.928241e-02	
20.000000	40.000000	116.244222	2.899475	5.270209e-01	3.096230e-02	2.970777e+02	3.364858e-02	
20.000000	44.000000	126.314613	17.102340	5.891297e-01	2.744475e-02	2.963863e+02	3.962125e-02	
20.000000	48.000000	134.555551	4.599636	5.566322e-01	2.820582e-02	2.941582e+02	3.637312e-02	
20.000000	52.000000	128.289984	2.919472	5.753808e-01	2.580078e-02	2.892742e+02	3.884382e-02	
20.000000	56.000000	115.795450	6.551972	6.114118e-01	3.374196e-02	2.786642e+02	4.191342e-02	
20.000000	60.000000	103.313697	4.452005	5.657530e-01	2.633842e-02	2.654085e+02	3.818006e-02	
24.000000	0.000000	97.087222	3.716889	5.684704e-01	3.552155e-02	2.629878e+02	4.471809e-02	
24.000000	4.000000	115.795211	13.424486	5.648887e-01	3.679158e-02	2.958897e+02	3.881692e-02	
24.000000	8.000000	115.795165	16.624815	5.680145e-01	3.079831e-02	2.950369e+02	3.950846e-02	
24.000000	12.000000	115.806312	12.258742	5.665053e-01	3.304394e-02	2.948164e+02	3.845998e-02	
24.000000	16.000000	115.796104	5.662728	5.479939e-01	2.851536e-02	2.948862e+02	3.575017e-02	
24.000000	20.000000	115.799984	3.117416	5.399732e-01	3.154805e-02	2.949859e+02	3.596615e-02	
24.000000	24.000000	114.182071	2.213987	5.874995e-01	2.865728e-02	2.955281e+02	4.016544e-02	
24.000000	28.000000	114.217480	2.109933	5.345424e-01	3.173330e-02	2.960877e+02	4.323029e-02	
24.000000	32.000000	114.754088	1.724371	5.292244e-01	2.620750e-02	2.962859e+02	3.546238e-02	
24.000000	36.000000	115.805258	3.532421	5.343984e-01	2.775227e-02	2.967537e+02	3.604029e-02	
24.000000	40.000000	120.837627	21.892296	5.037242e-01	2.941417e-02	2.969188e+02	3.278083e-02	
24.000000	44.000000	128.301815	2.729321	6.030517e-01	3.140924e-02	2.963740e+02	4.123807e-02	
24.000000	48.000000	137.886109	4.834411	5.135886e-01	2.357393e-02	2.943250e+02	3.553699e-02	
24.000000	52.000000	134.549305	5.409817	5.798218e-01	2.976512e-02	2.896818e+02	3.950907e-02	
24.000000	56.000000	120.209225	891.326312	5.874864e-01	2.778639e-02	2.802010e+02	3.913083e-02	
24.000000	60.000000	103.303776	3.606347	5.566193e-01	2.878829e-02	2.669121e+02	3.793604e-02	
28.000000	0.000000	97.086869	4.785372	5.822538e-01	3.048862e-02	2.627005e+02	3.969140e-02	
28.000000	4.000000	116.655318	82.098480	5.292244e-01	2.620750e-02	2.952859e+02	3.546238e-02	
28.000000	8.000000	117.189806	87.936891	5.948722e-01	3.179877e-02	2.946683e+02	4.061550e-02	
28.000000	12.000000	116.396363	71.341216	5.881591e-01	2.972452e-02	2.943733e+02	4.026285e-02	
28.000000	16.000000	115.799696	3.909713	5.583519e-01	2.538241e-02	2.944905e+02	3.837940e-02	
28.000000	20.000000	115.800987	6.399487	5.606619e-01	2.684047e-02	2.946363e+02	3.832311e-02	
28.000000	24.000000	115.801976	6.634283	5.794997e-01	3.104664e-02	2.950770e+02	3.807778e-02	
28.000000	28.000000	115.805336	2.970034	5.673561e-01	2.651674e-02	2.955518e+02	3.890169e-02	
28.000000	32.000000	115.805819	3.708588	5.463576e-01	2.948312e-02	2.960491e+02	3.502045e-02	
28.000000	36.000000	116.329689	3.211231	5.594661e-01	2.555539e-02	2.965423e+02	3.834335e-02	
28.000000	40.000000	122.047577	3.098692	5.592754e-01	3.178288e-02	2.968023e+02	3.776652e-02	
28.000000	44.000000	128.295933	5.237858	4.969252e-01	2.122277e-02	2.963735e+02	3.525876e-02	
28.000000	48.000000	140.800044	4.779360	5.537645e-01	2.597214e-02	2.946946e+02	3.710719e-02	
28.000000	52.000000	136.772070	4.699970	5.618664e-01	2.925130e-02	2.902710e+02	3.813121e-02	
28.000000	56.000000	122.057909	3.890444	6.137478e-01	2.861769e-02	2.814205e+02	4.144090e-02	
28.000000	60.000000	109.541915	6.024030	5.685595e-01	2.642302e-02	2.684953e+02	3.891707e-02	
32.000000	0.000000	98.593100	7.836394	5.979193e-01	2.863902e-02	2.624298e+02	3.994306e-02	
32.000000	4.000000	122.055230	4.058775	5.063763e-01	3.353678e-02	2.950322e+02	3.309619e-02	
32.000000	8.000000	122.048610	3.698470	4.896100e-01	2.671308e-02	2.942144e+02	3.322243e-02	
32.000000	12.000000	122.044226	3.538960	5.540051e-01	2.935003e-02	2.940743e+02	3.569154e-02	
32.000000	16.000000	122.055171	3.611768	5.442385e-01	2.971276e-02	2.940654e+02	3.483739e-02	
32.000000	20.000000	120.120740	76.315832	5.470438e-01	2.533660e-02	2.943722e+02	3.751153e-02	
32.000000	24.000000	117.189806	63.547856	5.806243e-01	2.910542e-02	2.948646e+02	3.800150e-02	
32.000000	28.000000	116.662373	2.575511	5.913211e-01	2.929735e-02	2.955517e+02	4.051785e-02	
32.000000	32.000000	117.134828	41.186949	5.007248e-01	3.810348e-02	2.959847e+02	3.945106e-02	
32.000000	36.000000	121.057168	67.967199	5.598207e-01	2.695059e-02	2.963503e+02	3.814754e-02	
32.000000	40.000000	122.051711	2.413447	5.223885e-01	2.471020e-02	2.966918e+02	3.582544e-02	
32.000000	44.000000	128.307855	2.766796	5.507794e-01	2.461866e-02	2.964810e+02	3.794177e-02	
32.000000	48.000000	140.801732	5.476951	5.671442e-01	2.986432e-02	2.949833e+02	3.704495e-02	
32.000000	52.000000	140.804139	5.903621	5.115670e-01	2.950321e-02	2.911463e+02	3.260185e-02	
32.000000	56.000000	128.295187	4.192129	6.319450e-01	3.110195e-02	2.830738e+02	4.188614e-02	
32.000000	60.000000	115.809096	4.063585	5.717089e-01	2.682162e-02	2.705281e+02	3.911016e-02	
36.000000	0.000000	103.307157	6.270398	6.059422e-01	3.599145e-02	2.622116e+02	4.234406e-02	
36.000000	4.000000	122.518896	4.698407	5.553347e-01	2.639340e-02	2.946413e+02	3.796833e-02	
36.000000	8.000000	122.051913	4.101778	5.634008e-01	3.320473e-02	2.940257e+02	3.947185e-02	
36.000000	12.000000	122.040824	4.417385	5.504104e-01	2.576610e-02	2.936722e+02	3.701430e-02	
36.000000	16.000000	122.045880	4.835154	5.998090e-01	3.252803e-02	2.936976e+02	4.125372e-02	
36.000000	20.000000	122.055425	15.885557	5.198398e-01	3.095398e-02	2.939887e+02	3.380386e-02	
36.000000	24.000000	122.054904	2.607349	5.818550e-01	2.853869e-02	2.945938e+02	3.982672e-02	
36.000000	28.000000	122.044727	2.329038	5.382508e-01	3.106395e-02	2.951927e+02	3.545022e-02	
36.000000	32.000000	122.095073	2.047153	5.246066e-01	2.500551e-02	2.956960e+02	3.590773e-02	
36.000000	36.000000	122.056875	142.728223	5.154686e-01	3.290700e-02	2.961155e+02	3.331407e-02	
36.000000	40.000000	126.442042	3.445003	5.314469e-01	2.422503e-02	2.963564e+02	3.658751e-02	
36.000000	44.000000	133.877712	4.296084	5.490497e-01	2.457185e-02	2.964525e+02	3.781966e-02	
36.000000	48.000000	142.014822	76.992507	4.990290e-01	3.120662e-02	2.950897e+02	3.108765e-02	
36.000000	52.000000	147.047601	4.565793	5.562884e-01	2.590194e-02	2.915746e+02	3.807804e-02	
36.000000	56.000000	134.588314	7.550342	5.816363e-01	2.881917e-02	2.843828e+02	3.979105e-02	
36.000000	60.000000	119.581084	1124.367044	5.893980e-01	2.890794e-02	2.725094e+02	4.038790e-02	
40.000000	0.000000	104.580325	884.462329	5.465927e-01	2.833846e-02	2.617891e+02	3.576518e-02	
40.000000	4.000000	128.299374	4.457617	4.883528e-01	3.009894e-02	2.940974e+02	3.064703e-02	
40.000000	8.000000	128.295683	4.251523	5.229421e-01	2.387008e-02	2.933410e+02	3.607664e-02	
40.000000	12.000000	128.301937	4.363434	5.366097e-01	2.584129e-02	2.932668e+02	3.582245e-02	
40.000000	16.000000	127.410384	4.133604	5.096679e-01	2.736107e-02	2.931743e+02	3.325294e-02	
40.000000	20.000000	126.236274	10.217018	5.297359e-01	2.312346e-02	2.934131e+02	3.673432e-02	
40.000000	24.000000	122.613077	3.488571	5.338890e-01	3.191560e-02	2.939781e+02	3.729797e-02	
40.000000	28.000000	122.054156	2.923903	5.754349e-01	2.667772e-02	2.946824e+02	3.855195e-02	
40.000000	32.000000	122.050442	2.754957	5.138348e-01	3.016554e-02	2.950991e+02	3.243746e-02	
40.000000	36.000000	123.425017	4.495066	5.717004e-01	2.782974e-02	2.958312e+02	3.779832e-02	
40.000000	40.000000	128.309298	3.760912	5.764382e-01	3.529509e-02	2.961790e+02	3.958234e-02	
40.000000	44.000000	134.576334	6.184093	5.165826e-01	2.805248e-02	2.962125e+02	3.458168e-02	
40.000000	48.000000	147.054146	4.573660	5.782240e-01	2.889375e-02	2.953163e+02	3.859073e-02	
40.000000	52.000000	153.295722	3.742767	5.527905e-01	2.588522e-02	2.923235e+02	3.713041e-02	
40.000000	56.000000	140.805411	7.037307	6.010962e-01	2.648410e-02	2.856645e+02	4.075826e-02	
40.000000	60.000000	125.754201	6.021868	5.621255e-01	2.660722e-02	2.746129e+02	3.847505e-02	
44.000000	0.000000	109.549181	4.286371	5.876583e-01	2.769453e-02	2.618403e+02	4.028851e-02	
44.000000	4.000000	130.522078	252.090437	5.399400e-01	2.781950e-02	2.937440e+02	3.647872e-02	
44.000000	8.000000	130.548702	1047.982650	5.412679e-01	2.870543e-02	2.928606e+02	3.500125e-02	
44.000000	12.000000	129.662354	78.725943	5.569811e-01	2.973751e-02	2.927566e+02	3.766789e-02	
44.000000	16.000000	128.929048	4.495923	5.699173e-01	2.582846e-02	2.927313e+02	3.836274e-02	
44.000000	20.000000	128.295861	4.272485	5.514924e-01	2.829815e-02	2.931407e+02	3.592012e-02	
44.000000	24.000000	128.307901	4.595064	5.962754e-01	3.232936e-02	2.937068e+02	4.096502e-02	
44.000000	28.000000	128.300119	2.792983	5.571455e-01	2.534369e-02	2.944622e+02	3.829314e-02	
44.000000	32.000000	128.298458	2.389307	6.021009e-01	3.076734e-02	2.949981e+02	3.985726e-02	
44.000000	36.000000	128.303712	4.083572	5.299693e-01	2.260153e-02	2.955000e+02	3.687974e-02	
44.000000	40.000000	129.466176	65.209831	5.823572e-01	3.078344e-02	2.960591e+02	4.158258e-02	
44.000000	44.000000	135.927376	5.383856	5.910973e-01	3.041943e-02	2.960724e+02	3.861302e-02	
44.000000	48.000000	147.050710	4.081075	5.949298e-01	3.112328e-02	2.953363e+02	4.070577e-02	
44.000000	52.000000	159.545580	5.210040	6.251274e-01	3.959410e-02	2.928217e+02	4.503577e-02	
44.000000	56.000000	147.050055	4.502811	5.566940e-01	2.969748e-02	2.868876e+02	3.601785e-02	
44.000000	60.000000	134.545186	4.738368	5.600338e-01	3.044653e-02	2.769293e+02	4.078335e-02	
48.000000	0.000000	115.814874	3.897379	5.656367e-01	2.682160e-02	2.634354e+02	3.860624e-02	
48.000000	4.000000	137.144537	29.409519	5.331115e-01	2.662632e-02	2.931675e+02	3.553307e-02	
48.000000	8.000000	137.302274	31.051825	5.730766e-01	2.996018e-02	2.922849e+02	3.903228e-02	
48.000000	12.000000	135.974720	6.873426	5.517733e-01	2.958790e-02	2.920867e+02	3.551945e-02	
48.000000	16.000000	135.188598	5.474850	5.621993e-01	2.812058e-02	2.921717e+02	3.685844e-02	
48.000000	20.000000	134.545492	6.117795	5.366053e-01	2.430145e-02	2.923759e+02	3.694559e-02	
48.000000	24.000000	134.546102	4.553740	4.872878e-01	3.680253e-02	2.930041e+02	3.421107e-02	
48.000000	28.000000	133.603638	128.641478	5.242903e-01	2.931806e-02	2.938039e+02	3.492000e-02	
48.000000	32.000000	132.789380	598.209344	5.605402e-01	2.572542e-02	2.945425e+02	3.849087e-02	
48.000000	36.000000	133.681739	2.702830	5.595287e-01	2.839126e-02	2.952062e+02	3.673346e-02	
48.000000	40.000000	134.538669	2.467600	5.724903e-01	2.593197e-02	2.957179e+02	3.850014e-02	
48.000000	44.000000	140.804150	6.004218	4.937023e-01	2.882283e-02	2.961377e+02	3.157598e-02	
48.000000	48.000000	153.305872	4.377454	5.532323e-01	2.522616e-02	2.955757e+02	3.801163e-02	
48.000000	52.000000	165.810569	5.095065	5.764259e-01	2.829586e-02	2.933781e+02	3.941623e-02	
48.000000	56.000000	159.558568	10.112449	5.526579e-01	2.631791e-02	2.883492e+02	3.776796e-02	
48.000000	60.000000	140.794075	4.770766	5.284134e-01	2.284192e-02	2.794274e+02	3.671271e-02	
52.000000	0.000000	128.305517	4.729334	5.344889e-01	2.698560e-02	2.662654e+02	3.610793e-02	
52.000000	4.000000	147.052103	8.584009	5.445123e-01	2.533271e-02	2.923371e+02	3.665846e-02	
52.000000	8.000000	147.055058	7.900135	5.289519e-01	2.392294e-02	2.916393e+02	3.648322e-02	
52.000000	12.000000	147.055612	5.046630	5.197243e-01	2.592637e-02	2.912869e+02	3.510003e-02	
52.000000	16.000000	145.802423	160.091365	5.510555e-01	2.506541e-02	2.914539e+02	3.772211e-02	
52.000000	20.000000	142.040887	71.948227	5.684668e-01	2.588640e-02	2.917274e+02	3.819964e-02	
52.000000	24.000000	140.800029	21.577723	5.859552e-01	2.827842e-02	2.924789e+02	3.966501e-02	
52.000000	28.000000	140.802108	3.583104	5.664069e-01	2.819369e-02	2.933266e+02	3.861453e-02	
52.000000	32.000000	140.020233	2.932201	5.680145e-01	3.080035e-02	2.939631e+02	3.951101e-02	
52.000000	36.000000	140.800944	2.800722	5.431840e-01	2.912138e-02	2.947709e+02	3.654466e-02	
52.000000	40.000000	140.804139	160.732021	5.893586e-01	2.919561e-02	2.954296e+02	4.037247e-02	
52.000000	44.000000	147.045338	4.881304	5.548557e-01	2.724908e-02	2.958504e+02	4.107490e-02	
52.000000	48.000000	157.424868	64.157292	5.934149e-01	2.940861e-02	2.955141e+02	4.067220e-02	
52.000000	52.000000	172.045482	6.065911	5.636119e-01	2.899942e-02	2.937151e+02	3.830152e-02	
52.000000	56.000000	172.050013	7.124075	5.642392e-01	2.702776e-02	2.895979e+02	3.851801e-02	
52.000000	60.000000	153.302172	5.448975	5.327749e-01	2.926882e-02	2.820605e+02	3.449635e-02	
56.000000	0.000000	139.881290	5.364688	5.600595e-01	2.653864e-02	2.696224e+02	3.832107e-02	
56.000000	4.000000	164.120906	25.160356	5.286860e-01	2.337704e-02	2.913891e+02	3.659841e-02	
56.000000	8.000000	163.924600	11.337925	5.998822e-01	3.490998e-02	2.907780e+02	4.161675e-02	
56.000000	12.000000	162.946451	55.894928	5.355379e-01	2.347754e-02	2.904280e+02	3.705961e-02	
56.000000	16.000000	160.974651	7.361247	5.549501e-01	2.610109e-02	2.903727e+02	3.798732e-02	
56.000000	20.000000	160.206794	34.837613	5.744581e-01	3.061029e-02	2.909806e+02	3.782320e-02	
56.000000	24.000000	155.393932	110.575943	5.931594e-01	2.550930e-02	2.917443e+02	4.195088e-02	
56.000000	28.000000	153.305404	34.792849	5.818523e-01	2.985244e-02	2.926493e+02	3.963719e-02	
56.000000	32.000000	152.080212	31.366191	5.173029e-01	2.602626e-02	2.932580e+02	3.504092e-02	
56.000000	36.000000	149.802273	238.987787	5.940605e-01	3.054634e-02	2.940384e+02	3.888977e-02	
56.000000	40.000000	152.075849	4.071204	5.668894e-01	3.129282e-02	2.947773e+02	3.829049e-02	
56.000000	44.000000	154.539977	60.026218	5.794885e-01	2.870890e-02	2.953922e+02	3.896010e-02	
56.000000	48.000000	165.805864	4.796526	5.427141e-01	3.292637e-02	2.951316e+02	3.593759e-02	
56.000000	52.000000	180.138859	1013.212802	5.481830e-01	2.838165e-02	2.938929e+02	3.580809e-02	
56.000000	56.000000	191.323195	6.889907	5.739793e-01	3.438913e-02	2.908309e+02	3.928059e-02	
56.000000	60.000000	173.992505	10.152348	6.036456e-01	3.071002e-02	2.844625e+02	4.133361e-02	
60.000000	0.000000	157.564613	964.437239	4.783672e-01	3.238526e-02	2.740253e+02	2.932070e-02	
60.000000	4.000000	230.265326	836.126615	6.126576e-01	3.358678e-02	2.906540e+02	4.187903e-02	
60.000000	8.000000	229.090642	505.346074	5.516165e-01	2.597711e-02	2.897262e+02	3.685681e-02	
60.000000	12.000000	226.601980	369.666120	5.426506e-01	2.376195e-02	2.895190e+02	3.741901e-02	
60.000000	16.000000	224.111495	89.172095	5.900452e-01	3.265631e-02	2.897438e+02	4.049732e-02	
60.000000	20.000000	218.766645	876.366038	6.000943e-01	2.887428e-02	2.901559e+02	3.971948e-02	
60.000000	24.000000	211.147719	47.338920	4.587489e-01	3.663668e-02	2.910521e+02	2.737104e-02	
60.000000	28.000000	204.055996	25.140690	5.319464e-01	2.932695e-02	2.922058e+02	3.555698e-02	
60.000000	32.000000	197.723977	77.442794	5.521619e-01	2.898308e-02	2.932523e+02	3.733084e-02	
60.000000	36.000000	191.610364	8.041354	5.327749e-01	2.926895e-02	2.939395e+02	3.449633e-02	
60.000000	40.000000	182.775280	797.079836	5.530053e-01	2.576556e-02	2.945939e+02	3.787947e-02	
60.000000	44.000000	178.955351	130.979654	5.098811e-01	3.207323e-02	2.949263e+02	3.229157e-02	
60.000000	48.000000	183.581277	12.152995	5.597115e-01	3.017636e-02	2.948076e+02	3.674184e-02	
60.000000	52.000000	197.052250	22.781127	5.152297e-01	3.127984e-02	2.939366e+02	3.745090e-02	
60.000000	56.000000	222.454567	7.351330	6.426631e-01	3.809277e-02	2.916924e+02	4.518274e-02	
60.000000	60.000000	215.801892	7.827879	5.573801e-01	2.822093e-02	2.872521e+02	3.678812e-02	
0.000000	0.000000	195.284312	649.981977	5.517981e-01	3.086585e-02	2.789886e+02	3.715821e-02	
