0.000000	4.000000	170.728777	11.553426	6.392464e-01	3.526069e-02	1.990014e+02	4.662263e-02	
0.000000	8.000000	164.089810	20.115877	5.821283e-01	2.588247e-02	1.987063e+02	3.923364e-02	
0.000000	12.000000	154.344397	21.108518	6.198720e-01	2.848833e-02	1.987457e+02	4.180567e-02	
0.000000	16.000000	159.563103	7.596590	5.645303e-01	3.288325e-02	1.988553e+02	3.763679e-02	
0.000000	20.000000	146.677022	6.167167	5.682789e-01	2.970104e-02	1.990062e+02	3.664218e-02	
0.000000	24.000000	164.619475	772.476613	6.095415e-01	2.914443e-02	1.994474e+02	4.104501e-02	
0.000000	28.000000	152.148254	1005.615441	6.853272e-01	4.322496e-02	1.995300e+02	4.850389e-02	
0.000000	32.000000	152.134165	136.584780	6.103525e-01	3.190313e-02	1.995755e+02	4.195437e-02	
0.000000	36.000000	165.372519	83.340963	5.810588e-01	2.566934e-02	1.997233e+02	3.934985e-02	
0.000000	40.000000	138.421180	3.841236	6.036624e-01	3.020214e-02	1.998570e+02	3.956483e-02	
0.000000	44.000000	157.667690	4.443830	5.840885e-01	3.043818e-02	1.996874e+02	3.992774e-02	
0.000000	48.000000	147.721715	2.936839	5.640878e-01	3.018779e-02	1.992062e+02	3.713467e-02	
0.000000	52.000000	150.409834	4.327389	5.469544e-01	2.528157e-02	1.984159e+02	3.736185e-02	
0.000000	56.000000	173.217681	15.113946	5.959106e-01	3.061380e-02	1.969179e+02	4.319392e-02	
0.000000	60.000000	176.572780	13.884355	5.953665e-01	2.628571e-02	1.942233e+02	4.557145e-02	
4.000000	0.000000	181.266205	10.479080	6.010946e-01	2.765005e-02	1.897962e+02	4.077289e-02	
4.000000	4.000000	154.241383	20.660487	6.761203e-01	4.185452e-02	1.985744e+02	4.776297e-02	
4.000000	8.000000	152.419096	15.968495	6.142445e-01	3.278242e-02	1.985245e+02	4.159671e-02	
4.000000	12.000000	169.159655	10.514718	6.256694e-01	3.106846e-02	1.984991e+02	4.234039e-02	
4.000000	16.000000	95.438312	26.800241	6.069702e-01	2.631499e-02	1.987508e+02	4.599367e-02	
4.000000	20.000000	139.116657	7.901366	5.466674e-01	3.036555e-02	1.989468e+02	3.812734e-02	
4.000000	24.000000	148.551054	6.814958	5.965992e-01	3.017149e-02	1.994201e+02	4.090058e-02	
4.000000	28.000000	134.699042	4.966269	6.221753e-01	2.805816e-02	1.994050e+02	4.215436e-02	
4.000000	32.000000	145.770899	4.638907	5.981422e-01	3.116750e-02	1.993590e+02	4.103656e-02	
4.000000	36.000000	134.699088	4.456648	5.708096e-01	2.744384e-02	1.994687e+02	3.874675e-02	
4.000000	40.000000	142.160303	181.627884	5.485416e-01	3.084009e-02	1.998877e+02	4.560927e-02	
4.000000	44.000000	168.208518	4.370559	6.231640e-01	2.686990e-02	1.996371e+02	4.289716e-02	
4.000000	48.000000	162.915633	87.803919	6.177979e-01	3.252725e-02	1.994859e+02	4.241883e-02	
4.000000	52.000000	165.216130	6.371035	5.831859e-01	2.776603e-02	1.985587e+02	3.939081e-02	
4.000000	56.000000	163.509338	12.947432	5.417619e-01	3.412815e-02	1.971379e+02	3.637247e-02	
4.000000	60.000000	192.755361	8.033390	6.291387e-01	3.581851e-02	1.946720e+02	4.381665e-02	
8.000000	0.000000	202.228764	1079.075122	6.546423e-01	3.974764e-02	1.903195e+02	4.639712e-02	
8.000000	4.000000	160.125629	777.566546	6.348582e-01	3.535613e-02	1.985340e+02	4.318320e-02	
8.000000	8.000000	165.361804	9.944080	5.713554e-01	2.558045e-02	1.982399e+02	3.898780e-02	
8.000000	12.000000	143.783664	14.756469	6.082942e-01	2.583642e-02	1.982631e+02	4.504562e-02	
8.000000	16.000000	171.001017	7.970038	6.125561e-01	2.896292e-02	1.984338e+02	4.134400e-02	
8.000000	20.000000	158.298957	26.599987	6.179271e-01	2.608056e-02	1.986750e+02	4.321994e-02	
8.000000	24.000000	142.195414	7.593428	6.564915e-01	3.290212e-02	1.990545e+02	4.337451e-02	
8.000000	28.000000	138.421179	27.126569	5.504760e-01	2.587296e-02	1.992022e+02	3.705904e-02	
8.000000	32.000000	139.030477	51.692307	6.094156e-01	4.013579e-02	1.991238e+02	4.421131e-02	
8.000000	36.000000	146.408940	35.095242	5.764277e-01	2.812458e-02	1.995019e+02	3.923912e-02	
8.000000	40.000000	147.974257	4.968945	5.952004e-01	3.176409e-02	1.996918e+02	4.075732e-02	
8.000000	44.000000	173.229353	3.728282	5.998841e-01	3.022289e-02	1.995447e+02	4.062243e-02	
8.000000	48.000000	172.778334	84.572771	6.296339e-01	2.854375e-02	1.994192e+02	4.288744e-02	
8.000000	52.000000	178.306037	34.246819	6.641741e-01	2.890423e-02	1.985549e+02	4.699023e-02	
8.000000	56.000000	169.045110	7.355726	5.849495e-01	2.839900e-02	1.975235e+02	4.007690e-02	
8.000000	60.000000	202.690189	11.332240	6.185002e-01	3.239676e-02	1.949619e+02	4.402827e-02	
12.000000	0.000000	184.228506	8.540399	5.844880e-01	3.223263e-02	1.910766e+02	3.909706e-02	
12.000000	4.000000	178.410322	396.939323	6.007567e-01	2.933376e-02	1.984792e+02	4.051425e-02	
12.000000	8.000000	175.749745	806.854165	5.967724e-01	2.594699e-02	1.983101e+02	4.057497e-02	
12.000000	12.000000	164.653166	925.529315	6.208452e-01	3.465514e-02	1.981786e+02	4.189581e-02	
12.000000	16.000000	138.653311	11.602705	5.762834e-01	3.040659e-02	1.982429e+02	3.818689e-02	
12.000000	20.000000	173.401207	7.194510	5.925997e-01	2.927317e-02	1.984741e+02	4.010477e-02	
12.000000	24.000000	150.274274	31.943365	6.335471e-01	3.158376e-02	1.988977e+02	4.611333e-02	
12.000000	28.000000	160.066539	5.896298	5.666798e-01	2.945451e-02	1.990372e+02	3.650208e-02	
12.000000	32.000000	160.014917	5.221332	6.522041e-01	3.219565e-02	1.991370e+02	4.313305e-02	
12.000000	36.000000	154.267169	7.081881	5.735996e-01	3.117762e-02	1.992689e+02	3.833900e-02	
12.000000	40.000000	173.061091	5.452255	6.110206e-01	2.869629e-02	1.994246e+02	4.122360e-02	
12.000000	44.000000	152.419104	59.813483	5.826298e-01	2.813663e-02	1.994579e+02	3.982596e-02	
12.000000	48.000000	158.137657	5.404889	5.965634e-01	2.987354e-02	1.995376e+02	4.089839e-02	
12.000000	52.000000	178.293790	4.515646	6.594687e-01	4.228091e-02	1.987599e+02	4.793980e-02	
12.000000	56.000000	188.728245	148.275260	6.625323e-01	3.975048e-02	1.975930e+02	4.654578e-02	
12.000000	60.000000	215.281311	10.556833	6.121708e-01	3.050830e-02	1.952437e+02	4.047158e-02	
16.000000	0.000000	195.571371	12.360061	5.785171e-01	2.738597e-02	1.915539e+02	3.904226e-02	
16.000000	4.000000	165.731864	20.288424	6.131859e-01	2.673178e-02	1.982485e+02	4.873440e-02	
16.000000	8.000000	148.500563	21.863409	6.059119e-01	3.011652e-02	1.982199e+02	4.004734e-02	
16.000000	12.000000	143.871169	12.249728	5.720576e-01	3.000322e-02	1.980799e+02	3.713872e-02	
16.000000	16.000000	169.209469	1077.043352	5.497176e-01	3.018937e-02	1.981622e+02	3.575064e-02	
16.000000	20.000000	149.234040	10.170333	5.538819e-01	2.904520e-02	1.982814e+02	3.686260e-02	
16.000000	24.000000	165.810387	7.930556	6.172102e-01	2.967277e-02	1.986991e+02	4.100979e-02	
16.000000	28.000000	164.043809	7.516510	5.538388e-01	2.766185e-02	1.988575e+02	4.168539e-02	
16.000000	32.000000	170.501660	6.661064	5.957441e-01	3.480976e-02	1.990429e+02	4.277847e-02	
16.000000	36.000000	169.845030	5.932275	5.714647e-01	2.986416e-02	1.991654e+02	3.738295e-02	
16.000000	40.000000	143.783665	5.911571	5.867220e-01	2.995334e-02	1.993499e+02	4.014517e-02	
16.000000	44.000000	158.419444	165.451613	6.513372e-01	3.835283e-02	1.993739e+02	4.565721e-02	
16.000000	48.000000	172.059882	187.264920	5.542404e-01	2.532540e-02	1.994364e+02	3.766877e-02	
16.000000	52.000000	178.996261	94.642258	5.802598e-01	2.786298e-02	1.988209e+02	4.700224e-02	
16.000000	56.000000	189.710272	1032.265643	6.269303e-01	3.444694e-02	1.976091e+02	4.328002e-02	
16.000000	60.000000	223.572792	11.153872	6.463730e-01	3.052586e-02	1.954754e+02	4.429564e-02	
20.000000	0.000000	228.569693	10.181091	6.192532e-01	3.146768e-02	1.920261e+02	4.097004e-02	
20.000000	4.000000	183.680840	18.566460	6.443777e-01	4.648541e-02	1.979194e+02	5.091889e-02	
20.000000	8.000000	180.220855	27.892822	6.218361e-01	3.311935e-02	1.975283e+02	4.274495e-02	
20.000000	12.000000	172.447796	14.078238	6.152135e-01	3.266341e-02	1.975942e+02	4.227092e-02	
20.000000	16.000000	149.244874	30.086780	5.196196e-01	4.019670e-02	1.979573e+02	4.860076e-02	
20.000000	20.000000	189.733680	1024.796130	6.548537e-01	3.282664e-02	1.980787e+02	4.332130e-02	
20.000000	24.000000	157.800566	8.105382	5.844982e-01	2.548126e-02	1.982337e+02	4.142801e-02	
20.000000	28.000000	152.396448	28.231321	6.026806e-01	2.637961e-02	1.986683e+02	4.097474e-02	
20.000000	32.000000	150.538635	30.073913	6.230656e-01	3.641859e-02	1.987337e+02	4.364305e-02	
20.000000	36.000000	139.889499	27.973121	6.618146e-01	3.206782e-02	1.988493e+02	4.882732e-02	
20.000000	40.000000	154.334503	5.357240	5.854115e-01	2.997485e-02	1.991078e+02	3.812345e-02	
20.000000	44.000000	171.769905	96.306382	6.089952e-01	2.732423e-02	1.993763e+02	4.109153e-02	
20.000000	48.000000	166.391321	5.824606	5.867761e-01	2.683584e-02	1.993501e+02	3.943425e-02	
20.000000	52.000000	188.945357	104.925626	5.196195e-01	4.019671e-02	1.989573e+02	4.860076e-02	
20.000000	56.000000	201.404020	85.293527	5.975855e-01	2.898537e-02	1.978859e+02	4.068513e-02	
20.000000	60.000000	192.213010	9.929562	6.011210e-01	2.556988e-02	1.957252e+02	4.247319e-02	
24.000000	0.000000	226.067318	9.410970	5.658364e-01	2.618513e-02	1.925094e+02	3.883117e-02	
24.000000	4.000000	178.296084	16.357373	6.374118e-01	3.545335e-02	1.975335e+02	4.413179e-02	
24.000000	8.000000	150.409843	27.503076	5.649343e-01	2.873952e-02	1.972988e+02	3.843726e-02	
24.000000	12.000000	177.431031	11.466022	5.987086e-01	2.973079e-02	1.973258e+02	3.994346e-02	
24.000000	16.000000	171.041367	31.273060	6.181937e-01	3.304877e-02	1.975853e+02	4.259427e-02	
24.000000	20.000000	153.283113	28.722504	6.285342e-01	3.143708e-02	1.980000e+02	4.145951e-02	
24.000000	24.000000	175.800479	173.164045	6.555151e-01	4.111098e-02	1.982610e+02	4.711959e-02	
24.000000	28.000000	164.851360	106.285033	6.193927e-01	3.448552e-02	1.986067e+02	4.235289e-02	
24.000000	32.000000	158.052585	452.029163	5.859727e-01	2.961422e-02	1.985206e+02	3.993850e-02	
24.000000	36.000000	159.084968	137.999922	5.963285e-01	2.884127e-02	1.988628e+02	3.967834e-02	
24.000000	40.000000	164.129627	1053.978487	5.921947e-01	3.334569e-02	1.990123e+02	4.215586e-02	
24.000000	44.000000	131.633575	8.768238	5.602950e-01	2.989393e-02	1.992340e+02	3.704317e-02	
24.000000	48.000000	176.761855	5.073896	5.879528e-01	2.965898e-02	1.990950e+02	3.830407e-02	
24.000000	52.000000	165.343961	7.971436	6.428979e-01	3.163378e-02	1.988912e+02	4.255540e-02	
24.000000	56.000000	206.183194	6.355685	5.764909e-01	2.795617e-02	1.981326e+02	3.953780e-02	
24.000000	60.000000	181.980929	9.906603	5.899075e-01	3.309449e-02	1.961683e+02	3.949535e-02	
28.000000	0.000000	226.299879	1001.826550	5.989816e-01	3.156395e-02	1.929565e+02	4.263033e-02	
28.000000	4.000000	196.553162	624.111097	6.230243e-01	3.351914e-02	1.975709e+02	4.287885e-02	
28.000000	8.000000	182.583572	956.676559	6.327126e-01	3.575200e-02	1.973613e+02	4.398686e-02	
28.000000	12.000000	179.796154	720.641064	5.063966e-01	3.221218e-02	1.970821e+02	3.197666e-02	
28.000000	16.000000	149.078566	25.257674	6.254309e-01	2.798250e-02	1.974010e+02	4.260029e-02	
28.000000	20.000000	178.866433	33.300170	6.272539e-01	2.800163e-02	1.977684e+02	4.405948e-02	
28.000000	24.000000	158.161184	11.692204	5.377800e-01	2.871429e-02	1.981072e+02	3.456632e-02	
28.000000	28.000000	156.241953	34.096566	6.364210e-01	3.276277e-02	1.984198e+02	4.275264e-02	
28.000000	32.000000	178.309054	9.510256	6.556385e-01	2.925836e-02	1.983142e+02	4.544348e-02	
28.000000	36.000000	179.028605	8.551315	6.739433e-01	5.675383e-02	1.990290e+02	6.425313e-02	
28.000000	40.000000	145.149672	14.086171	5.657276e-01	3.031031e-02	1.989962e+02	3.730772e-02	
28.000000	44.000000	161.338941	8.369999	5.894722e-01	2.848181e-02	1.992595e+02	3.893027e-02	
28.000000	48.000000	154.603563	10.782446	6.083647e-01	3.585035e-02	1.992698e+02	4.145300e-02	
28.000000	52.000000	164.405952	8.059784	5.828590e-01	3.829227e-02	1.991758e+02	4.161712e-02	
28.000000	56.000000	181.129508	22.976991	5.828410e-01	2.908079e-02	1.983498e+02	3.896379e-02	
28.000000	60.000000	187.127805	13.489390	6.124091e-01	3.099289e-02	1.963822e+02	4.097359e-02	
32.000000	0.000000	252.763858	17.059258	6.355272e-01	3.543429e-02	1.935858e+02	4.396403e-02	
32.000000	4.000000	183.224960	30.031724	5.906550e-01	3.555578e-02	1.970820e+02	4.195804e-02	
32.000000	8.000000	178.429417	23.252497	5.755889e-01	3.897059e-02	1.969133e+02	4.052658e-02	
32.000000	12.000000	169.645345	21.238081	6.306113e-01	3.276310e-02	1.969143e+02	4.774345e-02	
32.000000	16.000000	188.454091	798.883874	6.130662e-01	3.538074e-02	1.971393e+02	4.069105e-02	
32.000000	20.000000	211.076129	23.178118	6.118986e-01	3.326876e-02	1.973393e+02	4.221389e-02	
32.000000	24.000000	186.430385	10.331789	5.860763e-01	2.552180e-02	1.977391e+02	4.046977e-02	
32.000000	28.000000	163.532142	32.265684	5.670871e-01	2.965522e-02	1.979771e+02	3.681881e-02	
32.000000	32.000000	173.663671	19.995760	5.967503e-01	3.665868e-02	1.980756e+02	4.347223e-02	
32.000000	36.000000	162.548922	11.839007	6.038487e-01	2.827950e-02	1.984080e+02	4.023854e-02	
32.000000	40.000000	170.950778	24.582427	6.211340e-01	3.402786e-02	1.986371e+02	4.285638e-02	
32.000000	44.000000	179.964720	8.145870	5.900006e-01	2.875640e-02	1.988747e+02	3.905324e-02	
32.000000	48.000000	173.875087	122.810604	6.033449e-01	3.076392e-02	1.990215e+02	3.965223e-02	
32.000000	52.000000	194.371327	32.896823	6.051712e-01	2.810202e-02	1.987735e+02	4.057833e-02	
32.000000	56.000000	190.349098	7.553154	6.153113e-01	3.062231e-02	1.983539e+02	4.115588e-02	
32.000000	60.000000	208.395332	116.238334	6.411473e-01	2.943458e-02	1.966160e+02	4.110320e-02	
36.000000	0.000000	214.721771	10.187614	5.567431e-01	3.363839e-02	1.940376e+02	3.881972e-02	
36.000000	4.000000	182.744186	19.274666	6.395687e-01	3.575916e-02	1.965478e+02	4.423766e-02	
36.000000	8.000000	184.260388	27.972313	6.650756e-01	3.190963e-02	1.963911e+02	4.538182e-02	
36.000000	12.000000	195.784066	19.092726	6.360695e-01	3.514828e-02	1.965238e+02	4.391477e-02	
36.000000	16.000000	180.705392	25.968607	5.538388e-01	2.766182e-02	1.968575e+02	4.168536e-02	
36.000000	20.000000	193.963631	17.605187	5.887047e-01	2.970345e-02	1.970933e+02	3.845417e-02	
36.000000	24.000000	177.892913	853.280382	6.474390e-01	2.998136e-02	1.974626e+02	4.448365e-02	
36.000000	28.000000	178.299958	26.173557	6.557224e-01	3.911043e-02	1.976315e+02	4.611062e-02	
36.000000	32.000000	150.409844	21.400399	5.567878e-01	2.862608e-02	1.979080e+02	3.771899e-02	
36.000000	36.000000	182.235236	10.492529	5.745964e-01	2.964120e-02	1.981566e+02	3.755631e-02	
36.000000	40.000000	185.884269	21.107557	6.881592e-01	3.695871e-02	1.984212e+02	4.687453e-02	
36.000000	44.000000	172.077948	9.031416	6.111347e-01	2.899558e-02	1.987139e+02	4.077986e-02	
36.000000	48.000000	193.229037	7.533946	5.825088e-01	2.810925e-02	1.992173e+02	3.854425e-02	
36.000000	52.000000	160.930193	8.802811	6.314648e-01	2.945856e-02	1.988311e+02	4.431530e-02	
36.000000	56.000000	212.963176	7.787922	6.044968e-01	2.772228e-02	1.983813e+02	4.036897e-02	
36.000000	60.000000	225.406532	865.806162	5.731477e-01	3.298055e-02	1.971767e+02	3.830253e-02	
40.000000	0.000000	158.547116	1116.009892	6.403861e-01	2.939470e-02	1.945519e+02	4.372374e-02	
40.000000	4.000000	191.814576	27.232978	6.003371e-01	2.983041e-02	1.963358e+02	4.000316e-02	
40.000000	8.000000	166.276854	26.352883	6.495101e-01	3.765249e-02	1.962683e+02	4.395326e-02	
40.000000	12.000000	201.401788	594.750069	5.495472e-01	3.229460e-02	1.961732e+02	3.642860e-02	
40.000000	16.000000	192.177859	555.496678	5.494721e-01	2.863822e-02	1.960869e+02	3.651329e-02	
40.000000	20.000000	196.768732	19.440484	6.074958e-01	3.664939e-02	1.967840e+02	4.238693e-02	
40.000000	24.000000	179.367933	27.251363	5.707366e-01	2.942853e-02	1.970608e+02	3.825139e-02	
40.000000	28.000000	188.581636	15.214463	6.668213e-01	3.993775e-02	1.975147e+02	4.662526e-02	
40.000000	32.000000	189.777837	785.132371	6.288373e-01	3.445755e-02	1.975763e+02	4.346548e-02	
40.000000	36.000000	184.184933	992.302267	6.298337e-01	3.437527e-02	1.977697e+02	4.216945e-02	
40.000000	40.000000	187.091295	145.944353	6.149366e-01	3.479868e-02	1.981309e+02	4.199615e-02	
40.000000	44.000000	188.555704	14.260545	6.190570e-01	3.342710e-02	1.986090e+02	4.270424e-02	
40.000000	48.000000	184.211325	23.354945	6.430174e-01	2.851435e-02	1.987271e+02	4.495635e-02	
40.000000	52.000000	191.615229	1074.402466	6.016965e-01	2.877440e-02	1.987281e+02	4.003504e-02	
40.000000	56.000000	203.300383	25.274736	5.657344e-01	2.825922e-02	1.983068e+02	3.776079e-02	
40.000000	60.000000	198.110492	13.451648	6.304462e-01	3.557702e-02	1.973519e+02	4.382108e-02	
44.000000	0.000000	219.842794	17.130107	6.023711e-01	2.731606e-02	1.953751e+02	4.052330e-02	
44.000000	4.000000	198.415681	833.863503	6.067187e-01	2.561186e-02	1.957292e+02	4.390934e-02	
44.000000	8.000000	191.639273	20.903986	6.431888e-01	3.707642e-02	1.953704e+02	4.481130e-02	
44.000000	12.000000	210.846392	20.230433	6.225856e-01	2.733975e-02	1.956208e+02	4.253998e-02	
44.000000	16.000000	195.001243	44.250056	6.102182e-01	3.109531e-02	1.959873e+02	4.079680e-02	
44.000000	20.000000	202.158529	180.364757	5.971441e-01	2.928437e-02	1.962984e+02	3.973846e-02	
44.000000	24.000000	184.646006	32.304914	5.796043e-01	2.822634e-02	1.965499e+02	3.942384e-02	
44.000000	28.000000	194.892049	22.625405	5.912788e-01	3.227203e-02	1.969744e+02	4.245536e-02	
44.000000	32.000000	191.274800	37.381173	6.123279e-01	3.307914e-02	1.971861e+02	4.076130e-02	
44.000000	36.000000	186.381852	35.110190	5.940953e-01	3.039532e-02	1.975441e+02	4.031926e-02	
44.000000	40.000000	183.420418	35.858527	6.388551e-01	2.871427e-02	1.977753e+02	4.754322e-02	
44.000000	44.000000	189.283824	10.399043	6.125968e-01	2.908026e-02	1.984540e+02	4.080376e-02	
44.000000	48.000000	182.185611	33.584568	6.668035e-01	3.969682e-02	1.986753e+02	4.711990e-02	
44.000000	52.000000	181.102495	32.863175	6.112687e-01	2.918888e-02	1.987220e+02	4.064572e-02	
44.000000	56.000000	215.864976	280.307992	6.254123e-01	2.840568e-02	1.985861e+02	4.250031e-02	
44.000000	60.000000	220.673590	20.700886	6.056082e-01	3.099698e-02	1.975283e+02	4.156993e-02	
48.000000	0.000000	236.934592	17.739360	6.347638e-01	2.629504e-02	1.956735e+02	4.667262e-02	
48.000000	4.000000	223.242342	33.638901	5.707135e-01	3.498123e-02	1.950864e+02	3.994131e-02	
48.000000	8.000000	222.979721	34.139030	5.934720e-01	3.089037e-02	1.950174e+02	3.930603e-02	
48.000000	12.000000	211.243764	48.432956	6.251495e-01	3.218803e-02	1.950006e+02	4.236465e-02	
48.000000	16.000000	214.328370	21.838095	5.981024e-01	3.060235e-02	1.952378e+02	3.958388e-02	
48.000000	20.000000	196.143625	25.678101	5.889645e-01	3.068115e-02	1.956306e+02	4.020540e-02	
48.000000	24.000000	207.604269	36.443080	5.667322e-01	3.244282e-02	1.960158e+02	3.929101e-02	
48.000000	28.000000	187.462452	42.148498	5.772818e-01	2.789398e-02	1.965888e+02	3.942908e-02	
48.000000	32.000000	197.969814	281.870482	6.212343e-01	3.751839e-02	1.967805e+02	4.383658e-02	
48.000000	36.000000	201.415967	958.748345	5.927031e-01	3.176777e-02	1.971973e+02	3.921323e-02	
48.000000	40.000000	183.807899	1032.367091	6.856482e-01	3.821259e-02	1.976320e+02	4.892612e-02	
48.000000	44.000000	201.013683	166.912986	6.168429e-01	3.074611e-02	1.980664e+02	4.040281e-02	
48.000000	48.000000	179.414663	71.844866	5.457887e-01	2.540606e-02	1.983922e+02	3.709499e-02	
48.000000	52.000000	181.090163	21.635690	6.034742e-01	2.770353e-02	1.983879e+02	4.066615e-02	
48.000000	56.000000	209.083045	25.390316	6.003534e-01	2.805451e-02	1.984054e+02	4.042576e-02	
48.000000	60.000000	209.808541	24.733946	5.476557e-01	2.478828e-02	1.974360e+02	3.741613e-02	
52.000000	0.000000	257.761757	15.384370	5.273678e-01	3.872945e-02	1.959422e+02	4.984222e-02	
52.000000	4.000000	227.246179	889.754384	6.432651e-01	2.792653e-02	1.944070e+02	4.471210e-02	
52.000000	8.000000	243.963249	19.921979	5.823381e-01	2.895593e-02	1.941270e+02	3.821210e-02	
52.000000	12.000000	227.802835	51.904999	6.338552e-01	3.124596e-02	1.942058e+02	4.192652e-02	
52.000000	16.000000	221.998171	44.751760	6.712539e-01	3.323909e-02	1.945399e+02	4.690373e-02	
52.000000	20.000000	210.782547	239.324342	6.255602e-01	3.095165e-02	1.949437e+02	4.149800e-02	
52.000000	24.000000	201.072105	60.884004	5.906881e-01	2.968994e-02	1.956075e+02	4.036979e-02	
52.000000	28.000000	213.806411	620.596579	6.142257e-01	3.089801e-02	1.959505e+02	4.176066e-02	
52.000000	32.000000	201.174447	953.460883	6.320832e-01	3.226627e-02	1.960587e+02	4.187340e-02	
52.000000	36.000000	198.658470	30.063749	6.404204e-01	3.719401e-02	1.966630e+02	4.473985e-02	
52.000000	40.000000	211.896901	29.424256	6.569865e-01	3.456096e-02	1.970952e+02	4.409281e-02	
52.000000	44.000000	178.612550	38.367697	6.036456e-01	3.071001e-02	1.974625e+02	4.133358e-02	
52.000000	48.000000	203.334387	656.491269	6.103263e-01	2.975736e-02	1.979030e+02	4.099893e-02	
52.000000	52.000000	201.408508	31.592437	6.263554e-01	3.215131e-02	1.984102e+02	4.200854e-02	
52.000000	56.000000	214.606387	1033.575348	6.551337e-01	3.073681e-02	1.982702e+02	4.423952e-02	
52.000000	60.000000	245.415745	26.340685	5.956061e-01	2.592852e-02	1.977663e+02	4.435244e-02	
56.000000	0.000000	264.795280	990.025219	6.255099e-01	2.957348e-02	1.964490e+02	4.238269e-02	
56.000000	4.000000	884.389237	71.718367	6.059754e-01	3.101950e-02	1.935189e+02	4.159660e-02	
56.000000	8.000000	258.713014	670.344139	6.154353e-01	3.175486e-02	1.932100e+02	4.067190e-02	
56.000000	12.000000	254.813437	775.969504	6.366506e-01	3.278065e-02	1.931938e+02	4.214546e-02	
56.000000	16.000000	249.130859	89.862280	6.113866e-01	3.210120e-02	1.934107e+02	4.195734e-02	
56.000000	20.000000	241.530666	635.379454	6.248373e-01	3.105497e-02	1.939547e+02	4.171301e-02	
56.000000	24.000000	234.290831	171.991998	6.393020e-01	3.818582e-02	1.946565e+02	4.427910e-02	
56.000000	28.000000	228.094419	284.211058	5.838248e-01	3.056604e-02	1.951195e+02	3.812231e-02	
56.000000	32.000000	213.172215	70.982366	5.573754e-01	2.521944e-02	1.955000e+02	3.824053e-02	
56.000000	36.000000	221.875001	60.269151	5.270133e-01	3.131291e-02	1.959835e+02	3.540614e-02	
56.000000	40.000000	235.182576	941.764748	6.468181e-01	3.201243e-02	1.963930e+02	4.351590e-02	
56.000000	44.000000	214.405859	23.265509	6.306986e-01	3.699019e-02	1.967156e+02	4.426750e-02	
56.000000	48.000000	219.043243	1009.876079	5.729820e-01	2.694261e-02	1.974223e+02	3.872598e-02	
56.000000	52.000000	214.964239	36.639031	7.003560e-01	4.150675e-02	1.976854e+02	5.145203e-02	
56.000000	56.000000	226.040474	566.097348	5.786726e-01	2.939294e-02	1.976446e+02	3.941640e-02	
56.000000	60.000000	243.333566	1016.637638	5.849292e-01	2.639542e-02	1.973234e+02	3.935170e-02	
60.000000	0.000000	-98.966503	21.272139	6.314782e-01	3.491647e-02	1.964308e+02	4.253211e-02	
60.000000	4.000000	398.587621	750.722103	6.387751e-01	3.605259e-02	1.925487e+02	4.354181e-02	
60.000000	8.000000	391.599479	716.773311	6.507377e-01	3.047105e-02	1.923351e+02	4.376248e-02	
60.000000	12.000000	381.845844	733.664584	5.785586e-01	2.820108e-02	1.924406e+02	3.937129e-02	
60.000000	16.000000	366.637908	719.797782	6.159521e-01	3.190394e-02	1.928465e+02	4.063879e-02	
60.000000	20.000000	347.615424	312.188700	6.436614e-01	2.689078e-02	1.933729e+02	4.581110e-02	
60.000000	24.000000	325.996651	741.577027	5.797951e-01	3.118651e-02	1.940159e+02	3.980659e-02	
60.000000	28.000000	307.580695	747.267010	5.975417e-01	3.065608e-02	1.946170e+02	4.088855e-02	
60.000000	32.000000	388.794523	745.138489	6.279422e-01	3.583492e-02	1.949964e+02	4.744328e-02	
60.000000	36.000000	227.854454	814.783137	6.264456e-01	3.218396e-02	1.952268e+02	4.155337e-02	
60.000000	40.000000	551.175785	832.194381	6.153020e-01	3.317089e-02	1.956278e+02	4.242624e-02	
60.000000	44.000000	271.112752	153.140061	5.833210e-01	2.990427e-02	1.959576e+02	3.877281e-02	
60.000000	48.000000	254.920737	822.743968	6.145673e-01	2.669366e-02	1.963518e+02	4.202097e-02	
60.000000	52.000000	254.142118	203.160948	5.957174e-01	3.103236e-02	1.966503e+02	4.084838e-02	
60.000000	56.000000	255.774433	761.258328	6.741535e-01	3.387597e-02	1.969956e+02	4.487809e-02	
60.000000	60.000000	262.474416	929.792251	5.934401e-01	2.773451e-02	1.968348e+02	4.111522e-02	
0.000000	0.000000	283.509292	40.870680	5.949918e-01	2.931894e-02	1.961767e+02	3.908213e-02	
