0.000000	4.000000	127.106238	4.808332	5.459322e-01	2.521379e-02	3.353646e+02	3.698072e-02	
0.000000	8.000000	126.785999	6.658995	5.771817e-01	2.673554e-02	3.346466e+02	3.876527e-02	
0.000000	12.000000	126.560344	8.716886	6.096512e-01	2.853425e-02	3.342695e+02	4.063757e-02	
0.000000	16.000000	123.910633	18.500956	5.380059e-01	3.387353e-02	3.340315e+02	3.740397e-02	
0.000000	20.000000	122.525167	6.840916	5.644531e-01	2.799070e-02	3.341635e+02	3.709374e-02	
0.000000	24.000000	122.055585	6.099079	6.193812e-01	3.281644e-02	3.345142e+02	4.263656e-02	
0.000000	28.000000	122.049675	4.801716	5.609049e-01	3.038237e-02	3.349694e+02	3.802288e-02	
0.000000	32.000000	122.087707	2.696336	5.766808e-01	2.573670e-02	3.352704e+02	3.903223e-02	
0.000000	36.000000	122.049870	2.520454	6.002788e-01	3.565383e-02	3.357970e+02	4.181538e-02	
0.000000	40.000000	122.039876	1.972854	5.586474e-01	3.745785e-02	3.359070e+02	3.831352e-02	
0.000000	44.000000	128.301950	61.917480	5.588472e-01	2.600947e-02	3.355554e+02	3.822241e-02	
0.000000	48.000000	140.807907	2.001513	6.147367e-01	2.918675e-02	3.337047e+02	4.105755e-02	
0.000000	52.000000	153.301892	11.917275	6.413053e-01	3.172757e-02	3.295405e+02	4.249279e-02	
0.000000	56.000000	147.045351	6.592749	5.438501e-01	2.391168e-02	3.214905e+02	3.756804e-02	
0.000000	60.000000	134.552430	5.897113	5.103554e-01	3.083300e-02	3.129963e+02	3.216664e-02	
4.000000	0.000000	128.302033	4.525106	5.718695e-01	2.724999e-02	3.134201e+02	3.916191e-02	
4.000000	4.000000	128.324416	6.933460	5.688482e-01	3.049478e-02	3.349585e+02	3.928436e-02	
4.000000	8.000000	128.292141	4.932183	5.830047e-01	3.004780e-02	3.340381e+02	3.892058e-02	
4.000000	12.000000	128.295227	4.988568	5.841428e-01	2.924084e-02	3.333491e+02	3.912614e-02	
4.000000	16.000000	128.357109	3.952614	5.894157e-01	2.767093e-02	3.331929e+02	3.947781e-02	
4.000000	20.000000	127.419533	4.425474	5.312707e-01	2.598864e-02	3.333001e+02	3.571686e-02	
4.000000	24.000000	123.329900	7.335944	5.664087e-01	2.648124e-02	3.335612e+02	3.883231e-02	
4.000000	28.000000	122.048235	4.949983	5.412095e-01	2.634003e-02	3.338329e+02	3.661204e-02	
4.000000	32.000000	122.044192	26.815488	5.928769e-01	2.661436e-02	3.343380e+02	3.995785e-02	
4.000000	36.000000	122.057913	1.135878	6.423021e-01	4.097863e-02	3.347965e+02	4.666577e-02	
4.000000	40.000000	123.409971	3.692578	5.524202e-01	3.497615e-02	3.350521e+02	3.920273e-02	
4.000000	44.000000	128.294514	2.171577	7.070283e-01	5.097838e-02	3.347809e+02	5.479514e-02	
4.000000	48.000000	140.795434	3.373904	5.707764e-01	3.130144e-02	3.330668e+02	3.768044e-02	
4.000000	52.000000	157.179150	1115.813108	5.810307e-01	2.553226e-02	3.292552e+02	3.990359e-02	
4.000000	56.000000	147.048570	7.058134	5.601005e-01	2.557624e-02	3.214671e+02	3.838893e-02	
4.000000	60.000000	134.553064	5.207424	6.048766e-01	2.824843e-02	3.124104e+02	4.075810e-02	
8.000000	0.000000	133.576294	443.222106	5.696241e-01	2.673882e-02	3.125562e+02	3.895711e-02	
8.000000	4.000000	128.300191	6.880296	5.833210e-01	2.990323e-02	3.340424e+02	3.877150e-02	
8.000000	8.000000	128.302169	5.900231	5.799204e-01	3.786442e-02	3.329082e+02	3.979024e-02	
8.000000	12.000000	128.301977	6.456104	5.870668e-01	2.773096e-02	3.324136e+02	3.954907e-02	
8.000000	16.000000	128.307259	11.073615	5.457168e-01	2.643534e-02	3.323161e+02	3.719561e-02	
8.000000	20.000000	128.295666	6.843505	6.028922e-01	3.348021e-02	3.322614e+02	4.023035e-02	
8.000000	24.000000	128.296001	3.822499	5.692333e-01	2.658866e-02	3.324765e+02	3.903942e-02	
8.000000	28.000000	123.451012	12.959584	5.567108e-01	2.828982e-02	3.331043e+02	3.713757e-02	
8.000000	32.000000	122.043766	3.799834	5.656273e-01	2.611396e-02	3.332982e+02	3.789433e-02	
8.000000	36.000000	122.490906	4.338117	5.810333e-01	2.652343e-02	3.336685e+02	3.902377e-02	
8.000000	40.000000	128.296872	2.308428	6.056762e-01	3.011218e-02	3.338627e+02	3.980686e-02	
8.000000	44.000000	129.740821	487.007463	5.971413e-01	2.925061e-02	3.338288e+02	3.936083e-02	
8.000000	48.000000	140.837628	115.643459	5.787633e-01	2.838290e-02	3.324589e+02	3.917261e-02	
8.000000	52.000000	159.541309	8.934844	5.751172e-01	3.003650e-02	3.289749e+02	3.806714e-02	
8.000000	56.000000	153.302047	6.619406	5.598591e-01	3.285368e-02	3.218735e+02	3.729047e-02	
8.000000	60.000000	140.803523	7.268038	5.579970e-01	2.597364e-02	3.126569e+02	3.745528e-02	
12.000000	0.000000	134.551928	7.073776	5.839818e-01	2.820088e-02	3.114860e+02	3.992550e-02	
12.000000	4.000000	129.630504	859.208450	5.042682e-01	3.224171e-02	3.330433e+02	3.607883e-02	
12.000000	8.000000	129.580325	867.108019	5.465658e-01	2.946915e-02	3.319654e+02	3.511150e-02	
12.000000	12.000000	129.745129	704.509686	5.162136e-01	2.221538e-02	3.316030e+02	3.607367e-02	
12.000000	16.000000	128.730312	7.777375	5.904175e-01	2.925017e-02	3.315610e+02	4.045092e-02	
12.000000	20.000000	128.301914	5.600669	5.555287e-01	2.529406e-02	3.315567e+02	3.817651e-02	
12.000000	24.000000	128.294451	11.214186	5.683273e-01	3.240590e-02	3.317981e+02	3.859905e-02	
12.000000	28.000000	128.305523	3.908942	4.725027e-01	2.983669e-02	3.321502e+02	3.016087e-02	
12.000000	32.000000	126.539381	4.249334	6.137478e-01	2.861869e-02	3.325795e+02	4.144243e-02	
12.000000	36.000000	126.792917	4.028521	5.385921e-01	2.607727e-02	3.327594e+02	3.582581e-02	
12.000000	40.000000	128.295182	3.648217	5.345832e-01	2.881574e-02	3.331070e+02	3.923701e-02	
12.000000	44.000000	134.555609	2.553988	5.851880e-01	2.793916e-02	3.327909e+02	3.882366e-02	
12.000000	48.000000	140.807291	2.706705	5.632452e-01	3.109536e-02	3.318892e+02	3.686086e-02	
12.000000	52.000000	159.554272	6.957245	6.236172e-01	3.146224e-02	3.285128e+02	4.230460e-02	
12.000000	56.000000	158.606426	6.827099	5.281834e-01	3.172139e-02	3.219214e+02	4.147055e-02	
12.000000	60.000000	142.493765	1046.536194	5.909393e-01	2.586432e-02	3.127724e+02	4.360285e-02	
16.000000	0.000000	136.111054	8.341922	5.868372e-01	2.936177e-02	3.106126e+02	4.017120e-02	
16.000000	4.000000	134.556201	6.581775	4.750048e-01	3.523659e-02	3.319847e+02	2.989951e-02	
16.000000	8.000000	134.546099	6.343783	5.673719e-01	2.930423e-02	3.309510e+02	3.562140e-02	
16.000000	12.000000	134.560434	6.089551	5.599080e-01	2.605750e-02	3.307071e+02	3.747962e-02	
16.000000	16.000000	134.554279	5.405134	5.435950e-01	2.390555e-02	3.304809e+02	3.755115e-02	
16.000000	20.000000	132.963746	151.247883	6.153019e-01	3.317082e-02	3.306278e+02	4.242610e-02	
16.000000	24.000000	128.840618	6.480104	5.070628e-01	3.473999e-02	3.310371e+02	3.394065e-02	
16.000000	28.000000	128.303294	10.655252	5.526646e-01	2.756575e-02	3.312971e+02	3.689615e-02	
16.000000	32.000000	128.305331	5.015387	5.565833e-01	2.837389e-02	3.318116e+02	3.643123e-02	
16.000000	36.000000	128.298748	5.387257	4.651095e-01	3.227307e-02	3.321105e+02	2.854539e-02	
16.000000	40.000000	128.302977	3.906736	6.446660e-01	2.697004e-02	3.323728e+02	4.608032e-02	
16.000000	44.000000	134.551785	26.202671	5.507247e-01	2.849402e-02	3.320504e+02	3.463513e-02	
16.000000	48.000000	142.820850	1045.677095	5.750850e-01	3.121991e-02	3.311418e+02	3.782264e-02	
16.000000	52.000000	160.128044	6.979337	5.758990e-01	2.958289e-02	3.280463e+02	3.755849e-02	
16.000000	56.000000	160.340693	7.929575	5.232054e-01	3.049538e-02	3.220280e+02	3.309964e-02	
16.000000	60.000000	147.052076	6.356275	4.812612e-01	3.659640e-02	3.130125e+02	3.218555e-02	
20.000000	0.000000	140.803912	7.599366	5.495744e-01	2.520444e-02	3.096021e+02	3.734635e-02	
20.000000	4.000000	134.551969	6.520141	5.043008e-01	3.304737e-02	3.310920e+02	3.206164e-02	
20.000000	8.000000	134.541399	7.219927	5.415084e-01	2.893097e-02	3.300736e+02	3.557323e-02	
20.000000	12.000000	134.555451	6.955372	5.584088e-01	2.822979e-02	3.297061e+02	3.794903e-02	
20.000000	16.000000	134.562715	8.530719	5.199055e-01	2.252401e-02	3.295650e+02	3.618413e-02	
20.000000	20.000000	134.555377	12.499363	5.795059e-01	2.702609e-02	3.296237e+02	3.896943e-02	
20.000000	24.000000	133.673403	5.515237	5.257202e-01	2.699347e-02	3.298425e+02	3.475818e-02	
20.000000	28.000000	129.669313	73.003573	5.935562e-01	3.030491e-02	3.303779e+02	4.067207e-02	
20.000000	32.000000	128.295852	5.112544	5.390017e-01	3.276615e-02	3.309754e+02	3.919962e-02	
20.000000	36.000000	128.303407	5.139994	5.662443e-01	2.939612e-02	3.312803e+02	3.849060e-02	
20.000000	40.000000	131.398428	1091.805766	5.522060e-01	2.506474e-02	3.314246e+02	3.787004e-02	
20.000000	44.000000	134.555380	4.331403	5.485778e-01	2.590768e-02	3.312099e+02	3.671852e-02	
20.000000	48.000000	147.056825	3.758999	6.246702e-01	3.382582e-02	3.305713e+02	4.310856e-02	
20.000000	52.000000	161.432682	11.138516	5.940606e-01	3.054637e-02	3.280384e+02	3.888981e-02	
20.000000	56.000000	165.824598	6.641410	5.511287e-01	2.552379e-02	3.223697e+02	3.728341e-02	
20.000000	60.000000	153.325993	8.822171	5.241144e-01	2.276324e-02	3.134252e+02	3.630994e-02	
24.000000	0.000000	144.209465	1138.445209	5.370499e-01	3.528775e-02	3.088937e+02	3.559013e-02	
24.000000	4.000000	139.171100	7.250836	5.695564e-01	2.656675e-02	3.303664e+02	3.831884e-02	
24.000000	8.000000	139.254451	6.502073	5.051925e-01	2.362616e-02	3.293043e+02	3.501016e-02	
24.000000	12.000000	139.086426	5.536869	5.548989e-01	2.972626e-02	3.289293e+02	3.891868e-02	
24.000000	16.000000	138.924599	11.867599	6.315187e-01	3.890939e-02	3.287790e+02	4.507827e-02	
24.000000	20.000000	135.951017	15.553270	5.995584e-01	2.811051e-02	3.287631e+02	3.999904e-02	
24.000000	24.000000	134.555440	7.099952	5.127014e-01	3.217374e-02	3.291178e+02	3.281509e-02	
24.000000	28.000000	134.555637	4.362498	5.769922e-01	2.746572e-02	3.294765e+02	3.954075e-02	
24.000000	32.000000	132.819867	53.248949	5.495797e-01	3.167148e-02	3.301115e+02	3.598820e-02	
24.000000	36.000000	132.939804	252.462814	5.577086e-01	2.536157e-02	3.304716e+02	3.833359e-02	
24.000000	40.000000	134.575972	5.143159	6.270860e-01	4.269468e-02	3.308868e+02	4.697460e-02	
24.000000	44.000000	139.041094	4.463009	5.750638e-01	3.197701e-02	3.307708e+02	3.918585e-02	
24.000000	48.000000	147.051193	12.514544	5.542960e-01	2.603642e-02	3.301818e+02	3.833318e-02	
24.000000	52.000000	165.039389	9.078356	5.326976e-01	2.899127e-02	3.278726e+02	3.414687e-02	
24.000000	56.000000	172.051970	5.792572	5.972369e-01	3.050649e-02	3.226034e+02	4.095059e-02	
24.000000	60.000000	159.550084	7.965119	6.027195e-01	2.929888e-02	3.141803e+02	3.982326e-02	
28.000000	0.000000	147.052458	5.961694	5.722761e-01	2.864434e-02	3.082792e+02	3.800666e-02	
28.000000	4.000000	140.796758	8.321320	5.647421e-01	2.615501e-02	3.297328e+02	3.789362e-02	
28.000000	8.000000	140.800268	9.800657	6.064533e-01	2.666269e-02	3.286661e+02	4.111928e-02	
28.000000	12.000000	140.800014	11.161623	5.752052e-01	2.795562e-02	3.283921e+02	3.935029e-02	
28.000000	16.000000	140.805248	10.734855	5.384590e-01	2.761794e-02	3.282498e+02	3.563236e-02	
28.000000	20.000000	140.802569	6.457373	5.932429e-01	3.046410e-02	3.282287e+02	3.921604e-02	
28.000000	24.000000	139.071316	7.208090	5.435950e-01	2.390570e-02	3.285191e+02	3.755133e-02	
28.000000	28.000000	134.545143	6.582522	5.624086e-01	2.795726e-02	3.288701e+02	3.727754e-02	
28.000000	32.000000	134.554260	15.745572	5.393501e-01	2.354953e-02	3.294665e+02	3.731878e-02	
28.000000	36.000000	134.548809	14.602206	5.179119e-01	2.709322e-02	3.297652e+02	3.490910e-02	
28.000000	40.000000	134.556812	5.073647	5.491449e-01	2.720227e-02	3.301438e+02	3.984310e-02	
28.000000	44.000000	140.794806	5.146552	5.636220e-01	2.780276e-02	3.303312e+02	3.843157e-02	
28.000000	48.000000	147.048989	5.659482	5.997349e-01	3.114433e-02	3.297299e+02	3.986554e-02	
28.000000	52.000000	165.802035	6.947255	5.914581e-01	3.019362e-02	3.276314e+02	4.051104e-02	
28.000000	56.000000	178.295867	5.513511	5.364700e-01	2.977482e-02	3.230323e+02	3.411026e-02	
28.000000	60.000000	165.801890	8.527509	5.502644e-01	2.594389e-02	3.147950e+02	3.705066e-02	
32.000000	0.000000	153.301936	6.970858	5.875947e-01	2.881639e-02	3.074531e+02	4.025487e-02	
32.000000	4.000000	145.309127	613.090486	5.976279e-01	2.669095e-02	3.286568e+02	4.035099e-02	
32.000000	8.000000	145.302963	4.404258	5.245135e-01	2.558337e-02	3.277143e+02	3.575888e-02	
32.000000	12.000000	145.321316	676.718033	5.755656e-01	2.870767e-02	3.273351e+02	3.852617e-02	
32.000000	16.000000	144.369414	1077.362335	5.232354e-01	2.421808e-02	3.273467e+02	3.579010e-02	
32.000000	20.000000	141.457734	90.972464	5.119559e-01	2.526110e-02	3.272784e+02	3.453685e-02	
32.000000	24.000000	140.804897	9.112193	5.303921e-01	2.301444e-02	3.275769e+02	3.671610e-02	
32.000000	28.000000	140.802833	5.523970	5.508361e-01	3.026418e-02	3.281608e+02	3.590428e-02	
32.000000	32.000000	137.533422	17.681619	5.772998e-01	2.747934e-02	3.285141e+02	3.956306e-02	
32.000000	36.000000	135.928183	18.478588	5.833786e-01	4.925556e-02	3.290394e+02	4.857651e-02	
32.000000	40.000000	139.755410	5.276231	5.658869e-01	2.642033e-02	3.294742e+02	3.849018e-02	
32.000000	44.000000	140.805596	5.405589	5.619750e-01	2.577445e-02	3.295142e+02	3.859405e-02	
32.000000	48.000000	151.540747	4.960800	4.948956e-01	3.713018e-02	3.289923e+02	3.687444e-02	
32.000000	52.000000	165.804259	7.387362	5.857540e-01	3.192347e-02	3.272622e+02	4.001327e-02	
32.000000	56.000000	184.544438	6.496053	4.830939e-01	3.713940e-02	3.230114e+02	3.302525e-02	
32.000000	60.000000	172.058497	10.348164	5.634969e-01	3.007070e-02	3.157509e+02	3.812162e-02	
36.000000	0.000000	158.427988	6.421596	5.912432e-01	2.634374e-02	3.067839e+02	4.510034e-02	
36.000000	4.000000	147.051954	8.042031	6.322454e-01	3.116366e-02	3.279348e+02	4.214620e-02	
36.000000	8.000000	147.052191	6.761180	5.754674e-01	3.285027e-02	3.269625e+02	3.969703e-02	
36.000000	12.000000	147.050780	8.012200	5.433031e-01	2.419220e-02	3.265159e+02	3.735130e-02	
36.000000	16.000000	147.053787	8.246023	5.925177e-01	3.212746e-02	3.262841e+02	4.065534e-02	
36.000000	20.000000	147.054267	10.625309	5.931389e-01	2.964979e-02	3.263350e+02	3.962342e-02	
36.000000	24.000000	145.339063	372.295627	5.850147e-01	3.215017e-02	3.267295e+02	3.995205e-02	
36.000000	28.000000	140.805828	6.804876	5.803750e-01	2.860448e-02	3.273833e+02	3.961539e-02	
36.000000	32.000000	140.802065	13.009078	5.217948e-01	3.034616e-02	3.279764e+02	3.366306e-02	
36.000000	36.000000	140.802228	9.239134	5.695466e-01	2.660104e-02	3.284859e+02	3.906191e-02	
36.000000	40.000000	140.805240	10.252579	5.426181e-01	2.663938e-02	3.288486e+02	3.752587e-02	
36.000000	44.000000	147.045891	5.961164	5.340298e-01	3.058496e-02	3.290126e+02	3.444519e-02	
36.000000	48.000000	153.305553	12.767391	6.736185e-01	4.159546e-02	3.285940e+02	4.762195e-02	
36.000000	52.000000	168.650161	1094.469673	5.232054e-01	3.049538e-02	3.270280e+02	3.309964e-02	
36.000000	56.000000	190.809397	8.199604	5.279339e-01	2.604031e-02	3.232781e+02	3.581005e-02	
36.000000	60.000000	178.298311	7.430872	5.776687e-01	2.777715e-02	3.165657e+02	3.956199e-02	
40.000000	0.000000	165.805933	7.496855	5.369921e-01	3.807206e-02	3.069305e+02	3.601141e-02	
40.000000	4.000000	152.411941	12.679710	5.663657e-01	3.020923e-02	3.272015e+02	3.726317e-02	
40.000000	8.000000	153.308171	12.302613	5.909430e-01	2.962373e-02	3.259318e+02	3.905757e-02	
40.000000	12.000000	153.297341	12.806495	5.923607e-01	2.977746e-02	3.255982e+02	4.049571e-02	
40.000000	16.000000	152.046486	10.616708	5.811169e-01	2.793305e-02	3.255188e+02	3.981679e-02	
40.000000	20.000000	151.783824	15.582139	5.734953e-01	2.703746e-02	3.255094e+02	3.931539e-02	
40.000000	24.000000	148.246799	12.833407	5.836657e-01	3.046273e-02	3.257712e+02	3.859034e-02	
40.000000	28.000000	147.054125	11.365210	5.831292e-01	2.831141e-02	3.264484e+02	3.994263e-02	
40.000000	32.000000	145.340029	655.176648	5.563497e-01	2.897574e-02	3.270837e+02	3.816213e-02	
40.000000	36.000000	144.105463	1083.745383	5.378163e-01	2.873127e-02	3.277663e+02	3.548395e-02	
40.000000	40.000000	145.840236	6.548927	5.678296e-01	2.775349e-02	3.278553e+02	3.763332e-02	
40.000000	44.000000	147.064765	7.375331	5.248455e-01	2.922161e-02	3.281506e+02	3.374878e-02	
40.000000	48.000000	154.935387	969.833896	6.154034e-01	3.349108e-02	3.278979e+02	4.152994e-02	
40.000000	52.000000	172.054267	8.244726	5.963433e-01	3.137774e-02	3.263355e+02	4.090989e-02	
40.000000	56.000000	196.025400	7.541371	5.104222e-01	2.661350e-02	3.232369e+02	3.386210e-02	
40.000000	60.000000	189.574364	8.233945	5.781656e-01	2.890411e-02	3.170973e+02	3.816846e-02	
44.000000	0.000000	172.054258	13.332248	5.859561e-01	2.961531e-02	3.076360e+02	4.009326e-02	
44.000000	4.000000	157.936713	189.508123	5.678566e-01	2.782733e-02	3.258526e+02	3.764922e-02	
44.000000	8.000000	158.184505	120.652818	5.615073e-01	3.359308e-02	3.250308e+02	3.951674e-02	
44.000000	12.000000	157.873086	589.933497	6.609590e-01	2.821400e-02	3.245758e+02	4.706578e-02	
44.000000	16.000000	157.905259	246.434768	6.050104e-01	2.695956e-02	3.243577e+02	4.092905e-02	
44.000000	20.000000	155.394336	281.969544	6.119207e-01	3.078902e-02	3.245309e+02	4.066372e-02	
44.000000	24.000000	154.085094	10.509641	5.417265e-01	3.787049e-02	3.250381e+02	4.127239e-02	
44.000000	28.000000	151.587647	9.075761	5.332135e-01	2.409039e-02	3.256150e+02	3.680412e-02	
44.000000	32.000000	148.358497	6.662643	5.690820e-01	2.658651e-02	3.263802e+02	3.834236e-02	
44.000000	36.000000	147.046092	5.822466	5.459756e-01	2.951457e-02	3.269469e+02	3.497202e-02	
44.000000	40.000000	147.563981	7.202032	5.546108e-01	2.686296e-02	3.273538e+02	3.740445e-02	
44.000000	44.000000	153.301296	6.087198	5.315721e-01	2.395336e-02	3.273705e+02	3.666150e-02	
44.000000	48.000000	159.545470	14.332777	5.402890e-01	2.662360e-02	3.272925e+02	3.672929e-02	
44.000000	52.000000	173.332436	15.657797	5.431210e-01	2.730983e-02	3.262026e+02	3.437168e-02	
44.000000	56.000000	197.575920	9.008602	4.924215e-01	2.414879e-02	3.232701e+02	3.370609e-02	
44.000000	60.000000	198.432254	13.117046	5.129568e-01	3.313146e-02	3.180743e+02	3.309309e-02	
48.000000	0.000000	183.367093	7.969042	5.687860e-01	2.938994e-02	3.089064e+02	4.085282e-02	
48.000000	4.000000	164.738188	15.969286	5.420465e-01	3.151642e-02	3.248424e+02	3.549871e-02	
48.000000	8.000000	165.016500	18.803472	5.363088e-01	2.767569e-02	3.238759e+02	3.793333e-02	
48.000000	12.000000	165.805849	17.903915	5.393546e-01	3.191008e-02	3.238367e+02	3.582647e-02	
48.000000	16.000000	164.635416	15.875512	5.152910e-01	2.131569e-02	3.235197e+02	3.616396e-02	
48.000000	20.000000	163.959225	30.436323	5.709140e-01	2.598936e-02	3.232861e+02	3.833599e-02	
48.000000	24.000000	160.930287	11.753944	5.935562e-01	3.030475e-02	3.236221e+02	4.067155e-02	
48.000000	28.000000	158.344684	691.777101	5.904158e-01	2.888665e-02	3.245024e+02	3.999950e-02	
48.000000	32.000000	154.466637	8.699206	5.573611e-01	2.605160e-02	3.253149e+02	3.737283e-02	
48.000000	36.000000	154.175677	10.322685	4.783446e-01	3.343217e-02	3.258826e+02	3.059569e-02	
48.000000	40.000000	154.627053	109.780317	5.704472e-01	2.719318e-02	3.264107e+02	3.905616e-02	
48.000000	44.000000	158.323769	563.526217	6.218731e-01	4.157087e-02	3.268784e+02	4.587105e-02	
48.000000	48.000000	164.750111	7.753118	5.411225e-01	2.862874e-02	3.268833e+02	4.047074e-02	
48.000000	52.000000	178.306002	12.440504	5.067599e-01	3.155063e-02	3.260142e+02	3.201089e-02	
48.000000	56.000000	203.303608	10.302327	5.159380e-01	2.441695e-02	3.233023e+02	3.546098e-02	
48.000000	60.000000	215.795273	14.996472	4.649112e-01	2.876835e-02	3.191628e+02	3.033813e-02	
52.000000	0.000000	197.057792	10.385585	5.548509e-01	2.554539e-02	3.104102e+02	3.807794e-02	
52.000000	4.000000	176.201910	37.628639	5.580688e-01	2.945391e-02	3.238944e+02	3.601161e-02	
52.000000	8.000000	176.067319	27.732535	5.513022e-01	2.563265e-02	3.226443e+02	3.721910e-02	
52.000000	12.000000	175.476123	73.199331	5.300969e-01	2.710276e-02	3.222548e+02	3.582983e-02	
52.000000	16.000000	174.038737	43.603938	5.443407e-01	2.928459e-02	3.222258e+02	3.653465e-02	
52.000000	20.000000	173.296276	14.460346	5.417450e-01	2.608786e-02	3.222326e+02	3.604808e-02	
52.000000	24.000000	170.460324	749.481106	5.584891e-01	2.777705e-02	3.226914e+02	3.792394e-02	
52.000000	28.000000	166.459186	11.684327	5.198776e-01	2.223228e-02	3.234169e+02	3.629972e-02	
52.000000	32.000000	163.888946	9.511462	6.173623e-01	2.689348e-02	3.243610e+02	4.219746e-02	
52.000000	36.000000	161.263726	224.547801	5.340404e-01	3.593242e-02	3.249955e+02	4.109937e-02	
52.000000	40.000000	161.243765	7.420214	5.352992e-01	2.374059e-02	3.255959e+02	3.698169e-02	
52.000000	44.000000	164.154594	7.201625	5.291120e-01	3.206143e-02	3.261218e+02	3.435149e-02	
52.000000	48.000000	170.394685	165.973809	5.489650e-01	2.842900e-02	3.259010e+02	3.606680e-02	
52.000000	52.000000	184.561192	14.999647	5.504805e-01	2.597503e-02	3.252560e+02	3.674637e-02	
52.000000	56.000000	209.551626	8.757726	4.894289e-01	2.475093e-02	3.232510e+02	3.329125e-02	
52.000000	60.000000	234.549116	13.609899	5.218710e-01	2.213533e-02	3.195632e+02	3.636421e-02	
56.000000	0.000000	215.803983	8.905301	5.621763e-01	2.988873e-02	3.122526e+02	3.810664e-02	
56.000000	4.000000	192.157483	607.740552	5.737123e-01	2.565482e-02	3.222571e+02	3.891345e-02	
56.000000	8.000000	192.050097	147.548683	5.647222e-01	2.568692e-02	3.212380e+02	3.820017e-02	
56.000000	12.000000	192.119764	150.577226	5.376354e-01	3.190074e-02	3.210208e+02	3.586639e-02	
56.000000	16.000000	191.331332	24.158543	5.208221e-01	3.611836e-02	3.210181e+02	3.796865e-02	
56.000000	20.000000	188.894754	14.748332	5.319093e-01	3.219432e-02	3.210771e+02	3.466720e-02	
56.000000	24.000000	185.870224	27.935880	5.265301e-01	2.229558e-02	3.214951e+02	3.672154e-02	
56.000000	28.000000	180.418916	978.455987	5.998822e-01	3.491021e-02	3.222220e+02	4.161772e-02	
56.000000	32.000000	176.556744	27.661118	5.028756e-01	2.666802e-02	3.232263e+02	3.331712e-02	
56.000000	36.000000	173.704596	8.658649	5.642333e-01	2.586363e-02	3.237369e+02	3.787498e-02	
56.000000	40.000000	173.410190	9.003861	6.334830e-01	3.494479e-02	3.244381e+02	4.374003e-02	
56.000000	44.000000	175.212914	221.238340	6.029543e-01	3.032731e-02	3.250361e+02	3.933141e-02	
56.000000	48.000000	179.916425	135.423868	5.672357e-01	2.975536e-02	3.252761e+02	3.777137e-02	
56.000000	52.000000	192.092367	831.293264	5.486499e-01	3.858569e-02	3.249780e+02	4.774198e-02	
56.000000	56.000000	215.805512	11.388046	5.169480e-01	2.169063e-02	3.234458e+02	3.625677e-02	
56.000000	60.000000	253.294412	20.110069	5.454988e-01	3.046643e-02	3.202022e+02	3.658968e-02	
60.000000	0.000000	247.054261	18.829014	5.109923e-01	2.739264e-02	3.141704e+02	3.332863e-02	
60.000000	4.000000	246.222195	635.512111	5.489368e-01	2.777803e-02	3.202690e+02	3.645177e-02	
60.000000	8.000000	246.399622	196.594584	5.433406e-01	2.561692e-02	3.193086e+02	3.649292e-02	
60.000000	12.000000	244.449523	861.657199	5.561905e-01	2.817968e-02	3.188876e+02	3.680827e-02	
60.000000	16.000000	242.750472	823.611776	5.206958e-01	3.092339e-02	3.189598e+02	3.301841e-02	
60.000000	20.000000	238.771212	98.487012	5.569405e-01	2.809255e-02	3.193238e+02	3.741468e-02	
60.000000	24.000000	232.372546	798.872487	5.180694e-01	2.470294e-02	3.197018e+02	3.553012e-02	
60.000000	28.000000	223.476583	88.488506	5.309603e-01	2.534083e-02	3.206903e+02	3.628884e-02	
60.000000	32.000000	214.145814	51.683838	5.652970e-01	2.644036e-02	3.215706e+02	3.875076e-02	
60.000000	36.000000	207.511596	806.848903	5.896209e-01	3.310979e-02	3.222386e+02	4.042648e-02	
60.000000	40.000000	202.249966	24.493216	5.332736e-01	2.565221e-02	3.233054e+02	3.639062e-02	
60.000000	44.000000	201.594630	27.508217	5.304219e-01	3.352851e-02	3.239129e+02	3.516416e-02	
60.000000	48.000000	203.305384	18.178945	5.151439e-01	4.191575e-02	3.240233e+02	3.415973e-02	
60.000000	52.000000	214.101334	38.199538	5.347211e-01	2.319995e-02	3.235481e+02	3.706768e-02	
60.000000	56.000000	234.285557	37.045148	5.181564e-01	2.222352e-02	3.225931e+02	3.619396e-02	
60.000000	60.000000	272.748099	12.430900	5.517674e-01	2.686666e-02	3.203213e+02	3.760367e-02	
0.000000	0.000000	312.144537	31.944191	5.022612e-01	2.701535e-02	3.158064e+02	3.294751e-02	
