0.000000	4.000000	115.070227	4.046133	5.403270e-01	3.323213e-02	1.981041e+02	3.589764e-02	
0.000000	8.000000	80.805025	4.867470	5.581013e-01	2.991951e-02	1.982167e+02	3.669878e-02	
0.000000	12.000000	114.436496	195.268951	6.086743e-01	3.131816e-02	1.985235e+02	4.171187e-02	
0.000000	16.000000	1359.986291	52.558587	6.163195e-01	2.683722e-02	1.986387e+02	4.199580e-02	
0.000000	20.000000	132.893681	2.087792	5.785577e-01	2.826258e-02	1.988272e+02	4.766015e-02	
0.000000	24.000000	122.572814	251.823985	6.174045e-01	2.868898e-02	1.987380e+02	4.137920e-02	
0.000000	28.000000	109.752759	22.987890	5.331560e-01	2.884129e-02	1.988386e+02	3.440819e-02	
0.000000	32.000000	111.876147	174.017842	5.458205e-01	3.222879e-02	1.990506e+02	3.632225e-02	
0.000000	36.000000	109.444859	16.893470	5.321881e-01	2.948621e-02	1.990502e+02	3.464876e-02	
0.000000	40.000000	106.403210	1.095392	5.215158e-01	3.251940e-02	1.990537e+02	3.389627e-02	
0.000000	44.000000	114.277584	8.842059	5.224047e-01	2.957925e-02	1.989467e+02	3.309776e-02	
0.000000	48.000000	123.978529	1.125507	5.105274e-01	3.194904e-02	1.989288e+02	3.227075e-02	
0.000000	52.000000	138.833177	3.848660	5.983906e-01	2.653135e-02	1.976602e+02	4.037008e-02	
0.000000	56.000000	144.014306	73.460655	5.242351e-01	3.582979e-02	1.930638e+02	3.629562e-02	
0.000000	60.000000	139.106373	6.778650	5.502667e-01	2.461554e-02	1.865517e+02	3.771857e-02	
4.000000	0.000000	145.569639	9.444674	5.720200e-01	2.753881e-02	4.536033e+02	3.914047e-02	
4.000000	4.000000	128.620979	3.778399	5.809374e-01	2.909058e-02	1.978858e+02	4.237190e-02	
4.000000	8.000000	122.030283	2.562627	5.672095e-01	3.785381e-02	1.979958e+02	4.696853e-02	
4.000000	12.000000	127.980075	2.980145	6.195263e-01	3.278120e-02	1.984717e+02	4.177181e-02	
4.000000	16.000000	111.475146	2.715598	6.033238e-01	3.100266e-02	1.985686e+02	4.100305e-02	
4.000000	20.000000	1600.331156	725.893385	6.137287e-01	3.287979e-02	1.986271e+02	4.220111e-02	
4.000000	24.000000	74.344885	30.468771	5.539298e-01	2.581539e-02	1.983513e+02	3.734129e-02	
4.000000	28.000000	133.859277	1.866843	6.075953e-01	3.155382e-02	1.985845e+02	4.165335e-02	
4.000000	32.000000	106.875604	1.772610	6.113866e-01	3.210108e-02	1.985893e+02	4.195703e-02	
4.000000	36.000000	107.386225	1.601311	5.249743e-01	3.003610e-02	1.989901e+02	3.303402e-02	
4.000000	40.000000	747.337142	500.624896	6.103262e-01	2.975622e-02	1.990970e+02	4.099740e-02	
4.000000	44.000000	143.550225	1.592166	4.948956e-01	3.713094e-02	1.989923e+02	3.687449e-02	
4.000000	48.000000	142.042222	196.357382	5.512132e-01	2.589763e-02	1.987472e+02	3.673105e-02	
4.000000	52.000000	138.612195	4.478351	6.245773e-01	3.813735e-02	1.977860e+02	4.428664e-02	
4.000000	56.000000	182.649208	173.938526	5.775089e-01	2.974690e-02	1.936721e+02	3.924660e-02	
4.000000	60.000000	114.202693	7.671473	5.743664e-01	3.035708e-02	1.876996e+02	3.824336e-02	
8.000000	0.000000	157.732246	6.685522	5.939471e-01	2.561440e-02	4.537202e+02	4.102822e-02	
8.000000	4.000000	85.876428	941.844695	6.423021e-01	4.097859e-02	1.977965e+02	4.666593e-02	
8.000000	8.000000	119.144806	207.152931	6.364225e-01	2.991418e-02	1.978364e+02	4.598924e-02	
8.000000	12.000000	1621.793176	11.710807	5.513211e-01	2.845024e-02	1.981748e+02	3.596490e-02	
8.000000	16.000000	114.310257	42.692349	6.065253e-01	3.114540e-02	1.984246e+02	4.075603e-02	
8.000000	20.000000	112.834831	2.419518	5.826298e-01	2.813664e-02	1.985421e+02	3.982590e-02	
8.000000	24.000000	-713.057878	308.135390	6.062459e-01	3.291078e-02	1.986792e+02	4.177048e-02	
8.000000	28.000000	1425.590519	866.459809	5.764564e-01	2.757616e-02	1.985654e+02	3.939528e-02	
8.000000	32.000000	1484.554412	44.731325	5.991340e-01	3.077248e-02	1.987473e+02	3.964238e-02	
8.000000	36.000000	1251.072825	30.609067	5.410449e-01	2.905170e-02	1.989328e+02	3.567702e-02	
8.000000	40.000000	114.416181	1.514053	6.121426e-01	2.579163e-02	1.993030e+02	4.313783e-02	
8.000000	44.000000	-959.266527	1.124954	5.820650e-01	2.817117e-02	1.991313e+02	4.087277e-02	
8.000000	48.000000	121.409226	1.477143	5.422281e-01	2.593510e-02	1.986788e+02	3.692739e-02	
8.000000	52.000000	138.239871	5.237369	5.520753e-01	2.595885e-02	1.977480e+02	3.687541e-02	
8.000000	56.000000	156.393169	5.611084	6.034462e-01	3.095614e-02	1.942618e+02	3.996907e-02	
8.000000	60.000000	176.183396	8.616460	5.675901e-01	3.151347e-02	1.882039e+02	3.756484e-02	
12.000000	0.000000	132.301595	5.349812	6.209641e-01	3.558297e-02	4.536601e+02	4.274298e-02	
12.000000	4.000000	120.941082	5.269119	5.650250e-01	2.778269e-02	1.978431e+02	4.407205e-02	
12.000000	8.000000	152.644375	4.279637	5.941009e-01	3.016699e-02	1.976122e+02	4.062476e-02	
12.000000	12.000000	121.769256	3.475873	5.408501e-01	2.919716e-02	1.979369e+02	3.582012e-02	
12.000000	16.000000	146.465742	53.935084	5.711081e-01	2.965062e-02	1.983006e+02	3.808205e-02	
12.000000	20.000000	112.234507	6.441295	5.640841e-01	2.622662e-02	1.983991e+02	3.804855e-02	
12.000000	24.000000	114.277345	34.294263	6.030787e-01	2.707032e-02	1.983616e+02	4.072553e-02	
12.000000	28.000000	130.887405	2.752215	5.855921e-01	2.864618e-02	1.984739e+02	3.975240e-02	
12.000000	32.000000	114.251836	2.231521	5.614385e-01	3.048417e-02	1.988661e+02	4.795877e-02	
12.000000	36.000000	114.416174	2.476104	5.174849e-01	2.746095e-02	1.991473e+02	3.388713e-02	
12.000000	40.000000	114.310053	26.930689	5.656392e-01	2.588691e-02	1.991909e+02	4.011560e-02	
12.000000	44.000000	116.889185	174.363545	5.514924e-01	2.829823e-02	1.991407e+02	3.592019e-02	
12.000000	48.000000	83.396755	95.315834	6.101727e-01	2.978283e-02	1.988988e+02	4.081284e-02	
12.000000	52.000000	138.507688	102.633979	5.491144e-01	2.432136e-02	1.975000e+02	3.769084e-02	
12.000000	56.000000	152.912956	31.127249	5.762737e-01	2.857006e-02	1.948840e+02	4.071711e-02	
12.000000	60.000000	148.081096	6.777648	5.170135e-01	3.405225e-02	1.890708e+02	3.409892e-02	
16.000000	0.000000	162.224805	5.904086	5.796579e-01	2.830183e-02	4.538255e+02	4.779667e-02	
16.000000	4.000000	121.396222	4.741875	5.526775e-01	2.727310e-02	1.976880e+02	3.692584e-02	
16.000000	8.000000	-544.660630	3.617555	5.856139e-01	2.570580e-02	1.977775e+02	4.255768e-02	
16.000000	12.000000	144.162614	3.053769	6.186935e-01	3.601326e-02	1.977177e+02	4.287547e-02	
16.000000	16.000000	116.061637	3.461684	5.620299e-01	3.151520e-02	1.981936e+02	3.719830e-02	
16.000000	20.000000	1638.010032	28.989872	5.527839e-01	2.839547e-02	1.981706e+02	3.606453e-02	
16.000000	24.000000	140.825673	3.249224	5.392260e-01	3.489055e-02	1.981128e+02	3.663546e-02	
16.000000	28.000000	128.002257	1.994688	6.059755e-01	3.101951e-02	1.985189e+02	4.159659e-02	
16.000000	32.000000	114.309588	2.214582	5.858183e-01	2.910642e-02	1.985687e+02	3.983705e-02	
16.000000	36.000000	114.301785	2.506508	5.774884e-01	3.649855e-02	1.990154e+02	4.474568e-02	
16.000000	40.000000	1074.142463	17.175207	5.693003e-01	2.948478e-02	1.991405e+02	3.701227e-02	
16.000000	44.000000	119.089879	1.677938	5.229375e-01	2.698360e-02	1.991691e+02	3.439815e-02	
16.000000	48.000000	1638.590502	186.838512	5.646896e-01	2.827108e-02	1.986866e+02	3.837513e-02	
16.000000	52.000000	139.085545	5.608213	5.590077e-01	2.629127e-02	1.975651e+02	3.831820e-02	
16.000000	56.000000	90.932167	5.976170	5.374996e-01	3.019929e-02	1.949002e+02	4.194290e-02	
16.000000	60.000000	150.427577	10.933208	5.222225e-01	3.590021e-02	1.899446e+02	4.470808e-02	
20.000000	0.000000	138.480151	13.879457	6.471033e-01	2.990571e-02	4.537701e+02	4.418581e-02	
20.000000	4.000000	748.659176	4.120758	6.196859e-01	2.741053e-02	1.973831e+02	4.208666e-02	
20.000000	8.000000	120.975184	3.675110	6.394119e-01	3.405013e-02	1.975705e+02	4.377024e-02	
20.000000	12.000000	1224.935535	610.797971	6.002388e-01	2.982238e-02	1.978787e+02	3.930122e-02	
20.000000	16.000000	120.622659	2.377869	5.968397e-01	2.562846e-02	1.977102e+02	4.106801e-02	
20.000000	20.000000	135.656930	3.350354	5.745732e-01	3.478018e-02	1.980140e+02	4.260933e-02	
20.000000	24.000000	-647.510976	2.171498	5.899089e-01	3.309441e-02	1.981683e+02	3.949525e-02	
20.000000	28.000000	1349.560200	239.617491	5.644045e-01	2.458441e-02	1.982563e+02	3.670263e-02	
20.000000	32.000000	1465.949195	39.348189	5.607786e-01	2.655576e-02	1.983741e+02	3.819189e-02	
20.000000	36.000000	153.689229	174.531544	6.269871e-01	3.670765e-02	1.987247e+02	4.396699e-02	
20.000000	40.000000	121.010740	2.300040	5.655761e-01	3.046001e-02	1.990338e+02	3.691443e-02	
20.000000	44.000000	106.762697	56.309368	5.465035e-01	3.468782e-02	1.991307e+02	3.712044e-02	
20.000000	48.000000	129.146215	2.814593	5.694293e-01	3.003084e-02	1.989521e+02	3.883962e-02	
20.000000	52.000000	171.963067	3.185880	5.613351e-01	3.129051e-02	1.980161e+02	3.760534e-02	
20.000000	56.000000	176.954463	5.239098	5.804955e-01	2.708283e-02	1.953861e+02	3.897422e-02	
20.000000	60.000000	-739.110363	7.938617	5.708437e-01	2.734393e-02	1.906029e+02	3.897759e-02	
24.000000	0.000000	1076.225387	7.996710	5.618275e-01	2.834914e-02	4.542433e+02	3.702540e-02	
24.000000	4.000000	148.603383	4.335738	5.819322e-01	3.040741e-02	1.971208e+02	3.797488e-02	
24.000000	8.000000	1731.458198	32.068929	5.373067e-01	3.518179e-02	1.971173e+02	3.655032e-02	
24.000000	12.000000	123.691635	204.528351	6.347053e-01	3.495318e-02	1.974161e+02	4.269206e-02	
24.000000	16.000000	1400.067419	657.929622	5.975972e-01	3.127005e-02	1.976545e+02	4.091364e-02	
24.000000	20.000000	143.805234	3.136384	5.947729e-01	2.570297e-02	1.977618e+02	4.359750e-02	
24.000000	24.000000	120.034635	222.895456	5.606804e-01	2.929824e-02	1.979044e+02	3.628160e-02	
24.000000	28.000000	119.446124	3.710932	5.749551e-01	2.950413e-02	1.979436e+02	3.727060e-02	
24.000000	32.000000	119.309910	2.931961	5.652462e-01	2.551239e-02	1.982321e+02	3.824292e-02	
24.000000	36.000000	119.089864	3.438166	5.910384e-01	2.827394e-02	1.985585e+02	3.987649e-02	
24.000000	40.000000	116.307477	1.388373	5.869593e-01	2.541953e-02	1.987457e+02	4.080758e-02	
24.000000	44.000000	126.716238	2.243676	5.835340e-01	3.011708e-02	1.992072e+02	3.836628e-02	
24.000000	48.000000	144.290596	50.949774	5.330097e-01	3.721183e-02	1.989212e+02	3.541030e-02	
24.000000	52.000000	175.640066	267.693124	5.995594e-01	3.611876e-02	1.980126e+02	4.586067e-02	
24.000000	56.000000	159.237967	7.188517	5.871416e-01	2.749971e-02	1.955998e+02	3.943483e-02	
24.000000	60.000000	1769.794420	1065.277487	5.666069e-01	3.010869e-02	1.912212e+02	3.731761e-02	
28.000000	0.000000	186.281335	1001.554289	7.936834e+02	2.761628e+02	2.880897e+03	2.192017e+03	
28.000000	4.000000	1927.658726	102.475717	5.290629e-01	3.326419e-02	1.970441e+02	3.546579e-02	
28.000000	8.000000	125.565141	0.660407	5.584891e-01	2.777699e-02	1.966914e+02	3.792396e-02	
28.000000	12.000000	1216.858731	33.162384	6.319084e-01	3.142668e-02	1.973781e+02	4.231616e-02	
28.000000	16.000000	126.848754	191.620735	6.260717e-01	3.135858e-02	1.975084e+02	4.239278e-02	
28.000000	20.000000	-942.548677	3.404226	7.043837e-01	5.127082e-02	1.978108e+02	5.538169e-02	
28.000000	24.000000	88.209806	693.225906	6.337308e-01	3.115707e-02	1.976251e+02	4.201709e-02	
28.000000	28.000000	146.285176	4.764429	5.764564e-01	2.757616e-02	1.975654e+02	3.939529e-02	
28.000000	32.000000	145.530342	3.105364	5.367002e-01	2.731225e-02	1.977388e+02	3.621925e-02	
28.000000	36.000000	147.442649	2.911984	5.418031e-01	2.705468e-02	1.982797e+02	3.595126e-02	
28.000000	40.000000	97.727678	961.244361	6.250962e-01	3.565099e-02	1.986947e+02	4.346864e-02	
28.000000	44.000000	123.671790	50.621271	6.179253e-01	3.120073e-02	1.989506e+02	4.057111e-02	
28.000000	48.000000	88.453938	51.209433	6.111521e-01	3.941871e-02	1.988571e+02	4.399434e-02	
28.000000	52.000000	978.655750	4.107336	5.673791e-01	3.011800e-02	1.981983e+02	3.722782e-02	
28.000000	56.000000	157.817537	14.089592	5.972616e-01	2.986599e-02	1.959337e+02	4.013116e-02	
28.000000	60.000000	1756.489245	6.244366	6.105707e-01	2.564806e-02	1.917197e+02	4.411996e-02	
32.000000	0.000000	1725.414455	28.484851	1.018425e+03	6.549371e+02	1.680534e+03	1.776550e+03	
32.000000	4.000000	89.584506	5.618518	6.222728e-01	3.143195e-02	1.963818e+02	4.172478e-02	
32.000000	8.000000	1631.419015	693.373768	5.920714e-01	2.933695e-02	1.964577e+02	4.057336e-02	
32.000000	12.000000	129.777097	5.644382	6.016945e-01	2.877462e-02	1.967281e+02	4.003550e-02	
32.000000	16.000000	1729.710537	33.488055	6.142402e-01	3.258397e-02	1.969748e+02	4.188810e-02	
32.000000	20.000000	119.992550	3.977201	5.458031e-01	2.903351e-02	1.971191e+02	4.221669e-02	
32.000000	24.000000	138.929200	203.803728	6.297118e-01	3.176850e-02	1.972938e+02	4.185410e-02	
32.000000	28.000000	-1338.903560	3.818394	6.212569e-01	2.957186e-02	1.974532e+02	4.193958e-02	
32.000000	32.000000	-1315.799339	3.614150	6.314619e-01	2.838354e-02	1.977310e+02	4.322092e-02	
32.000000	36.000000	103.185566	167.653488	6.172816e-01	2.938316e-02	1.982060e+02	4.086973e-02	
32.000000	40.000000	124.208447	3.842109	5.819247e-01	2.778784e-02	1.988565e+02	3.998554e-02	
32.000000	44.000000	1225.120458	249.537968	6.151820e-01	3.364172e-02	1.989766e+02	4.516145e-02	
32.000000	48.000000	294.712236	391.361978	5.149806e-01	3.155250e-02	1.989385e+02	3.764897e-02	
32.000000	52.000000	203.808663	4.898384	5.892749e-01	3.070484e-02	1.983568e+02	3.952068e-02	
32.000000	56.000000	192.132026	7.018731	5.785072e-01	2.809884e-02	1.964108e+02	3.959838e-02	
32.000000	60.000000	175.252051	9.624567	6.165150e-01	2.780596e-02	1.927758e+02	4.244962e-02	
36.000000	0.000000	1108.438651	550.272532	6.117705e-01	2.839389e-02	1.868198e+02	4.417479e-02	
36.000000	4.000000	158.810788	39.911280	6.162136e-01	3.501122e-02	1.959813e+02	4.693489e-02	
36.000000	8.000000	173.450370	95.711585	5.863588e-01	2.985431e-02	1.961035e+02	3.817804e-02	
36.000000	12.000000	1475.854651	633.110617	6.249610e-01	2.883809e-02	1.965732e+02	4.239035e-02	
36.000000	16.000000	157.729750	4.683350	6.281773e-01	2.813337e-02	1.965705e+02	4.182698e-02	
36.000000	20.000000	-667.863667	1.106415	5.943233e-01	2.972215e-02	1.968919e+02	3.882561e-02	
36.000000	24.000000	112.079869	30.942298	5.671895e-01	2.913709e-02	1.971104e+02	3.677193e-02	
36.000000	28.000000	153.482795	4.208487	5.773223e-01	2.609676e-02	1.973055e+02	3.871440e-02	
36.000000	32.000000	152.780369	3.121826	6.285823e-01	3.073289e-02	1.974857e+02	4.255159e-02	
36.000000	36.000000	123.977814	4.362579	5.517061e-01	4.139557e-02	1.979648e+02	3.885181e-02	
36.000000	40.000000	146.671737	4.310876	5.735807e-01	2.859919e-02	1.983078e+02	3.817022e-02	
36.000000	44.000000	129.735397	220.908278	6.621885e-01	3.233690e-02	1.985193e+02	4.587960e-02	
36.000000	48.000000	133.632926	56.253790	5.792948e-01	2.585822e-02	1.987164e+02	3.913520e-02	
36.000000	52.000000	174.942452	34.212700	5.361735e-01	2.635999e-02	1.981931e+02	3.563105e-02	
36.000000	56.000000	1576.056366	998.188085	6.270690e-01	3.478554e-02	1.966329e+02	4.336310e-02	
36.000000	60.000000	175.893066	6.866297	6.505120e-01	3.196908e-02	1.930813e+02	4.439565e-02	
40.000000	0.000000	167.189262	9.887629	6.043306e-01	3.566883e-02	1.877869e+02	4.206478e-02	
40.000000	4.000000	1119.588313	1.735379	6.174114e-01	3.344605e-02	1.956321e+02	4.252256e-02	
40.000000	8.000000	168.186662	6.286063	6.075953e-01	3.155393e-02	1.954155e+02	4.165363e-02	
40.000000	12.000000	174.988444	74.667715	5.506368e-01	3.125096e-02	1.960344e+02	3.624838e-02	
40.000000	16.000000	-507.912461	284.836872	5.918554e-01	3.004155e-02	1.965130e+02	3.980900e-02	
40.000000	20.000000	97.826034	69.988647	6.636312e-01	3.999003e-02	1.966074e+02	4.662622e-02	
40.000000	24.000000	156.962167	311.924813	6.456614e-01	3.931934e-02	1.967231e+02	4.591015e-02	
40.000000	28.000000	-1073.440663	7.211747	6.189647e-01	2.897132e-02	1.968326e+02	4.197681e-02	
40.000000	32.000000	-1384.578099	5.009157	5.472336e-01	3.330642e-02	1.971537e+02	3.648887e-02	
40.000000	36.000000	-1582.084372	3.859568	6.858010e-01	4.572031e-02	1.977221e+02	5.047659e-02	
40.000000	40.000000	129.777108	5.012993	5.819221e-01	3.325559e-02	1.981837e+02	3.904478e-02	
40.000000	44.000000	110.471796	77.079758	6.205086e-01	3.417852e-02	1.986472e+02	4.292574e-02	
40.000000	48.000000	179.994743	41.825811	5.854021e-01	2.972248e-02	1.986494e+02	3.995773e-02	
40.000000	52.000000	198.228391	44.984081	5.190046e-01	3.261036e-02	1.981476e+02	3.388292e-02	
40.000000	56.000000	164.116608	6.759969	5.972219e-01	3.050457e-02	1.970872e+02	3.900616e-02	
40.000000	60.000000	226.655219	11.863300	5.787587e-01	2.851800e-02	1.938286e+02	4.813984e-02	
44.000000	0.000000	1579.020485	8.626686	5.810842e-01	2.680992e-02	1.886410e+02	3.895524e-02	
44.000000	4.000000	-1467.815148	7.572121	6.275460e-01	3.048247e-02	1.948251e+02	4.149215e-02	
44.000000	8.000000	177.076533	4.702667	5.908951e-01	3.344911e-02	1.950726e+02	4.049473e-02	
44.000000	12.000000	95.468890	807.412244	6.280511e-01	3.020623e-02	1.954674e+02	4.258729e-02	
44.000000	16.000000	742.907014	5.893065	6.131486e-01	2.889061e-02	1.958378e+02	4.126731e-02	
44.000000	20.000000	168.256169	20.051281	5.905791e-01	2.904854e-02	1.961605e+02	3.865992e-02	
44.000000	24.000000	-987.589583	251.689481	5.912021e-01	2.914827e-02	1.962936e+02	3.931783e-02	
44.000000	28.000000	889.743319	5.926835	6.015335e-01	3.075277e-02	1.965753e+02	4.127130e-02	
44.000000	32.000000	2029.946972	825.946036	5.863715e-01	2.795688e-02	1.964463e+02	3.951354e-02	
44.000000	36.000000	1419.012053	943.455505	5.632312e-01	2.903448e-02	1.969274e+02	3.663257e-02	
44.000000	40.000000	1876.710993	14.730332	5.964248e-01	2.878054e-02	1.974557e+02	4.025824e-02	
44.000000	44.000000	125.976728	37.829784	5.625457e-01	3.199425e-02	1.978709e+02	5.097733e-02	
44.000000	48.000000	137.347671	6.077493	6.509501e-01	4.069796e-02	1.981177e+02	4.741525e-02	
44.000000	52.000000	151.100522	0.115105	6.567939e-01	4.008237e-02	1.976849e+02	4.656454e-02	
44.000000	56.000000	162.607685	6.444146	6.259074e-01	2.961382e-02	1.968517e+02	4.435071e-02	
44.000000	60.000000	189.419261	18.422660	6.082754e-01	3.021664e-02	1.940578e+02	4.028604e-02	
48.000000	0.000000	1136.271731	9.566566	5.787228e-01	2.741716e-02	1.895635e+02	3.910921e-02	
48.000000	4.000000	103.627002	36.545759	5.596326e-01	2.745402e-02	1.938475e+02	4.246553e-02	
48.000000	8.000000	155.534318	959.320114	5.057485e-01	3.802853e-02	1.940514e+02	3.565501e-02	
48.000000	12.000000	1641.569885	5.772727	5.863027e-01	2.859774e-02	1.944533e+02	4.007743e-02	
48.000000	16.000000	-363.506712	335.412357	5.920356e-01	2.992417e-02	1.953920e+02	4.055800e-02	
48.000000	20.000000	98.492885	168.903559	5.723370e-01	2.698967e-02	1.954624e+02	3.923017e-02	
48.000000	24.000000	-103.164539	71.415673	5.993673e-01	2.681224e-02	1.956471e+02	4.036510e-02	
48.000000	28.000000	1151.152324	32.173681	6.224308e-01	3.086026e-02	1.959077e+02	4.397100e-02	
48.000000	32.000000	183.570185	41.713979	5.872463e-01	2.893183e-02	1.961418e+02	3.851834e-02	
48.000000	36.000000	110.882566	276.030023	6.273664e-01	2.621552e-02	1.966667e+02	4.456974e-02	
48.000000	40.000000	1475.795288	48.039901	5.435820e-01	2.848690e-02	1.971638e+02	3.515499e-02	
48.000000	44.000000	138.441178	216.216103	5.642501e-01	2.795211e-02	1.978461e+02	4.430569e-02	
48.000000	48.000000	143.182632	205.276117	5.953747e-01	2.755032e-02	1.981955e+02	4.013252e-02	
48.000000	52.000000	153.128681	3.886798	5.349877e-01	2.887544e-02	1.981193e+02	3.431352e-02	
48.000000	56.000000	-1119.079923	4.823057	5.980969e-01	3.052757e-02	1.970855e+02	3.913995e-02	
48.000000	60.000000	2358.809542	841.394147	5.828417e-01	3.540454e-02	1.950364e+02	4.281844e-02	
52.000000	0.000000	243.935448	92.776758	5.894796e-01	3.404706e-02	1.907723e+02	4.049897e-02	
52.000000	4.000000	110.566818	9.960101	6.343176e-01	3.158656e-02	1.931102e+02	4.174248e-02	
52.000000	8.000000	107.059249	703.812693	5.735807e-01	2.860594e-02	1.933078e+02	3.817021e-02	
52.000000	12.000000	105.974162	50.578851	5.720048e-01	3.414925e-02	1.941353e+02	3.884033e-02	
52.000000	16.000000	1902.182835	897.276214	6.059813e-01	3.080345e-02	1.945403e+02	4.111289e-02	
52.000000	20.000000	86.782067	68.312160	5.987118e-01	3.534095e-02	1.947955e+02	4.154374e-02	
52.000000	24.000000	1816.531675	1.085665	6.263382e-01	3.215637e-02	1.949164e+02	4.636061e-02	
52.000000	28.000000	97.910225	39.229275	6.270627e-01	2.937177e-02	1.952007e+02	4.219658e-02	
52.000000	32.000000	-952.587943	67.485165	6.745507e-01	4.131665e-02	1.954901e+02	4.744536e-02	
52.000000	36.000000	1015.145079	519.509349	6.107481e-01	3.489122e-02	1.959899e+02	4.606987e-02	
52.000000	40.000000	969.690339	496.269108	5.841357e-01	2.918773e-02	1.965540e+02	3.971015e-02	
52.000000	44.000000	95.873930	6.157490	5.806265e-01	2.796816e-02	1.971622e+02	3.905844e-02	
52.000000	48.000000	150.909142	232.456222	5.677506e-01	2.750873e-02	1.973645e+02	3.871079e-02	
52.000000	52.000000	-747.977239	3.642012	6.119629e-01	2.835187e-02	1.974114e+02	4.130777e-02	
52.000000	56.000000	1450.659383	90.290331	6.426017e-01	3.149625e-02	1.968938e+02	4.247376e-02	
52.000000	60.000000	236.825528	12.703019	6.005888e-01	2.871568e-02	1.952728e+02	3.986399e-02	
56.000000	0.000000	246.837225	14.220853	6.249637e-01	2.605536e-02	1.916793e+02	4.475574e-02	
56.000000	4.000000	119.737550	172.900033	5.763062e-01	2.618895e-02	1.918050e+02	4.266832e-02	
56.000000	8.000000	1566.694106	83.945996	6.200977e-01	3.240611e-02	1.920850e+02	4.121226e-02	
56.000000	12.000000	113.798843	630.046976	5.569507e-01	2.621168e-02	1.927159e+02	3.718210e-02	
56.000000	16.000000	113.028124	62.711374	6.051663e-01	2.876598e-02	1.934331e+02	4.079900e-02	
56.000000	20.000000	1840.748975	892.585080	5.939025e-01	2.612898e-02	1.936824e+02	4.015008e-02	
56.000000	24.000000	-1418.008742	140.002661	5.885221e-01	3.319115e-02	1.939845e+02	4.310027e-02	
56.000000	28.000000	2193.700157	15.095841	6.064118e-01	3.362931e-02	1.941996e+02	4.065355e-02	
56.000000	32.000000	104.941726	47.036948	6.595874e-01	3.731265e-02	1.946302e+02	4.590468e-02	
56.000000	36.000000	188.866317	81.946159	5.973325e-01	3.131908e-02	1.953040e+02	3.980040e-02	
56.000000	40.000000	196.170393	206.386883	5.712786e-01	2.694224e-02	1.958244e+02	4.351407e-02	
56.000000	44.000000	188.558057	5.478904	6.195015e-01	3.442459e-02	1.962316e+02	4.161167e-02	
56.000000	48.000000	26.941048	4.820695	5.942557e-01	2.557386e-02	1.967516e+02	4.265724e-02	
56.000000	52.000000	109.638482	43.536991	5.913863e-01	3.139240e-02	1.971095e+02	3.892239e-02	
56.000000	56.000000	-940.969589	37.080477	6.279513e-01	2.664835e-02	1.966370e+02	4.287253e-02	
56.000000	60.000000	138.295487	147.957545	5.939847e-01	3.158000e-02	1.952856e+02	3.939651e-02	
60.000000	0.000000	296.303351	28.176925	6.131101e-01	3.434084e-02	1.927036e+02	4.247675e-02	
60.000000	4.000000	-1210.623846	297.638159	5.959571e-01	2.935903e-02	1.901754e+02	3.924492e-02	
60.000000	8.000000	-1787.698780	312.476467	6.024453e-01	2.805768e-02	1.905890e+02	4.040960e-02	
60.000000	12.000000	-1681.657569	751.289929	6.414758e-01	3.565534e-02	1.913820e+02	4.410672e-02	
60.000000	16.000000	43.492087	722.874315	5.624202e-01	3.271516e-02	1.921733e+02	3.745509e-02	
60.000000	20.000000	131.944026	744.850121	6.229776e-01	2.595894e-02	1.926953e+02	4.536012e-02	
60.000000	24.000000	82.043809	170.742264	4.950156e-01	3.623056e-02	1.930666e+02	3.247535e-02	
60.000000	28.000000	-2774.961529	682.780338	6.139124e-01	3.128469e-02	1.932754e+02	4.071727e-02	
60.000000	32.000000	-2423.227523	798.634316	6.678207e-01	3.147242e-02	1.936162e+02	4.568879e-02	
60.000000	36.000000	122.015845	137.156911	4.762038e-01	3.181025e-02	1.940630e+02	2.898874e-02	
60.000000	40.000000	-1401.244631	804.714164	6.134362e-01	3.192763e-02	1.944906e+02	4.207679e-02	
60.000000	44.000000	108.872123	148.398420	5.875553e-01	3.382955e-02	1.950799e+02	4.040741e-02	
60.000000	48.000000	-1663.631322	596.421998	6.651440e-01	3.139561e-02	1.955029e+02	4.622540e-02	
60.000000	52.000000	-1712.537676	51.023959	5.755941e-01	2.716452e-02	1.958213e+02	4.480706e-02	
60.000000	56.000000	247.071813	54.835715	6.552887e-01	4.354275e-02	1.958191e+02	4.875700e-02	
60.000000	60.000000	149.919775	60.930089	4.986394e-01	3.487966e-02	1.950532e+02	3.240473e-02	
0.000000	0.000000	318.123901	973.650371	6.105518e-01	3.105759e-02	1.933864e+02	4.095633e-02	
