0.000000	4.000000	134.556727	4.291787	5.694543e-01	2.830595e-02	4.313360e+02	3.885239e-02	
0.000000	8.000000	134.550836	4.502030	5.121709e-01	2.614657e-02	4.307704e+02	3.408111e-02	
0.000000	12.000000	134.545157	3.750773	5.812416e-01	2.777948e-02	4.305353e+02	3.934324e-02	
0.000000	16.000000	134.550429	3.674456	5.296759e-01	2.285937e-02	4.305628e+02	3.679667e-02	
0.000000	20.000000	132.106069	0.010040	5.366097e-01	2.584262e-02	4.307332e+02	3.582378e-02	
0.000000	24.000000	128.304150	3.586889	4.396301e-01	3.605421e-02	4.310875e+02	2.632993e-02	
0.000000	28.000000	128.314045	42.249759	5.799050e-01	2.816164e-02	4.314202e+02	3.970298e-02	
0.000000	32.000000	128.304193	228.016666	5.801023e-01	3.101964e-02	4.317282e+02	3.951420e-02	
0.000000	36.000000	128.301779	1.598294	5.277460e-01	2.706070e-02	4.321459e+02	3.518937e-02	
0.000000	40.000000	134.504859	1.553132	5.678041e-01	2.690469e-02	4.325455e+02	3.872044e-02	
0.000000	44.000000	140.815294	1.819137	5.562419e-01	2.583136e-02	4.323748e+02	3.758586e-02	
0.000000	48.000000	152.447883	3.860142	5.408783e-01	2.438199e-02	4.316048e+02	3.724463e-02	
0.000000	52.000000	165.808302	4.855689	6.079730e-01	3.206284e-02	4.286179e+02	4.180417e-02	
0.000000	56.000000	153.300068	6.530280	5.323403e-01	2.289783e-02	4.224662e+02	3.697140e-02	
0.000000	60.000000	134.575447	5.067748	5.539737e-01	2.599208e-02	4.132875e+02	3.705486e-02	
4.000000	0.000000	128.295230	4.962629	5.473971e-01	3.003924e-02	4.128965e+02	3.528234e-02	
4.000000	4.000000	134.556005	6.447696	5.522061e-01	2.730930e-02	4.313036e+02	3.747621e-02	
4.000000	8.000000	134.545220	15.215413	5.379379e-01	2.629499e-02	4.307031e+02	3.661145e-02	
4.000000	12.000000	134.556007	23.835137	5.261585e-01	2.364701e-02	4.303865e+02	3.618849e-02	
4.000000	16.000000	134.549708	8.349695	5.158556e-01	2.308561e-02	4.303568e+02	3.546500e-02	
4.000000	20.000000	134.538632	3.872259	5.806003e-01	2.832688e-02	4.304066e+02	3.965337e-02	
4.000000	24.000000	132.512063	4.684436	5.179789e-01	3.159895e-02	4.308508e+02	3.391483e-02	
4.000000	28.000000	128.301202	2.769105	5.207602e-01	3.137519e-02	4.310948e+02	3.322700e-02	
4.000000	32.000000	128.288529	2.339736	5.611783e-01	2.574686e-02	4.314670e+02	3.853690e-02	
4.000000	36.000000	129.506902	3.091855	5.693027e-01	2.910551e-02	4.319020e+02	4.050646e-02	
4.000000	40.000000	134.543428	1.907917	4.978394e-01	2.503597e-02	4.322612e+02	3.371429e-02	
4.000000	44.000000	140.800210	2.182195	5.429774e-01	2.857986e-02	4.321667e+02	3.519853e-02	
4.000000	48.000000	153.296002	3.455461	5.563336e-01	2.559003e-02	4.314197e+02	3.818544e-02	
4.000000	52.000000	165.804138	3.455142	5.214213e-01	2.656517e-02	4.287934e+02	3.439550e-02	
4.000000	56.000000	153.296913	8.219948	5.750638e-01	3.197720e-02	4.232292e+02	3.918685e-02	
4.000000	60.000000	140.809570	4.949960	5.454544e-01	3.480035e-02	4.138783e+02	3.650533e-02	
8.000000	0.000000	134.553907	4.799148	5.372387e-01	3.325162e-02	4.129805e+02	3.929357e-02	
8.000000	4.000000	135.944757	68.964508	5.507899e-01	3.115467e-02	4.310069e+02	3.727046e-02	
8.000000	8.000000	135.950738	58.848041	5.781629e-01	2.955663e-02	4.303220e+02	3.947167e-02	
8.000000	12.000000	135.752127	4.944486	5.590344e-01	2.608497e-02	4.303425e+02	3.759338e-02	
8.000000	16.000000	134.545280	3.874339	5.181730e-01	2.617210e-02	4.302572e+02	3.515566e-02	
8.000000	20.000000	134.541485	23.077894	5.182609e-01	2.329891e-02	4.303495e+02	3.591178e-02	
8.000000	24.000000	134.551873	3.645798	5.676287e-01	2.913832e-02	4.307058e+02	3.862611e-02	
8.000000	28.000000	132.956868	2.502376	5.287597e-01	3.164383e-02	4.310340e+02	3.441855e-02	
8.000000	32.000000	132.466060	204.586371	5.466162e-01	2.616811e-02	4.313301e+02	3.731688e-02	
8.000000	36.000000	134.551637	1.823935	5.549689e-01	2.619716e-02	4.318261e+02	3.889481e-02	
8.000000	40.000000	134.544911	21.698848	5.310485e-01	2.650742e-02	4.322731e+02	3.603204e-02	
8.000000	44.000000	140.801717	2.440169	5.567878e-01	2.862416e-02	4.320920e+02	3.771663e-02	
8.000000	48.000000	153.293621	4.498247	5.633271e-01	2.625134e-02	4.316108e+02	3.804747e-02	
8.000000	52.000000	170.458755	4.510823	5.190355e-01	2.748767e-02	4.291397e+02	3.411886e-02	
8.000000	56.000000	159.545570	8.527551	5.310565e-01	3.679543e-02	4.239167e+02	3.514033e-02	
8.000000	60.000000	141.131710	6.582362	5.536009e-01	2.854159e-02	4.147329e+02	3.741792e-02	
12.000000	0.000000	134.549169	6.499748	5.049850e-01	2.757386e-02	4.127899e+02	3.387899e-02	
12.000000	4.000000	140.803778	4.513864	5.459249e-01	3.036336e-02	4.308571e+02	3.543068e-02	
12.000000	8.000000	139.911775	0.004855	4.624605e-01	3.633275e-02	4.300930e+02	2.887927e-02	
12.000000	12.000000	140.039738	5.550926	5.428981e-01	2.743168e-02	4.298661e+02	3.894833e-02	
12.000000	16.000000	139.056771	114.564504	5.232801e-01	2.955377e-02	4.301165e+02	3.335967e-02	
12.000000	20.000000	135.947978	45.793538	5.453209e-01	2.610625e-02	4.301913e+02	3.667518e-02	
12.000000	24.000000	134.550148	4.565674	5.692869e-01	2.700301e-02	4.305889e+02	3.889621e-02	
12.000000	28.000000	134.576598	3.085382	4.722509e-01	3.407479e-02	4.310081e+02	2.881338e-02	
12.000000	32.000000	134.567569	2.512728	4.808600e-01	2.390928e-02	4.312638e+02	3.374041e-02	
12.000000	36.000000	134.572139	2.246460	5.485719e-01	2.598845e-02	4.317617e+02	3.660818e-02	
12.000000	40.000000	134.895288	2.463692	5.585300e-01	3.008016e-02	4.321938e+02	3.658502e-02	
12.000000	44.000000	141.259109	2.834118	4.975033e-01	3.828426e-02	4.319906e+02	3.846944e-02	
12.000000	48.000000	153.300288	4.388559	5.558382e-01	2.785710e-02	4.317016e+02	3.778443e-02	
12.000000	52.000000	172.045563	6.459856	5.548509e-01	2.554532e-02	4.294102e+02	3.807787e-02	
12.000000	56.000000	163.632643	1093.669058	5.544556e-01	2.530034e-02	4.245209e+02	3.789352e-02	
12.000000	60.000000	147.045229	7.356388	5.578901e-01	2.591313e-02	4.155943e+02	3.825152e-02	
16.000000	0.000000	136.500475	1083.304600	5.904158e-01	2.888678e-02	4.124976e+02	3.999986e-02	
16.000000	4.000000	140.836915	9.541345	5.032670e-01	2.280282e-02	4.306729e+02	3.514159e-02	
16.000000	8.000000	140.805402	13.312794	5.028553e-01	2.906625e-02	4.300965e+02	3.238995e-02	
16.000000	12.000000	140.800056	18.252260	5.291252e-01	3.638554e-02	4.299122e+02	3.488876e-02	
16.000000	16.000000	140.797826	6.370260	5.664073e-01	2.625841e-02	4.298181e+02	4.111744e-02	
16.000000	20.000000	140.811704	4.121854	5.520753e-01	2.595940e-02	4.297480e+02	3.687607e-02	
16.000000	24.000000	136.619261	84.195377	5.222255e-01	2.677223e-02	4.302490e+02	3.530371e-02	
16.000000	28.000000	134.549946	3.190594	5.129282e-01	2.836125e-02	4.308935e+02	3.376515e-02	
16.000000	32.000000	134.543139	25.710013	5.325832e-01	2.836199e-02	4.312281e+02	3.577551e-02	
16.000000	36.000000	134.554168	2.232669	5.736856e-01	2.760685e-02	4.315939e+02	3.926513e-02	
16.000000	40.000000	139.584595	2.109013	5.480999e-01	2.847828e-02	4.318471e+02	3.562279e-02	
16.000000	44.000000	145.458756	30.202781	5.823441e-01	2.961532e-02	4.320760e+02	3.794094e-02	
16.000000	48.000000	153.299542	3.369838	6.101682e-01	3.158491e-02	4.315236e+02	4.191707e-02	
16.000000	52.000000	172.064239	7.914799	5.842681e-01	3.171500e-02	4.297341e+02	3.996192e-02	
16.000000	56.000000	166.258038	12.298736	5.113373e-01	2.604523e-02	4.252305e+02	3.397043e-02	
16.000000	60.000000	153.302055	6.379568	5.418219e-01	2.400739e-02	4.165713e+02	3.730551e-02	
20.000000	0.000000	140.802443	8.034145	5.022612e-01	2.701451e-02	4.121936e+02	3.294744e-02	
20.000000	4.000000	143.816731	47.863377	5.378033e-01	2.351886e-02	4.304473e+02	3.721332e-02	
20.000000	8.000000	143.303549	55.811266	5.406823e-01	2.868881e-02	4.298262e+02	3.514421e-02	
20.000000	12.000000	142.193389	6.301160	5.284134e-01	2.284287e-02	4.295726e+02	3.671392e-02	
20.000000	16.000000	141.957878	5.326589	6.194459e-01	3.313532e-02	4.295758e+02	4.268438e-02	
20.000000	20.000000	140.807746	5.254905	5.674395e-01	2.744254e-02	4.296025e+02	3.870728e-02	
20.000000	24.000000	140.803887	3.529037	5.162759e-01	3.523474e-02	4.300229e+02	3.623767e-02	
20.000000	28.000000	138.809186	60.416451	5.494627e-01	2.525604e-02	4.303954e+02	3.780707e-02	
20.000000	32.000000	136.325132	928.429406	5.108188e-01	3.070239e-02	4.310077e+02	3.215637e-02	
20.000000	36.000000	138.814614	2.566680	5.419032e-01	2.522388e-02	4.313530e+02	3.713972e-02	
20.000000	40.000000	140.807912	1.397500	5.437908e-01	2.600465e-02	4.317745e+02	3.615281e-02	
20.000000	44.000000	147.051767	2.359695	5.422365e-01	3.100977e-02	4.320052e+02	3.588100e-02	
20.000000	48.000000	154.708906	4.823899	6.361085e-01	3.534889e-02	4.315527e+02	4.404402e-02	
20.000000	52.000000	174.465540	1132.571804	5.692450e-01	4.226514e-02	4.299653e+02	4.141193e-02	
20.000000	56.000000	172.085828	4.225992	4.828442e-01	3.352629e-02	4.259222e+02	2.969990e-02	
20.000000	60.000000	154.183702	8.910499	4.894627e-01	2.304824e-02	4.177054e+02	3.437230e-02	
24.000000	0.000000	142.750475	11.357320	5.650026e-01	3.520869e-02	4.121379e+02	3.853380e-02	
24.000000	4.000000	147.049152	15.473792	5.347211e-01	2.319936e-02	4.304519e+02	3.706695e-02	
24.000000	8.000000	147.047913	13.234905	5.372227e-01	2.634929e-02	4.298108e+02	3.576866e-02	
24.000000	12.000000	147.058444	7.146763	5.097213e-01	2.088772e-02	4.294900e+02	3.603792e-02	
24.000000	16.000000	147.059854	4.596342	5.621489e-01	2.606087e-02	4.294790e+02	3.829882e-02	
24.000000	20.000000	145.174599	18.123055	5.746774e-01	2.700592e-02	4.295916e+02	3.877688e-02	
24.000000	24.000000	140.804259	5.129064	5.696390e-01	3.046073e-02	4.297428e+02	3.872208e-02	
24.000000	28.000000	140.807906	3.958400	5.103391e-01	2.529782e-02	4.302570e+02	3.424396e-02	
24.000000	32.000000	140.795860	2.803719	5.387588e-01	2.842446e-02	4.307622e+02	3.627746e-02	
24.000000	36.000000	140.801745	3.215475	5.114972e-01	3.280829e-02	4.310188e+02	3.359417e-02	
24.000000	40.000000	140.804140	2.837078	5.497458e-01	2.595890e-02	4.317221e+02	3.673897e-02	
24.000000	44.000000	147.045553	3.533070	4.880934e-01	3.461498e-02	4.320734e+02	3.068592e-02	
24.000000	48.000000	158.543776	3.130614	5.598474e-01	2.588253e-02	4.318084e+02	3.890606e-02	
24.000000	52.000000	178.305439	7.955028	5.151387e-01	3.643675e-02	4.300290e+02	3.683429e-02	
24.000000	56.000000	178.295182	6.347049	5.785586e-01	2.820115e-02	4.265594e+02	3.937115e-02	
24.000000	60.000000	159.555818	5.873075	5.447603e-01	3.033052e-02	4.190078e+02	3.568117e-02	
28.000000	0.000000	147.049410	7.584838	5.228190e-01	2.992348e-02	4.120357e+02	3.348040e-02	
28.000000	4.000000	148.403038	102.250383	4.960674e-01	3.126314e-02	4.300976e+02	3.089004e-02	
28.000000	8.000000	147.951230	80.252535	5.900218e-01	2.614263e-02	4.293116e+02	3.989835e-02	
28.000000	12.000000	148.379281	80.906489	5.897533e-01	2.868675e-02	4.292619e+02	3.911900e-02	
28.000000	16.000000	147.055890	5.424754	5.629810e-01	2.619388e-02	4.293202e+02	3.775220e-02	
28.000000	20.000000	147.043277	31.489744	5.579867e-01	3.388680e-02	4.291523e+02	3.769954e-02	
28.000000	24.000000	146.167118	4.196531	5.715765e-01	3.021525e-02	4.297290e+02	3.889450e-02	
28.000000	28.000000	142.036254	4.741678	4.518749e-01	3.540458e-02	4.300478e+02	2.637815e-02	
28.000000	32.000000	141.291776	3.274254	5.333365e-01	2.359458e-02	4.305765e+02	3.690808e-02	
28.000000	36.000000	140.837222	2.970797	5.227594e-01	3.254705e-02	4.309992e+02	3.559018e-02	
28.000000	40.000000	145.346503	135.646303	5.316351e-01	2.288682e-02	4.314565e+02	3.692470e-02	
28.000000	44.000000	148.286253	54.006742	5.179716e-01	3.408203e-02	4.318862e+02	3.372403e-02	
28.000000	48.000000	159.558705	4.526027	4.971145e-01	2.792819e-02	4.318035e+02	3.318541e-02	
28.000000	52.000000	178.302540	10.625361	5.122887e-01	2.547280e-02	4.302529e+02	3.429282e-02	
28.000000	56.000000	184.545266	11.656824	5.364700e-01	2.977482e-02	4.269677e+02	3.411015e-02	
28.000000	60.000000	165.805082	6.632980	5.185375e-01	3.124372e-02	4.199515e+02	3.291836e-02	
32.000000	0.000000	153.293492	6.182810	5.912432e-01	2.634530e-02	4.117839e+02	4.510298e-02	
32.000000	4.000000	153.305370	27.090753	5.884314e-01	3.350724e-02	4.297689e+02	3.959942e-02	
32.000000	8.000000	153.336578	26.040385	5.405403e-01	3.015197e-02	4.290820e+02	3.464876e-02	
32.000000	12.000000	153.302395	19.379859	6.024688e-01	2.897815e-02	4.287138e+02	4.001026e-02	
32.000000	16.000000	153.305334	5.410701	5.432979e-01	2.672448e-02	4.288472e+02	3.768507e-02	
32.000000	20.000000	151.196059	192.198544	4.956018e-01	3.152063e-02	4.289734e+02	3.050178e-02	
32.000000	24.000000	147.052678	5.475762	5.735602e-01	2.892465e-02	4.293306e+02	3.922435e-02	
32.000000	28.000000	147.046650	4.270375	5.346747e-01	2.897400e-02	4.298781e+02	3.436483e-02	
32.000000	32.000000	146.308292	2.937623	5.431747e-01	2.389582e-02	4.304714e+02	3.752205e-02	
32.000000	36.000000	147.054877	3.537628	5.479802e-01	2.618074e-02	4.308242e+02	3.747454e-02	
32.000000	40.000000	147.038550	3.355735	5.420221e-01	2.437995e-02	4.314214e+02	3.708288e-02	
32.000000	44.000000	153.299852	2.846058	5.550989e-01	2.569113e-02	4.316034e+02	3.797915e-02	
32.000000	48.000000	159.587222	3.348221	5.664069e-01	2.819387e-02	4.316734e+02	3.861429e-02	
32.000000	52.000000	178.301285	6.364675	5.124273e-01	2.344231e-02	4.303316e+02	3.518173e-02	
32.000000	56.000000	190.805676	6.543389	5.697117e-01	2.670865e-02	4.274269e+02	3.855515e-02	
32.000000	60.000000	172.725515	8.466431	5.138616e-01	2.683714e-02	4.211964e+02	3.376407e-02	
36.000000	0.000000	157.634121	10.563710	5.576935e-01	3.179940e-02	4.120125e+02	3.894865e-02	
36.000000	4.000000	157.967480	8.606683	5.522853e-01	2.492849e-02	4.294479e+02	3.799571e-02	
36.000000	8.000000	157.892469	9.113705	5.640338e-01	2.568944e-02	4.287909e+02	3.887828e-02	
36.000000	12.000000	157.106068	39.094526	5.846298e-01	2.867026e-02	4.285751e+02	4.003448e-02	
36.000000	16.000000	154.678183	8.277658	5.296759e-01	2.285937e-02	4.285628e+02	3.679667e-02	
36.000000	20.000000	153.307896	6.243808	5.775453e-01	2.728360e-02	4.285729e+02	3.900939e-02	
36.000000	24.000000	153.299590	5.093468	5.417537e-01	2.641220e-02	4.288341e+02	3.679274e-02	
36.000000	28.000000	148.412354	69.378327	5.802180e-01	2.846344e-02	4.296032e+02	3.970348e-02	
36.000000	32.000000	147.040312	3.883622	5.740849e-01	3.039392e-02	4.299835e+02	3.832561e-02	
36.000000	36.000000	147.577672	4.019910	5.612776e-01	2.613545e-02	4.306202e+02	3.789042e-02	
36.000000	40.000000	148.310196	293.109005	5.819090e-01	2.550275e-02	4.312514e+02	4.015475e-02	
36.000000	44.000000	153.295138	3.610215	5.851409e-01	2.916294e-02	4.314824e+02	3.970624e-02	
36.000000	48.000000	164.842009	64.045054	5.422362e-01	2.537840e-02	4.313269e+02	3.654807e-02	
36.000000	52.000000	183.348680	14.004030	5.989549e-01	2.591705e-02	4.303058e+02	4.100263e-02	
36.000000	56.000000	197.051791	5.080172	5.706445e-01	2.976128e-02	4.279453e+02	3.864991e-02	
36.000000	60.000000	182.361136	8.997867	6.184116e-01	3.095459e-02	4.220345e+02	4.118098e-02	
40.000000	0.000000	164.159094	500.068763	5.664073e-01	2.625825e-02	4.128181e+02	4.111718e-02	
40.000000	4.000000	161.079935	131.646112	5.736548e-01	2.991098e-02	4.289261e+02	3.730401e-02	
40.000000	8.000000	160.791159	394.838671	5.519467e-01	2.592469e-02	4.281972e+02	3.742070e-02	
40.000000	12.000000	160.790477	2.794968	5.572668e-01	3.377848e-02	4.280743e+02	3.814471e-02	
40.000000	16.000000	160.242277	6.110644	5.567108e-01	2.828959e-02	4.281043e+02	3.713730e-02	
40.000000	20.000000	159.554281	19.442593	5.811034e-01	2.785687e-02	4.281957e+02	3.852268e-02	
40.000000	24.000000	156.605463	9.423540	5.337566e-01	2.318390e-02	4.285578e+02	3.700327e-02	
40.000000	28.000000	153.295138	5.407246	4.974548e-01	3.120237e-02	4.289886e+02	3.060676e-02	
40.000000	32.000000	153.304188	4.313023	5.279339e-01	2.604159e-02	4.297219e+02	3.581098e-02	
40.000000	36.000000	153.300040	4.366184	5.216230e-01	2.785040e-02	4.301164e+02	3.499807e-02	
40.000000	40.000000	153.302948	205.635701	5.350456e-01	2.637359e-02	4.308030e+02	3.550483e-02	
40.000000	44.000000	158.354575	3.350621	5.335165e-01	2.888739e-02	4.312196e+02	3.506115e-02	
40.000000	48.000000	165.805434	4.603739	5.549857e-01	2.578995e-02	4.314757e+02	3.782053e-02	
40.000000	52.000000	184.551148	5.885983	5.497934e-01	2.459165e-02	4.304620e+02	3.787210e-02	
40.000000	56.000000	203.896351	9.225929	5.498415e-01	2.800482e-02	4.282751e+02	3.726624e-02	
40.000000	60.000000	190.801574	9.678849	5.069341e-01	3.162870e-02	4.230508e+02	3.558300e-02	
44.000000	0.000000	172.056465	14.229472	5.208515e-01	2.197714e-02	4.144510e+02	3.642897e-02	
44.000000	4.000000	167.208906	10.011721	5.285431e-01	2.258178e-02	4.285388e+02	3.678731e-02	
44.000000	8.000000	167.286575	6.979886	5.307258e-01	2.656955e-02	4.278236e+02	3.510578e-02	
44.000000	12.000000	167.166368	11.134644	5.581284e-01	2.566540e-02	4.275257e+02	3.807274e-02	
44.000000	16.000000	166.329312	13.826402	5.290705e-01	2.561139e-02	4.277044e+02	3.608670e-02	
44.000000	20.000000	165.805222	21.497817	5.986321e-01	3.311833e-02	4.277258e+02	4.122765e-02	
44.000000	24.000000	161.093100	135.683418	5.355105e-01	2.675204e-02	4.281520e+02	3.622232e-02	
44.000000	28.000000	159.552941	134.463366	5.043940e-01	2.470800e-02	4.287309e+02	3.413483e-02	
44.000000	32.000000	157.929020	59.023342	5.333436e-01	2.594726e-02	4.292528e+02	3.552395e-02	
44.000000	36.000000	157.065458	39.704136	5.103021e-01	3.070977e-02	4.299943e+02	3.206373e-02	
44.000000	40.000000	157.952231	3.483452	5.659143e-01	2.618808e-02	4.305000e+02	3.883713e-02	
44.000000	44.000000	160.842699	107.719174	5.287597e-01	3.164383e-02	4.310340e+02	3.441855e-02	
44.000000	48.000000	170.321314	3.841788	5.365709e-01	2.808474e-02	4.312421e+02	3.615542e-02	
44.000000	52.000000	185.800252	90.543023	5.328668e-01	2.290668e-02	4.305241e+02	3.700678e-02	
44.000000	56.000000	209.543436	6.877816	5.464783e-01	2.504899e-02	4.286138e+02	3.752665e-02	
44.000000	60.000000	203.302217	7.761117	5.452418e-01	3.990913e-02	4.239497e+02	3.748058e-02	
48.000000	0.000000	182.915069	9.373648	4.953801e-01	3.541171e-02	4.159378e+02	3.213087e-02	
48.000000	4.000000	177.221355	26.675561	5.672532e-01	3.069842e-02	4.277566e+02	3.850611e-02	
48.000000	8.000000	176.441351	123.811472	5.726723e-01	3.177478e-02	4.270361e+02	4.133345e-02	
48.000000	12.000000	176.888977	477.809860	5.721220e-01	3.243335e-02	4.267805e+02	3.892906e-02	
48.000000	16.000000	175.880807	988.476817	5.590416e-01	3.119731e-02	4.269806e+02	3.857414e-02	
48.000000	20.000000	172.796814	8.198302	5.321733e-01	3.060544e-02	4.271427e+02	3.437033e-02	
48.000000	24.000000	170.407143	9.441828	5.591646e-01	2.653908e-02	4.276030e+02	3.821625e-02	
48.000000	28.000000	166.232110	5.958506	5.416132e-01	3.003032e-02	4.280779e+02	3.470078e-02	
48.000000	32.000000	164.844048	13.558167	5.659473e-01	2.730669e-02	4.286315e+02	3.868240e-02	
48.000000	36.000000	163.736274	65.139989	5.665053e-01	3.304398e-02	4.291836e+02	3.846085e-02	
48.000000	40.000000	164.082865	142.248511	5.025845e-01	2.798228e-02	4.301560e+02	3.251598e-02	
48.000000	44.000000	166.300331	5.628174	5.514116e-01	2.959942e-02	4.307659e+02	3.719686e-02	
48.000000	48.000000	173.370847	30.711490	5.717004e-01	2.782840e-02	4.311688e+02	3.779673e-02	
48.000000	52.000000	190.796913	20.177027	5.512970e-01	2.490075e-02	4.304384e+02	3.792530e-02	
48.000000	56.000000	215.795484	13.805646	5.487891e-01	2.925060e-02	4.289297e+02	3.723611e-02	
48.000000	60.000000	216.477530	6.348368	5.932439e-01	3.691134e-02	4.251535e+02	4.150577e-02	
52.000000	0.000000	197.050040	11.145666	5.850600e-01	3.921636e-02	4.179033e+02	4.163244e-02	
52.000000	4.000000	190.805643	32.086370	5.961462e-01	3.179226e-02	4.270782e+02	3.958619e-02	
52.000000	8.000000	190.805827	29.170443	5.577316e-01	2.732281e-02	4.263263e+02	3.801529e-02	
52.000000	12.000000	189.579949	119.116959	4.183867e-01	3.439877e-02	4.261319e+02	2.898597e-02	
52.000000	16.000000	189.569735	700.399896	5.793080e-01	3.024136e-02	4.262163e+02	3.814217e-02	
52.000000	20.000000	185.789507	11.589814	5.439320e-01	2.391372e-02	4.265000e+02	3.757453e-02	
52.000000	24.000000	182.742953	37.478036	4.960082e-01	2.887293e-02	4.268697e+02	3.169135e-02	
52.000000	28.000000	176.648313	309.155053	5.532323e-01	2.522624e-02	4.275757e+02	3.801170e-02	
52.000000	32.000000	173.460624	27.465308	5.326520e-01	2.434380e-02	4.283586e+02	3.627959e-02	
52.000000	36.000000	172.054267	206.450255	5.936838e-01	3.292520e-02	4.290072e+02	4.192891e-02	
52.000000	40.000000	172.057858	12.552564	4.831047e-01	2.568470e-02	4.297706e+02	3.325170e-02	
52.000000	44.000000	172.951230	673.718371	5.581072e-01	2.704501e-02	4.303402e+02	3.808675e-02	
52.000000	48.000000	180.342698	219.940621	5.840025e-01	2.446021e-02	4.304894e+02	3.463439e-02	
52.000000	52.000000	197.054276	5.865153	5.423270e-01	2.882499e-02	4.361434e+02	3.128614e-02	
52.000000	56.000000	222.054258	15.490835	5.072099e-01	2.994179e-02	4.350029e+02	3.059666e-02	
52.000000	60.000000	235.777585	128.275119	6.090905e-01	2.199056e-02	4.316465e+02	3.662773e-02	
56.000000	0.000000	215.806604	15.841050	5.911964e-01	2.313571e-02	4.254022e+02	3.460581e-02	
56.000000	4.000000	218.787554	49.062607	5.428317e-01	2.367508e-02	4.317736e+02	3.096278e-02	
56.000000	8.000000	217.527327	36.545421	5.594457e-01	2.702403e-02	4.310092e+02	3.251736e-02	
56.000000	12.000000	217.150120	16.722050	5.293623e-01	2.333658e-02	4.307620e+02	3.028290e-02	
56.000000	16.000000	215.251698	105.658688	5.279662e-01	2.432350e-02	4.308407e+02	2.961930e-02	
56.000000	20.000000	210.887351	808.943387	6.059832e-01	3.284200e-02	4.311627e+02	3.719647e-02	
56.000000	24.000000	205.360897	67.895444	5.616693e-01	2.257846e-02	4.315741e+02	3.334109e-02	
56.000000	28.000000	197.890723	666.916457	5.614292e-01	2.276864e-02	4.324663e+02	3.323372e-02	
56.000000	32.000000	192.557963	8.365468	5.492934e-01	2.366862e-02	4.331661e+02	3.133228e-02	
56.000000	36.000000	189.090198	601.654421	5.561975e-01	2.334507e-02	4.338292e+02	3.783038e-02	
56.000000	40.000000	185.883078	6.236641	5.407486e-01	2.391098e-02	4.348291e+02	3.060532e-02	
56.000000	44.000000	186.136349	875.485034	5.761149e-01	2.248887e-02	4.353698e+02	3.368232e-02	
56.000000	48.000000	191.342743	6.573487	5.357729e-01	2.309186e-02	4.358486e+02	3.350638e-02	
56.000000	52.000000	205.203099	62.052400	5.649686e-01	2.218456e-02	4.357983e+02	3.671270e-02	
56.000000	56.000000	229.190464	9.600088	5.259397e-01	2.337799e-02	4.348607e+02	3.204596e-02	
56.000000	60.000000	265.103340	8.972311	5.437537e-01	2.514165e-02	4.321278e+02	3.037145e-02	
60.000000	0.000000	245.877693	8.290053	5.998090e-01	2.868089e-02	4.272807e+02	3.581868e-02	
60.000000	4.000000	351.228340	746.777262	5.569904e-01	2.597405e-02	4.309955e+02	3.138576e-02	
60.000000	8.000000	346.795832	746.495002	5.757517e-01	2.280988e-02	4.304076e+02	3.364789e-02	
60.000000	12.000000	343.589832	730.734350	5.435447e-01	2.809410e-02	4.301276e+02	3.099303e-02	
60.000000	16.000000	337.537845	761.439123	5.725890e-01	2.803874e-02	4.301703e+02	3.297314e-02	
60.000000	20.000000	327.183711	738.481800	6.045549e-01	2.363363e-02	4.304246e+02	3.541980e-02	
60.000000	24.000000	309.884297	720.241445	5.410240e-01	2.610394e-02	4.310261e+02	3.000488e-02	
60.000000	28.000000	287.533624	766.873411	5.899198e-01	2.708839e-02	4.320296e+02	3.405276e-02	
60.000000	32.000000	269.502408	169.529913	6.193682e-01	2.529293e-02	4.328500e+02	3.721892e-02	
60.000000	36.000000	253.102996	210.967311	6.037752e-01	2.422328e-02	4.335488e+02	3.534019e-02	
60.000000	40.000000	235.956736	717.438071	5.425060e-01	2.442454e-02	4.342508e+02	3.169952e-02	
60.000000	44.000000	223.605282	780.437641	5.084842e-01	2.851112e-02	4.349178e+02	2.810706e-02	
60.000000	48.000000	220.445327	10.061544	5.940665e-01	2.785388e-02	4.352889e+02	3.529879e-02	
60.000000	52.000000	229.057507	19.384933	5.416509e-01	2.388766e-02	4.351679e+02	3.067433e-02	
60.000000	56.000000	249.580227	1003.980341	5.714823e-01	2.425810e-02	4.346187e+02	3.369411e-02	
60.000000	60.000000	291.603098	15.191289	5.799117e-01	2.535489e-02	4.326572e+02	3.363435e-02	
0.000000	0.000000	310.891282	346.839996	4.955604e-01	2.526975e-02	4.291646e+02	2.750259e-02	
