0.000000	4.000000	147.052071	153.496601	6.195238e-01	3.135802e-02	4.464828e+02	4.201050e-02	
0.000000	8.000000	147.040927	2.607161	5.963523e-01	2.796383e-02	4.464100e+02	4.006501e-02	
0.000000	12.000000	141.611170	3.573297	6.022890e-01	2.572406e-02	4.467051e+02	4.179315e-02	
0.000000	16.000000	140.796248	30.494244	6.304279e-01	4.340715e-02	4.468931e+02	4.767668e-02	
0.000000	20.000000	139.852468	287.569892	5.515689e-01	3.704949e-02	4.470194e+02	4.272001e-02	
0.000000	24.000000	137.466577	974.306285	5.477171e-01	3.084065e-02	4.471978e+02	3.675698e-02	
0.000000	28.000000	136.129260	852.790753	5.834496e-01	2.884367e-02	4.472750e+02	3.872390e-02	
0.000000	32.000000	137.988865	61.578205	6.142445e-01	3.278241e-02	4.475245e+02	4.159660e-02	
0.000000	36.000000	140.798557	1.672326	5.695466e-01	2.660104e-02	4.474859e+02	3.906191e-02	
0.000000	40.000000	140.799289	1.564491	6.156088e-01	3.851445e-02	4.478242e+02	4.391740e-02	
0.000000	44.000000	147.061317	1.255148	5.579342e-01	3.540686e-02	4.478749e+02	3.784927e-02	
0.000000	48.000000	159.551719	104.646331	5.284134e-01	2.284170e-02	4.474274e+02	3.671243e-02	
0.000000	52.000000	178.307765	6.757909	5.990769e-01	3.014683e-02	4.454579e+02	4.099415e-02	
0.000000	56.000000	184.554190	26.965183	6.134365e-01	3.192765e-02	4.415094e+02	4.207668e-02	
0.000000	60.000000	172.055806	6.970360	5.346390e-01	2.575188e-02	4.352709e+02	3.572748e-02	
4.000000	0.000000	160.832528	875.128244	5.693272e-01	2.565741e-02	4.312475e+02	3.857022e-02	
4.000000	4.000000	147.766585	5.646102	6.228344e-01	2.791184e-02	4.462222e+02	4.370889e-02	
4.000000	8.000000	147.052264	165.943040	6.267120e-01	2.971616e-02	4.463188e+02	4.201029e-02	
4.000000	12.000000	145.268561	2.579173	5.659473e-01	2.730669e-02	4.466315e+02	3.868240e-02	
4.000000	16.000000	140.807619	2.983434	5.552183e-01	3.230748e-02	4.469948e+02	3.904129e-02	
4.000000	20.000000	140.798238	2.867439	5.855627e-01	2.753941e-02	4.471728e+02	3.937922e-02	
4.000000	24.000000	140.803282	2.147358	5.461089e-01	2.610693e-02	4.471874e+02	3.685478e-02	
4.000000	28.000000	140.804270	2.027056	5.722857e-01	2.841616e-02	4.473453e+02	3.907244e-02	
4.000000	32.000000	140.799382	2.070870	5.252940e-01	2.280610e-02	4.474079e+02	3.650864e-02	
4.000000	36.000000	140.790445	244.315443	5.543455e-01	2.555238e-02	4.475971e+02	3.761828e-02	
4.000000	40.000000	142.134599	203.566264	5.081736e-01	3.331718e-02	4.479723e+02	3.329784e-02	
4.000000	44.000000	147.570114	2.097540	4.955457e-01	3.287149e-02	4.479718e+02	3.359983e-02	
4.000000	48.000000	159.550267	219.952154	5.500256e-01	2.447118e-02	4.474905e+02	3.782078e-02	
4.000000	52.000000	178.302143	4.413970	5.691882e-01	2.847692e-02	4.457337e+02	3.765004e-02	
4.000000	56.000000	185.737111	102.660088	5.638965e-01	2.915030e-02	4.420668e+02	3.689853e-02	
4.000000	60.000000	176.785723	525.681573	5.458175e-01	3.284791e-02	4.359652e+02	4.078951e-02	
8.000000	0.000000	165.802044	9.506737	5.766141e-01	2.781943e-02	4.311823e+02	3.818339e-02	
8.000000	4.000000	151.661921	79.942992	5.776121e-01	2.987284e-02	4.460252e+02	3.745952e-02	
8.000000	8.000000	147.836604	4.175956	6.025137e-01	3.198613e-02	4.461390e+02	3.989512e-02	
8.000000	12.000000	147.050137	51.960856	6.248983e-01	3.449355e-02	4.463715e+02	4.325288e-02	
8.000000	16.000000	145.156900	36.420742	5.470874e-01	2.600733e-02	4.467577e+02	3.648070e-02	
8.000000	20.000000	140.803904	2.770045	6.200543e-01	3.176933e-02	4.469525e+02	4.338112e-02	
8.000000	24.000000	140.809574	15.390716	5.549106e-01	3.467845e-02	4.470467e+02	3.937036e-02	
8.000000	28.000000	140.805542	223.914522	5.331115e-01	2.662591e-02	4.471675e+02	3.553263e-02	
8.000000	32.000000	140.804264	227.778936	5.870866e-01	2.705322e-02	4.473635e+02	3.945485e-02	
8.000000	36.000000	140.802115	2.457626	5.716375e-01	2.696125e-02	4.475470e+02	3.917884e-02	
8.000000	40.000000	146.183318	1.915581	5.533505e-01	3.038886e-02	4.479383e+02	3.946771e-02	
8.000000	44.000000	151.618348	442.043759	5.544651e-01	3.321927e-02	4.478415e+02	3.724523e-02	
8.000000	48.000000	159.558794	2.108523	5.838895e-01	2.834773e-02	4.475422e+02	3.999869e-02	
8.000000	52.000000	178.304923	6.918550	5.560609e-01	2.990976e-02	4.459567e+02	3.575711e-02	
8.000000	56.000000	190.804664	4.431828	6.197510e-01	3.250287e-02	4.424312e+02	4.209934e-02	
8.000000	60.000000	178.303040	7.583330	5.609356e-01	2.626335e-02	4.368241e+02	4.016475e-02	
12.000000	0.000000	167.134607	11.859508	5.952395e-01	3.009632e-02	4.315893e+02	4.079882e-02	
12.000000	4.000000	153.295298	6.328581	5.893960e-01	3.181350e-02	4.458830e+02	3.901275e-02	
12.000000	8.000000	152.290182	106.912440	6.214169e-01	2.993189e-02	4.458655e+02	4.146923e-02	
12.000000	12.000000	147.044117	3.619548	5.843569e-01	2.723974e-02	4.463813e+02	3.929394e-02	
12.000000	16.000000	147.050013	3.966843	6.227875e-01	3.434034e-02	4.466379e+02	4.309594e-02	
12.000000	20.000000	145.174599	49.879600	5.594239e-01	3.717094e-02	4.468887e+02	5.843741e-02	
12.000000	24.000000	142.036254	3.299580	5.972065e-01	2.553191e-02	4.467347e+02	4.222405e-02	
12.000000	28.000000	141.298292	3.229482	4.974548e-01	3.120238e-02	4.469886e+02	3.060676e-02	
12.000000	32.000000	141.396362	47.921790	5.402839e-01	2.870032e-02	4.470937e+02	3.499198e-02	
12.000000	36.000000	145.045404	9.625464	5.779410e-01	2.894744e-02	4.473500e+02	3.948819e-02	
12.000000	40.000000	147.055819	19.868706	5.778514e-01	2.593030e-02	4.477125e+02	3.895458e-02	
12.000000	44.000000	153.304925	2.610438	5.298846e-01	2.260033e-02	4.475097e+02	3.687297e-02	
12.000000	48.000000	160.361251	64.563574	5.898133e-01	2.960089e-02	4.473537e+02	3.950048e-02	
12.000000	52.000000	178.301589	20.862591	5.951277e-01	2.976541e-02	4.458935e+02	3.898066e-02	
12.000000	56.000000	195.337647	4.108359	5.710232e-01	3.026811e-02	4.427662e+02	3.777841e-02	
12.000000	60.000000	184.551921	6.405748	5.177025e-01	2.185817e-02	4.374693e+02	3.622628e-02	
16.000000	0.000000	172.052730	10.918346	5.823206e-01	2.907775e-02	4.316225e+02	3.914845e-02	
16.000000	4.000000	154.697672	5.397740	6.079623e-01	3.262211e-02	4.456347e+02	4.143628e-02	
16.000000	8.000000	153.305899	27.091020	6.334109e-01	2.781089e-02	4.453992e+02	4.353382e-02	
16.000000	12.000000	151.703921	156.364572	5.225617e-01	2.963201e-02	4.459445e+02	3.316390e-02	
16.000000	16.000000	147.048696	3.219645	5.792903e-01	2.585635e-02	4.462836e+02	3.913258e-02	
16.000000	20.000000	147.047616	4.088544	5.614970e-01	2.618513e-02	4.466618e+02	3.772412e-02	
16.000000	24.000000	146.159460	2.404568	5.565833e-01	2.837395e-02	4.468116e+02	3.643126e-02	
16.000000	28.000000	146.054442	2.206292	5.790988e-01	3.533714e-02	4.468409e+02	3.991012e-02	
16.000000	32.000000	146.094684	2.468260	5.795634e-01	3.498629e-02	4.470991e+02	4.038110e-02	
16.000000	36.000000	147.049455	3.229943	5.955585e-01	3.261672e-02	4.477208e+02	4.093441e-02	
16.000000	40.000000	147.045988	2.426711	5.899077e-01	2.663667e-02	4.476575e+02	3.961185e-02	
16.000000	44.000000	153.295219	24.910432	4.758015e-01	3.279737e-02	4.479124e+02	2.899199e-02	
16.000000	48.000000	162.533422	47.144600	5.499899e-01	2.595067e-02	4.473871e+02	3.736069e-02	
16.000000	52.000000	178.305529	5.256165	6.418769e-01	3.899497e-02	4.462678e+02	4.561028e-02	
16.000000	56.000000	197.049921	4.586849	5.993503e-01	3.134294e-02	4.434957e+02	4.062754e-02	
16.000000	60.000000	190.808792	12.874181	5.192515e-01	2.834684e-02	4.381935e+02	3.378549e-02	
20.000000	0.000000	178.293570	6.004144	5.440790e-01	3.247579e-02	4.320553e+02	3.625708e-02	
20.000000	4.000000	159.554275	8.551605	6.286306e-01	3.477015e-02	4.453903e+02	4.352340e-02	
20.000000	8.000000	156.479843	0.985759	5.723743e-01	2.688048e-02	4.456746e+02	3.842070e-02	
20.000000	12.000000	153.302424	165.468452	6.240226e-01	2.962482e-02	4.457871e+02	4.164049e-02	
20.000000	16.000000	151.717481	174.223043	5.633677e-01	2.567431e-02	4.462129e+02	3.862774e-02	
20.000000	20.000000	147.055204	3.523563	5.914419e-01	3.480888e-02	4.468004e+02	4.090606e-02	
20.000000	24.000000	147.055435	202.610999	6.365252e-01	2.955590e-02	4.468216e+02	4.476883e-02	
20.000000	28.000000	147.060581	208.069059	6.843380e-01	5.065332e-02	4.468845e+02	5.565951e-02	
20.000000	32.000000	147.063579	216.862356	4.973325e-01	3.626249e-02	4.470621e+02	3.291204e-02	
20.000000	36.000000	147.052051	23.215824	6.029547e-01	2.562596e-02	4.472641e+02	4.354694e-02	
20.000000	40.000000	150.386109	969.268886	5.846298e-01	2.867026e-02	4.475751e+02	4.003447e-02	
20.000000	44.000000	153.836488	3.614030	5.801023e-01	3.101963e-02	4.477282e+02	3.951418e-02	
20.000000	48.000000	164.634249	101.191997	6.292879e-01	2.802070e-02	4.472493e+02	4.349803e-02	
20.000000	52.000000	178.825077	4.705262	5.844254e-01	2.585617e-02	4.462892e+02	3.959854e-02	
20.000000	56.000000	200.976360	1103.969499	4.863904e-01	3.256286e-02	4.439389e+02	2.980005e-02	
20.000000	60.000000	197.051927	8.304598	5.708975e-01	2.898023e-02	4.389118e+02	3.740329e-02	
24.000000	0.000000	182.873292	8.455328	5.444944e-01	3.052861e-02	4.330374e+02	3.516407e-02	
24.000000	4.000000	160.720006	75.114333	5.859561e-01	2.961542e-02	4.453640e+02	4.009382e-02	
24.000000	8.000000	159.551937	41.575774	5.915964e-01	3.166603e-02	4.453020e+02	4.063579e-02	
24.000000	12.000000	155.773877	4.887640	6.064084e-01	3.190354e-02	4.454752e+02	4.116339e-02	
24.000000	16.000000	153.300099	197.121318	5.715337e-01	3.129642e-02	4.460328e+02	3.804576e-02	
24.000000	20.000000	151.552133	3.057366	5.722844e-01	3.088168e-02	4.462525e+02	3.893874e-02	
24.000000	24.000000	148.428057	49.721250	6.152949e-01	3.119355e-02	4.464783e+02	4.171497e-02	
24.000000	28.000000	148.341530	73.330330	5.801386e-01	2.556462e-02	4.467732e+02	4.099179e-02	
24.000000	32.000000	148.292593	73.343669	5.715301e-01	2.909166e-02	4.470758e+02	3.779131e-02	
24.000000	36.000000	149.933214	979.787689	5.643673e-01	3.092850e-02	4.472296e+02	3.824593e-02	
24.000000	40.000000	153.303641	3.396312	5.942285e-01	2.740038e-02	4.473778e+02	3.997170e-02	
24.000000	44.000000	157.997046	56.780023	5.710842e-01	2.821228e-02	4.476540e+02	3.890345e-02	
24.000000	48.000000	165.792966	5.438535	5.570692e-01	2.558785e-02	4.474552e+02	3.796233e-02	
24.000000	52.000000	182.004203	72.118785	5.804530e-01	2.919557e-02	4.466209e+02	3.953225e-02	
24.000000	56.000000	203.300019	15.877213	6.226883e-01	3.184649e-02	4.442928e+02	4.146284e-02	
24.000000	60.000000	202.424319	4.832455	6.061941e-01	3.103282e-02	4.395094e+02	4.161262e-02	
28.000000	0.000000	187.113891	1130.077949	6.031567e-01	3.006510e-02	4.338995e+02	4.322469e-02	
28.000000	4.000000	165.801903	20.564903	5.932792e-01	2.959825e-02	4.448161e+02	3.903020e-02	
28.000000	8.000000	162.270155	103.592465	5.519446e-01	3.313952e-02	4.450048e+02	3.925134e-02	
28.000000	12.000000	159.552986	7.944957	5.120914e-01	2.298865e-02	4.453680e+02	3.568921e-02	
28.000000	16.000000	156.020157	243.842792	5.798170e-01	3.354768e-02	4.457990e+02	3.971116e-02	
28.000000	20.000000	153.303964	3.620663	5.615917e-01	3.326515e-02	4.460641e+02	3.833250e-02	
28.000000	24.000000	153.301972	4.223381	5.664073e-01	2.624991e-02	4.461819e+02	4.110445e-02	
28.000000	28.000000	153.302591	4.040624	5.874995e-01	2.865729e-02	4.464719e+02	4.016554e-02	
28.000000	32.000000	153.304191	3.349641	5.736856e-01	2.760685e-02	4.465939e+02	3.926513e-02	
28.000000	36.000000	153.302062	3.743862	5.534617e-01	3.294960e-02	4.469542e+02	4.253974e-02	
28.000000	40.000000	153.305806	2.759135	5.348978e-01	2.526038e-02	4.473074e+02	3.601252e-02	
28.000000	44.000000	159.555427	4.556986	6.076742e-01	3.173378e-02	4.475943e+02	4.175704e-02	
28.000000	48.000000	165.805822	3.629626	6.222985e-01	3.333619e-02	4.475475e+02	4.288740e-02	
28.000000	52.000000	183.759872	3.688510	5.982256e-01	2.915208e-02	4.468330e+02	3.948373e-02	
28.000000	56.000000	203.308805	9.502120	5.482235e-01	2.678112e-02	4.446883e+02	3.733361e-02	
28.000000	60.000000	209.553944	15.887156	5.917806e-01	2.916398e-02	4.404766e+02	4.046709e-02	
32.000000	0.000000	195.417558	8.249516	5.455077e-01	3.064769e-02	4.349515e+02	3.828883e-02	
32.000000	4.000000	168.882719	218.903440	6.211210e-01	2.622974e-02	4.446658e+02	4.340846e-02	
32.000000	8.000000	165.801896	6.337720	6.744147e-01	3.060459e-02	4.445099e+02	4.768731e-02	
32.000000	12.000000	163.596557	88.009240	6.384466e-01	4.079301e-02	4.448090e+02	4.633999e-02	
32.000000	16.000000	159.558501	4.411154	5.897794e-01	2.812865e-02	4.455583e+02	3.971202e-02	
32.000000	20.000000	157.993098	54.733243	6.121407e-01	3.867625e-02	4.458379e+02	4.373717e-02	
32.000000	24.000000	154.506902	2.571244	6.209307e-01	3.103928e-02	4.459957e+02	4.076380e-02	
32.000000	28.000000	154.131416	4.150008	5.300473e-01	2.996173e-02	4.462068e+02	3.486485e-02	
32.000000	32.000000	154.101179	3.759864	6.052960e-01	3.128080e-02	4.464199e+02	4.156235e-02	
32.000000	36.000000	154.489005	3.912855	5.825088e-01	2.811008e-02	4.467827e+02	3.854524e-02	
32.000000	40.000000	157.917472	32.543250	6.149720e-01	2.986033e-02	4.471295e+02	4.077886e-02	
32.000000	44.000000	160.826485	62.294830	5.891821e-01	3.007645e-02	4.473592e+02	4.033630e-02	
32.000000	48.000000	170.336705	42.414819	5.387588e-01	2.842390e-02	4.472378e+02	3.627771e-02	
32.000000	52.000000	184.550012	6.245048	5.937194e-01	3.001378e-02	4.465986e+02	4.068472e-02	
32.000000	56.000000	203.827703	9.709007	6.288967e-01	4.564735e-02	4.449385e+02	4.937242e-02	
32.000000	60.000000	215.801920	6.639102	5.811317e-01	2.975777e-02	4.410844e+02	3.782020e-02	
36.000000	0.000000	203.295929	9.839948	5.435179e-01	2.539941e-02	4.356509e+02	3.713628e-02	
36.000000	4.000000	173.427609	15.173802	5.627849e-01	2.914732e-02	4.440886e+02	3.949194e-02	
36.000000	8.000000	170.973225	21.348752	5.924151e-01	3.351239e-02	4.440426e+02	4.131987e-02	
36.000000	12.000000	167.234773	6.463806	6.367521e-01	3.607147e-02	4.443801e+02	4.427599e-02	
36.000000	16.000000	164.567755	683.372812	6.342674e-01	3.107817e-02	4.448889e+02	4.528353e-02	
36.000000	20.000000	161.073522	306.009453	5.972370e-01	3.050647e-02	4.456034e+02	4.095050e-02	
36.000000	24.000000	159.549075	199.318424	6.417279e-01	4.027297e-02	4.457802e+02	4.619222e-02	
36.000000	28.000000	158.419004	4.764971	6.110155e-01	3.056675e-02	4.459528e+02	4.005457e-02	
36.000000	32.000000	158.387242	4.244750	5.728755e-01	2.975456e-02	4.460732e+02	3.707866e-02	
36.000000	36.000000	159.554260	4.509089	5.854008e-01	2.842100e-02	4.465047e+02	4.011046e-02	
36.000000	40.000000	159.554270	3.771109	4.712040e-01	3.642781e-02	4.470285e+02	2.956901e-02	
36.000000	44.000000	163.941320	4.126370	5.149730e-01	2.958962e-02	4.471382e+02	3.278517e-02	
36.000000	48.000000	172.051002	200.783060	5.725205e-01	2.855246e-02	4.473257e+02	3.828796e-02	
36.000000	52.000000	185.075819	4.798446	5.433002e-01	3.009942e-02	4.467934e+02	3.643167e-02	
36.000000	56.000000	207.742798	17.750206	6.022133e-01	3.052017e-02	4.451503e+02	3.956872e-02	
36.000000	60.000000	223.825132	1016.036821	5.918755e-01	2.920339e-02	4.419010e+02	4.044917e-02	
40.000000	0.000000	209.549063	7.080339	5.498398e-01	3.019628e-02	4.368825e+02	4.493034e-02	
40.000000	4.000000	178.881336	7.855602	6.140639e-01	3.169156e-02	4.435499e+02	4.170879e-02	
40.000000	8.000000	177.104055	245.975966	7.030970e-01	4.647651e-02	4.435357e+02	5.028741e-02	
40.000000	12.000000	172.057195	38.413150	5.982256e-01	2.915104e-02	4.441670e+02	3.948245e-02	
40.000000	16.000000	167.594636	1.242997	6.463376e-01	2.725420e-02	4.446149e+02	4.588450e-02	
40.000000	20.000000	165.801920	8.006571	5.489634e-01	2.845346e-02	4.450925e+02	3.618149e-02	
40.000000	24.000000	164.071817	174.612616	6.306986e-01	3.699050e-02	4.452844e+02	4.426851e-02	
40.000000	28.000000	161.684541	78.914435	5.940913e-01	2.551324e-02	4.457232e+02	4.108723e-02	
40.000000	32.000000	160.928183	75.243736	5.970189e-01	3.035235e-02	4.459443e+02	4.078331e-02	
40.000000	36.000000	161.629792	933.407869	5.933365e-01	2.687318e-02	4.462278e+02	3.838450e-02	
40.000000	40.000000	164.609651	645.326214	7.409910e-01	5.418722e-02	4.465697e+02	5.453095e-02	
40.000000	44.000000	167.176566	4.896827	5.369313e-01	2.973374e-02	4.470242e+02	3.416612e-02	
40.000000	48.000000	174.424948	72.877167	5.636220e-01	3.078950e-02	4.472690e+02	3.767708e-02	
40.000000	52.000000	189.158577	78.629005	6.093408e-01	2.843693e-02	4.465845e+02	4.109776e-02	
40.000000	56.000000	209.555590	10.340381	5.755761e-01	2.825112e-02	4.455642e+02	3.928130e-02	
40.000000	60.000000	234.545415	19.304778	6.036160e-01	3.087636e-02	4.424435e+02	4.142494e-02	
44.000000	0.000000	222.052307	16.000720	5.842681e-01	3.171500e-02	4.377341e+02	3.996191e-02	
44.000000	4.000000	185.885847	192.548344	6.244423e-01	3.140038e-02	4.430843e+02	4.111800e-02	
44.000000	8.000000	183.083331	9.537937	5.828088e-01	2.957242e-02	4.430718e+02	3.801141e-02	
44.000000	12.000000	179.018209	36.474045	5.869495e-01	2.571345e-02	4.432816e+02	4.002168e-02	
44.000000	16.000000	173.320980	126.240833	6.433775e-01	3.852374e-02	4.441900e+02	4.468455e-02	
44.000000	20.000000	171.183883	8.929810	6.222063e-01	2.860343e-02	4.446018e+02	4.193077e-02	
44.000000	24.000000	169.255464	76.734022	5.780354e-01	2.962900e-02	4.449320e+02	3.945135e-02	
44.000000	28.000000	167.041159	41.981295	5.453581e-01	3.036367e-02	4.450331e+02	3.516061e-02	
44.000000	32.000000	167.088279	4.268864	6.138823e-01	3.213302e-02	4.454622e+02	4.221008e-02	
44.000000	36.000000	167.086776	5.823208	5.959722e-01	2.970854e-02	4.456696e+02	3.978460e-02	
44.000000	40.000000	167.533939	241.220945	5.796219e-01	2.919786e-02	4.461396e+02	3.790527e-02	
44.000000	44.000000	172.051200	6.843150	5.886335e-01	3.430904e-02	4.467953e+02	4.058081e-02	
44.000000	48.000000	178.309070	47.226251	7.195232e-01	5.924164e-02	4.469465e+02	6.579046e-02	
44.000000	52.000000	190.800618	33.147873	5.821783e-01	2.864976e-02	4.465640e+02	3.960061e-02	
44.000000	56.000000	210.304849	121.079571	5.920354e-01	2.992405e-02	4.456080e+02	4.055761e-02	
44.000000	60.000000	240.804257	15.094878	5.679637e-01	2.917294e-02	4.428912e+02	3.691782e-02	
48.000000	0.000000	234.550427	12.364018	5.522700e-01	2.836726e-02	4.387294e+02	3.741782e-02	
48.000000	4.000000	195.296303	14.335860	6.072594e-01	2.922408e-02	4.422945e+02	4.046015e-02	
48.000000	8.000000	192.177264	26.833790	5.649316e-01	3.145899e-02	4.421378e+02	3.715830e-02	
48.000000	12.000000	186.283939	265.046387	5.983144e-01	2.685965e-02	4.426643e+02	4.028717e-02	
48.000000	16.000000	182.892470	7.032843	5.798492e-01	2.633257e-02	4.433182e+02	3.895545e-02	
48.000000	20.000000	178.307667	145.723629	6.466448e-01	3.287469e-02	4.436745e+02	4.325748e-02	
48.000000	24.000000	176.406900	829.564290	5.906768e-01	2.882679e-02	4.441239e+02	3.923728e-02	
48.000000	28.000000	173.910637	70.182517	6.540365e-01	3.189446e-02	4.445083e+02	4.500401e-02	
48.000000	32.000000	173.343009	393.688918	5.970616e-01	3.002100e-02	4.449089e+02	4.243566e-02	
48.000000	36.000000	173.450424	4.803218	5.917256e-01	3.064522e-02	4.453411e+02	4.044705e-02	
48.000000	40.000000	173.216163	246.607341	6.009017e-01	2.893419e-02	4.458454e+02	3.990527e-02	
48.000000	44.000000	177.351709	6.255625	5.962341e-01	3.170606e-02	4.461911e+02	3.947554e-02	
48.000000	48.000000	183.789937	5.312703	5.614970e-01	2.618513e-02	4.466618e+02	3.772412e-02	
48.000000	52.000000	197.054259	5.166537	6.194456e-01	2.859671e-02	4.464218e+02	4.182523e-02	
48.000000	56.000000	215.826666	8.118767	5.569784e-01	2.595189e-02	4.455387e+02	3.781437e-02	
48.000000	60.000000	245.403492	11.866597	5.965634e-01	2.987359e-02	4.434624e+02	4.089855e-02	
52.000000	0.000000	253.303955	8.903049	5.833242e-01	2.860774e-02	4.394155e+02	3.993720e-02	
52.000000	4.000000	208.673933	42.085651	5.666854e-01	3.104245e-02	4.412454e+02	3.774296e-02	
52.000000	8.000000	204.740819	45.720155	6.279093e-01	2.864672e-02	4.412805e+02	4.249752e-02	
52.000000	12.000000	198.624253	863.826894	6.766237e-01	3.224901e-02	4.418228e+02	4.578881e-02	
52.000000	16.000000	194.435237	101.276073	6.139470e-01	3.051623e-02	4.426455e+02	4.097601e-02	
52.000000	20.000000	189.147126	384.326140	6.033449e-01	3.076416e-02	4.430215e+02	3.965254e-02	
52.000000	24.000000	185.791158	721.465494	6.218331e-01	2.739393e-02	4.437415e+02	5.047705e-02	
52.000000	28.000000	183.483505	246.363098	6.335936e-01	3.077029e-02	4.438868e+02	4.224914e-02	
52.000000	32.000000	182.823206	37.323284	5.885038e-01	3.241890e-02	4.443242e+02	3.974246e-02	
52.000000	36.000000	182.851527	5.125942	6.106774e-01	3.025589e-02	4.447709e+02	4.041563e-02	
52.000000	40.000000	182.967429	4.749766	5.926700e-01	2.936880e-02	4.454671e+02	4.061746e-02	
52.000000	44.000000	185.199079	130.297206	5.358246e-01	3.883754e-02	4.459290e+02	5.299663e-02	
52.000000	48.000000	190.804340	113.339010	5.820539e-01	3.704739e-02	4.461473e+02	6.461423e-02	
52.000000	52.000000	203.301977	6.102970	5.973938e-01	3.206640e-02	4.462097e+02	3.967675e-02	
52.000000	56.000000	220.829284	6.440895	6.334658e-01	3.191196e-02	4.458827e+02	4.180203e-02	
52.000000	60.000000	250.386109	1056.657980	5.872133e-01	3.003875e-02	4.439958e+02	3.820609e-02	
56.000000	0.000000	273.910637	1006.961742	5.805147e-01	3.105334e-02	4.408393e+02	5.329053e-02	
56.000000	4.000000	235.234931	525.661222	6.445388e-01	3.728861e-02	4.400503e+02	4.705894e-02	
56.000000	8.000000	229.541478	58.188591	6.227340e-01	3.064509e-02	4.400967e+02	4.362771e-02	
56.000000	12.000000	221.729249	183.600556	5.843551e-01	2.848778e-02	4.408194e+02	4.899424e-02	
56.000000	16.000000	213.790310	574.853754	6.686991e-01	4.072210e-02	4.415886e+02	4.711423e-02	
56.000000	20.000000	207.917455	47.243020	6.350644e-01	3.054386e-02	4.425224e+02	4.310515e-02	
56.000000	24.000000	204.248659	53.712291	6.035265e-01	3.054610e-02	4.429872e+02	3.974616e-02	
56.000000	28.000000	201.667475	718.234142	6.338114e-01	3.211518e-02	4.430523e+02	4.193991e-02	
56.000000	32.000000	198.332430	735.321647	5.962754e-01	3.232929e-02	4.437068e+02	4.096480e-02	
56.000000	36.000000	197.798705	127.745544	6.062811e-01	3.210139e-02	4.440614e+02	4.051534e-02	
56.000000	40.000000	196.007464	6.286179	6.731163e-01	4.351226e-02	4.447190e+02	4.892381e-02	
56.000000	44.000000	197.615097	156.469938	6.274351e-01	3.648178e-02	4.453385e+02	4.251572e-02	
56.000000	48.000000	201.745417	320.926759	6.200510e-01	3.427933e-02	4.456608e+02	4.283860e-02	
56.000000	52.000000	211.570850	929.832129	6.218619e-01	3.095354e-02	4.457391e+02	4.129655e-02	
56.000000	56.000000	229.059375	6.865676	6.479189e-01	3.345479e-02	4.454293e+02	4.374382e-02	
56.000000	60.000000	258.357645	7.630754	6.192496e-01	2.948614e-02	4.442037e+02	4.124496e-02	
60.000000	0.000000	297.925714	15.873154	6.268294e-01	3.599031e-02	4.416957e+02	4.373651e-02	
60.000000	4.000000	365.093625	763.927194	6.054566e-01	3.251265e-02	4.386441e+02	4.127464e-02	
60.000000	8.000000	350.917209	777.373487	5.881591e-01	2.972440e-02	4.386267e+02	4.026231e-02	
60.000000	12.000000	328.478301	240.531436	6.050931e-01	3.096558e-02	4.394623e+02	4.153269e-02	
60.000000	16.000000	307.263883	275.243401	6.294433e-01	3.258948e-02	4.404192e+02	4.234552e-02	
60.000000	20.000000	290.285070	751.981018	5.809819e-01	3.037159e-02	4.413002e+02	3.872360e-02	
60.000000	24.000000	277.783368	716.897350	6.651793e-01	3.341751e-02	4.418228e+02	4.411879e-02	
60.000000	28.000000	267.350606	279.410012	5.802035e-01	2.789101e-02	4.424624e+02	3.974953e-02	
60.000000	32.000000	257.815668	625.941976	6.141605e-01	2.873718e-02	4.428273e+02	4.596811e-02	
60.000000	36.000000	246.905182	654.137689	5.782700e-01	2.615486e-02	4.433048e+02	3.887470e-02	
60.000000	40.000000	237.112323	866.880882	5.939488e-01	3.152865e-02	4.437296e+02	3.941638e-02	
60.000000	44.000000	232.084941	98.215137	6.050377e-01	2.773805e-02	4.442170e+02	4.095052e-02	
60.000000	48.000000	231.020156	75.578443	6.725711e-01	2.884509e-02	4.446318e+02	4.507014e-02	
60.000000	52.000000	236.880581	914.273915	6.521406e-01	3.584693e-02	4.448600e+02	5.845592e-02	
60.000000	56.000000	251.586700	442.998948	6.269902e-01	3.281589e-02	4.445553e+02	4.269562e-02	
60.000000	60.000000	276.653093	103.915964	5.827070e-01	2.549123e-02	4.437523e+02	4.043089e-02	
0.000000	0.000000	320.428508	26.484215	6.035928e-01	3.082383e-02	4.421030e+02	3.960217e-02	
