0.000000	4.000000	135.195556	58.644275	5.512895e-01	2.527812e-02	4.394075e+02	3.747943e-02	
0.000000	8.000000	134.555490	2.794151	6.101544e-01	3.471074e-02	4.392778e+02	4.112615e-02	
0.000000	12.000000	134.560248	2.272689	6.097832e-01	3.217711e-02	4.396086e+02	4.193962e-02	
0.000000	16.000000	130.686881	159.176881	5.766418e-01	3.516001e-02	4.398573e+02	5.953648e-02	
0.000000	20.000000	128.309706	1.988278	5.449415e-01	3.551938e-02	4.399768e+02	4.341900e-02	
0.000000	24.000000	128.302824	202.332803	5.261798e-01	3.551596e-02	4.400071e+02	3.878291e-02	
0.000000	28.000000	128.291341	241.363449	5.364350e-01	3.176218e-02	4.401395e+02	3.499509e-02	
0.000000	32.000000	128.305589	42.968261	5.090755e-01	2.686487e-02	4.402285e+02	3.434391e-02	
0.000000	36.000000	128.767482	1.512590	5.640178e-01	2.639412e-02	4.404200e+02	3.865665e-02	
0.000000	40.000000	134.558655	0.872577	5.255422e-01	2.444731e-02	4.406754e+02	3.568206e-02	
0.000000	44.000000	140.805223	1.321779	6.304462e-01	3.557714e-02	4.403519e+02	4.382140e-02	
0.000000	48.000000	147.810688	116.668696	5.607395e-01	2.840081e-02	4.402467e+02	3.705413e-02	
0.000000	52.000000	165.804141	4.170974	5.339525e-01	2.453384e-02	4.383520e+02	3.669650e-02	
0.000000	56.000000	165.800014	5.386063	6.212340e-01	3.046781e-02	4.339049e+02	4.112077e-02	
0.000000	60.000000	153.295851	5.785033	6.342075e-01	3.726495e-02	4.277065e+02	4.454554e-02	
4.000000	0.000000	142.379261	10.926674	6.180613e-01	3.081833e-02	4.221164e+02	4.065278e-02	
4.000000	4.000000	139.799692	3.124078	5.687551e-01	2.975570e-02	4.390042e+02	3.675148e-02	
4.000000	8.000000	135.411582	61.470908	6.083808e-01	3.143966e-02	4.390497e+02	4.021134e-02	
4.000000	12.000000	134.551760	29.737101	6.211340e-01	3.402818e-02	4.393629e+02	4.285715e-02	
4.000000	16.000000	134.553577	1.730784	5.924353e-01	3.054844e-02	4.396455e+02	4.058703e-02	
4.000000	20.000000	130.444203	237.997160	5.187468e-01	4.203229e-02	4.399617e+02	5.020042e-02	
4.000000	24.000000	128.301860	1.858494	5.652409e-01	3.459843e-02	4.400635e+02	3.973199e-02	
4.000000	28.000000	128.296478	1.996289	5.215240e-01	2.847686e-02	4.398995e+02	3.575869e-02	
4.000000	32.000000	128.519773	1.632401	5.147802e-01	3.524852e-02	4.400253e+02	3.591137e-02	
4.000000	36.000000	132.996234	19.616741	5.642333e-01	2.586146e-02	4.402631e+02	3.787209e-02	
4.000000	40.000000	134.553794	19.205710	5.740131e-01	2.862173e-02	4.403414e+02	3.910488e-02	
4.000000	44.000000	140.807196	1.421037	5.239996e-01	2.463731e-02	4.403103e+02	3.547990e-02	
4.000000	48.000000	150.000000	71.541216	5.431919e-01	3.076390e-02	4.399992e+02	3.582085e-02	
4.000000	52.000000	165.805197	4.589994	6.023156e-01	2.604036e-02	4.383151e+02	4.122564e-02	
4.000000	56.000000	167.040887	5.201451	5.449283e-01	2.491860e-02	4.344304e+02	3.733010e-02	
4.000000	60.000000	158.910068	6.363654	5.416387e-01	2.373908e-02	4.284619e+02	3.735074e-02	
8.000000	0.000000	147.058935	7.211065	5.637254e-01	3.141256e-02	4.221394e+02	3.699922e-02	
8.000000	4.000000	140.795275	120.292278	6.017632e-01	3.857093e-02	4.388628e+02	4.282012e-02	
8.000000	8.000000	140.799041	2.647594	5.944696e-01	3.336001e-02	4.387526e+02	4.084844e-02	
8.000000	12.000000	131.550852	2.997293	5.677501e-01	2.750865e-02	4.393645e+02	3.871095e-02	
8.000000	16.000000	134.556601	22.675271	5.537560e-01	2.497132e-02	4.395332e+02	3.810076e-02	
8.000000	20.000000	134.554154	1.989801	5.493959e-01	2.663894e-02	4.398439e+02	3.881226e-02	
8.000000	24.000000	132.806768	37.031919	5.512936e-01	2.593183e-02	4.397696e+02	3.688403e-02	
8.000000	28.000000	132.466060	70.930123	4.922016e-01	3.028258e-02	4.399285e+02	3.106572e-02	
8.000000	32.000000	133.378830	1.499164	5.361203e-01	2.981587e-02	4.400363e+02	3.408337e-02	
8.000000	36.000000	134.551777	1.212551	5.328811e-01	2.617663e-02	4.402307e+02	3.536825e-02	
8.000000	40.000000	134.557909	1.174854	5.007598e-01	2.065179e-02	4.404240e+02	3.561161e-02	
8.000000	44.000000	140.795208	1.706519	5.190023e-01	2.275927e-02	4.403782e+02	3.610367e-02	
8.000000	48.000000	153.293188	2.437446	5.690639e-01	2.892600e-02	4.399003e+02	4.023575e-02	
8.000000	52.000000	165.804919	7.004426	5.539060e-01	2.641188e-02	4.384358e+02	3.776846e-02	
8.000000	56.000000	172.054025	2.831132	5.958341e-01	3.020778e-02	4.350128e+02	3.888662e-02	
8.000000	60.000000	159.545260	5.992959	5.702987e-01	2.818692e-02	4.292028e+02	3.754235e-02	
12.000000	0.000000	147.055891	4.623335	5.601060e-01	2.684268e-02	4.226171e+02	3.825328e-02	
12.000000	4.000000	140.798709	2.864681	5.916486e-01	2.759800e-02	4.388190e+02	4.009218e-02	
12.000000	8.000000	140.802259	4.033752	5.790988e-01	3.533713e-02	4.388409e+02	3.991013e-02	
12.000000	12.000000	139.804443	2.057722	5.893960e-01	3.181452e-02	4.391170e+02	3.901412e-02	
12.000000	16.000000	134.542809	2.042950	5.786726e-01	2.939295e-02	4.396446e+02	3.941625e-02	
12.000000	20.000000	134.555791	204.448722	5.377669e-01	2.876443e-02	4.398510e+02	3.468475e-02	
12.000000	24.000000	134.557874	1.993798	5.936797e-01	2.782122e-02	4.398388e+02	4.141830e-02	
12.000000	28.000000	134.554161	1.776745	5.559915e-01	2.814206e-02	4.398901e+02	3.679058e-02	
12.000000	32.000000	134.548529	1.460720	5.179982e-01	3.144506e-02	4.399972e+02	3.384428e-02	
12.000000	36.000000	134.538810	14.620118	4.911725e-01	2.873957e-02	4.401452e+02	3.147602e-02	
12.000000	40.000000	138.929079	836.553767	5.799799e-01	2.875557e-02	4.402804e+02	3.843447e-02	
12.000000	44.000000	141.320114	40.309282	5.322407e-01	2.742427e-02	4.402506e+02	3.593179e-02	
12.000000	48.000000	153.300249	35.401303	5.871412e-01	3.218041e-02	4.397389e+02	4.022424e-02	
12.000000	52.000000	166.162711	6.299963	6.101682e-01	3.158498e-02	4.384764e+02	4.191725e-02	
12.000000	56.000000	176.706867	628.183312	5.454925e-01	3.183755e-02	4.351208e+02	3.571833e-02	
12.000000	60.000000	165.835915	11.134792	5.621763e-01	2.988877e-02	4.297474e+02	3.810599e-02	
16.000000	0.000000	153.303807	9.717278	5.990062e-01	2.780622e-02	4.228293e+02	4.194590e-02	
16.000000	4.000000	145.434152	3.887549	6.241129e-01	3.346663e-02	4.385000e+02	4.301498e-02	
16.000000	8.000000	141.050708	3.519818	5.769922e-01	2.746575e-02	4.385235e+02	3.954072e-02	
16.000000	12.000000	140.826489	3.954996	6.009017e-01	2.893418e-02	4.388454e+02	3.990525e-02	
16.000000	16.000000	139.004873	640.599197	5.414526e-01	2.884449e-02	4.390777e+02	3.544456e-02	
16.000000	20.000000	135.022392	2.405471	5.870668e-01	2.773089e-02	4.394136e+02	3.954897e-02	
16.000000	24.000000	134.555416	67.153964	5.312694e-01	2.314568e-02	4.395771e+02	3.683748e-02	
16.000000	28.000000	134.551588	1.773204	5.868381e-01	2.891117e-02	4.395794e+02	4.010132e-02	
16.000000	32.000000	134.554164	1.777967	5.023794e-01	3.321206e-02	4.399650e+02	3.575689e-02	
16.000000	36.000000	135.889367	1.942418	5.066397e-01	3.031004e-02	4.401191e+02	3.199244e-02	
16.000000	40.000000	140.802051	1.982346	5.446239e-01	3.026781e-02	4.401121e+02	3.513802e-02	
16.000000	44.000000	145.341446	17.071072	5.864807e-01	2.645634e-02	4.402060e+02	4.476885e-02	
16.000000	48.000000	153.301629	2.590670	5.027907e-01	2.904999e-02	4.399059e+02	3.234967e-02	
16.000000	52.000000	169.702903	11.132965	5.624130e-01	2.577663e-02	4.387543e+02	3.784622e-02	
16.000000	56.000000	178.301904	4.774913	5.889722e-01	2.550829e-02	4.357539e+02	4.165957e-02	
16.000000	60.000000	171.105900	5.725900	5.685595e-01	2.642301e-02	4.304953e+02	3.891707e-02	
20.000000	0.000000	157.868887	6.462329	6.443582e-01	2.840540e-02	4.237372e+02	4.570486e-02	
20.000000	4.000000	147.056004	24.564910	5.616552e-01	2.576333e-02	4.385236e+02	3.857149e-02	
20.000000	8.000000	146.241770	3.386665	5.592840e-01	2.791820e-02	4.383020e+02	3.733194e-02	
20.000000	12.000000	141.610487	4.083757	5.985781e-01	2.610469e-02	4.387019e+02	4.099526e-02	
20.000000	16.000000	140.815188	70.020915	5.835358e-01	2.978606e-02	4.389534e+02	3.863450e-02	
20.000000	20.000000	140.044755	2.114008	5.371674e-01	2.867367e-02	4.391822e+02	3.494677e-02	
20.000000	24.000000	136.447433	72.573441	6.006002e-01	3.078334e-02	4.395777e+02	4.074758e-02	
20.000000	28.000000	135.405318	34.280915	5.901834e-01	2.982746e-02	4.396173e+02	4.041698e-02	
20.000000	32.000000	136.325132	58.348884	5.781629e-01	2.955655e-02	4.396780e+02	3.947096e-02	
20.000000	36.000000	139.588581	280.251837	5.920251e-01	2.591880e-02	4.396954e+02	4.012898e-02	
20.000000	40.000000	140.768416	65.275359	4.703803e-01	3.306216e-02	4.401042e+02	2.877980e-02	
20.000000	44.000000	147.055415	2.511262	5.563581e-01	2.585869e-02	4.402400e+02	3.729653e-02	
20.000000	48.000000	153.303751	2.981414	5.454937e-01	2.956447e-02	4.399428e+02	3.492577e-02	
20.000000	52.000000	171.063331	6.278258	5.942549e-01	2.557625e-02	4.387516e+02	4.266118e-02	
20.000000	56.000000	184.559195	6.657121	5.664260e-01	2.779566e-02	4.361527e+02	3.732849e-02	
20.000000	60.000000	172.590905	200.108496	5.470874e-01	2.600531e-02	4.312423e+02	3.647837e-02	
24.000000	0.000000	159.549520	5.268677	5.827689e-01	3.020370e-02	4.246866e+02	3.973646e-02	
24.000000	4.000000	148.298218	74.521770	5.887834e-01	2.916112e-02	4.382980e+02	3.917644e-02	
24.000000	8.000000	147.048668	4.348098	6.103355e-01	3.291876e-02	4.382569e+02	4.066844e-02	
24.000000	12.000000	147.057647	2.741036	5.917394e-01	3.040042e-02	4.384864e+02	4.021283e-02	
24.000000	16.000000	141.212273	3.054115	5.543883e-01	2.598130e-02	4.387769e+02	3.722060e-02	
24.000000	20.000000	140.800545	34.008488	6.041549e-01	3.177423e-02	4.388657e+02	3.992657e-02	
24.000000	24.000000	140.800031	2.633155	5.130926e-01	3.184583e-02	4.390653e+02	3.255602e-02	
24.000000	28.000000	140.799172	2.369993	5.913720e-01	3.312504e-02	4.391029e+02	5.045006e-02	
24.000000	32.000000	140.804259	2.173427	5.742597e-01	2.820444e-02	4.393687e+02	3.925098e-02	
24.000000	36.000000	140.806002	187.747741	5.264575e-01	2.362478e-02	4.396349e+02	3.638370e-02	
24.000000	40.000000	142.116275	21.667660	5.101537e-01	3.039383e-02	4.400466e+02	3.185017e-02	
24.000000	44.000000	147.051139	2.208789	5.372891e-01	3.154164e-02	4.401677e+02	3.566323e-02	
24.000000	48.000000	155.564764	222.457702	5.960168e-01	3.744976e-02	4.398519e+02	4.191701e-02	
24.000000	52.000000	172.054680	6.934546	5.540401e-01	2.785730e-02	4.388590e+02	4.201420e-02	
24.000000	56.000000	186.908563	1124.174004	6.262615e-01	3.078744e-02	4.361820e+02	4.142879e-02	
24.000000	60.000000	178.338089	4.967823	5.421998e-01	2.816234e-02	4.317483e+02	3.660689e-02	
28.000000	0.000000	165.804895	5.942483	5.945242e-01	2.919354e-02	4.254977e+02	4.024697e-02	
28.000000	4.000000	153.302250	5.224561	6.041644e-01	2.627967e-02	4.376720e+02	4.120433e-02	
28.000000	8.000000	150.701298	67.080369	6.483684e-01	3.471164e-02	4.376232e+02	4.355011e-02	
28.000000	12.000000	147.050475	3.590130	5.538646e-01	2.840949e-02	4.382191e+02	3.640700e-02	
28.000000	16.000000	147.077435	2.434293	5.481357e-01	2.454845e-02	4.385570e+02	3.775562e-02	
28.000000	20.000000	141.952057	69.750482	5.756999e-01	3.083349e-02	4.387373e+02	3.914589e-02	
28.000000	24.000000	141.285834	2.599872	5.294219e-01	2.776314e-02	4.388817e+02	3.656203e-02	
28.000000	28.000000	140.824522	2.323669	6.010842e-01	2.986597e-02	4.388802e+02	3.946093e-02	
28.000000	32.000000	140.803271	28.838394	4.896146e-01	3.115904e-02	4.391131e+02	3.050673e-02	
28.000000	36.000000	141.208527	2.772183	5.826306e-01	2.930289e-02	4.396114e+02	3.967213e-02	
28.000000	40.000000	146.360068	2.165432	5.426181e-01	2.663996e-02	4.398486e+02	3.752663e-02	
28.000000	44.000000	148.290887	2.711779	5.407850e-01	2.780442e-02	4.402454e+02	3.573912e-02	
28.000000	48.000000	159.576572	2.777455	5.405955e-01	3.229508e-02	4.399704e+02	3.906223e-02	
28.000000	52.000000	172.053874	21.323538	5.897546e-01	3.484264e-02	4.391066e+02	4.086303e-02	
28.000000	56.000000	190.795194	5.958977	6.399163e-01	4.027091e-02	4.367653e+02	4.563332e-02	
28.000000	60.000000	184.576674	4.147680	5.512870e-01	2.612813e-02	4.327434e+02	3.675951e-02	
32.000000	0.000000	172.051969	6.191297	5.402820e-01	2.406004e-02	4.265518e+02	3.726401e-02	
32.000000	4.000000	154.659943	5.085098	6.051349e-01	2.942405e-02	4.374653e+02	4.086007e-02	
32.000000	8.000000	153.305902	4.338499	5.863247e-01	2.846942e-02	4.374977e+02	3.973512e-02	
32.000000	12.000000	152.277552	71.568576	6.227875e-01	3.434034e-02	4.376379e+02	4.309595e-02	
32.000000	16.000000	147.060843	3.186465	6.471217e-01	2.994930e-02	4.383362e+02	4.382935e-02	
32.000000	20.000000	147.057902	3.462624	5.899673e-01	2.994518e-02	4.385971e+02	4.014754e-02	
32.000000	24.000000	145.980656	2.559393	5.484363e-01	2.623309e-02	4.388281e+02	3.770842e-02	
32.000000	28.000000	145.547943	37.577178	5.715779e-01	3.192573e-02	4.389666e+02	4.135356e-02	
32.000000	32.000000	145.463828	23.357484	4.819705e-01	3.116223e-02	4.391341e+02	3.023188e-02	
32.000000	36.000000	147.069045	2.642338	6.018024e-01	3.097139e-02	4.394530e+02	4.064443e-02	
32.000000	40.000000	147.083267	194.036074	5.811553e-01	2.885165e-02	4.397205e+02	3.859097e-02	
32.000000	44.000000	153.295898	2.715587	5.861553e-01	2.581664e-02	4.397785e+02	4.284667e-02	
32.000000	48.000000	159.552101	187.127791	4.809921e-01	2.998601e-02	4.401229e+02	3.031703e-02	
32.000000	52.000000	172.056342	4.814377	5.743718e-01	2.795821e-02	4.391904e+02	3.790923e-02	
32.000000	56.000000	192.041251	13.571377	5.639729e-01	3.110202e-02	4.372313e+02	3.748392e-02	
32.000000	60.000000	190.805842	5.440622	5.484510e-01	2.509648e-02	4.333958e+02	3.766751e-02	
36.000000	0.000000	178.300800	5.925504	6.181936e-01	3.304870e-02	4.275853e+02	4.259409e-02	
36.000000	4.000000	159.555392	6.682372	6.004415e-01	2.652677e-02	4.372286e+02	4.673770e-02	
36.000000	8.000000	157.894805	5.369414	5.810741e-01	3.193004e-02	4.371085e+02	3.852711e-02	
36.000000	12.000000	153.813087	3.997297	6.338023e-01	2.939286e-02	4.374465e+02	4.305686e-02	
36.000000	16.000000	152.432492	3.830419	5.656385e-01	2.581235e-02	4.377408e+02	3.803569e-02	
36.000000	20.000000	148.412355	62.027199	6.269870e-01	3.670796e-02	4.382753e+02	4.396802e-02	
36.000000	24.000000	147.048073	2.824415	5.970836e-01	2.990261e-02	4.385282e+02	4.093649e-02	
36.000000	28.000000	147.045968	3.284115	6.048922e-01	3.296228e-02	4.386925e+02	4.159711e-02	
36.000000	32.000000	147.046063	0.292493	6.135070e-01	2.631326e-02	4.387413e+02	4.728398e-02	
36.000000	36.000000	147.060088	2.667664	5.479845e-01	2.903414e-02	4.392396e+02	3.687954e-02	
36.000000	40.000000	149.738314	61.456670	6.443066e-01	3.272001e-02	4.395291e+02	4.406089e-02	
36.000000	44.000000	153.295709	2.973308	5.687368e-01	3.119651e-02	4.398715e+02	3.733211e-02	
36.000000	48.000000	160.915767	52.714496	5.707635e-01	3.113971e-02	4.399185e+02	4.375025e-02	
36.000000	52.000000	176.195592	56.425939	5.410550e-01	2.873497e-02	4.390857e+02	3.520639e-02	
36.000000	56.000000	196.159392	7.917969	5.832953e-01	2.867421e-02	4.375545e+02	3.965794e-02	
36.000000	60.000000	201.667472	859.724791	6.056071e-01	3.736180e-02	4.340367e+02	4.630659e-02	
40.000000	0.000000	185.161313	7.436275	4.878431e-01	2.844283e-02	4.288157e+02	3.258939e-02	
40.000000	4.000000	164.775570	10.330006	6.328581e-01	3.366988e-02	4.365744e+02	4.314582e-02	
40.000000	8.000000	160.451230	80.551223	6.131292e-01	2.992350e-02	4.367048e+02	4.081841e-02	
40.000000	12.000000	159.545574	49.416276	5.715301e-01	2.909325e-02	4.369242e+02	3.779324e-02	
40.000000	16.000000	154.506903	189.117960	6.077443e-01	2.825986e-02	4.375964e+02	4.059663e-02	
40.000000	20.000000	153.338016	195.004899	6.273520e-01	3.049296e-02	4.377521e+02	4.172276e-02	
40.000000	24.000000	153.304149	3.997308	5.748670e-01	2.989488e-02	4.379728e+02	3.789070e-02	
40.000000	28.000000	151.510444	437.691749	5.421645e-01	2.599478e-02	4.382544e+02	3.612996e-02	
40.000000	32.000000	151.618888	545.701611	5.747248e-01	2.722301e-02	4.384579e+02	3.929762e-02	
40.000000	36.000000	152.135392	253.007017	5.724420e-01	3.154291e-02	4.387660e+02	3.894591e-02	
40.000000	40.000000	153.295181	3.711710	5.466162e-01	2.616810e-02	4.393301e+02	3.731687e-02	
40.000000	44.000000	157.868207	3.776681	5.499745e-01	2.596244e-02	4.397657e+02	3.674239e-02	
40.000000	48.000000	165.805093	4.029118	5.081097e-01	2.807013e-02	4.398630e+02	3.289846e-02	
40.000000	52.000000	178.300449	4.591928	5.775711e-01	2.550900e-02	4.392419e+02	3.982031e-02	
40.000000	56.000000	197.049612	9.833791	5.554936e-01	2.944592e-02	4.379249e+02	3.865740e-02	
40.000000	60.000000	209.552000	23.619328	6.622215e-01	4.644705e-02	4.348678e+02	5.133795e-02	
44.000000	0.000000	197.058596	6.092576	5.983905e-01	2.653202e-02	4.296602e+02	4.037108e-02	
44.000000	4.000000	170.481125	8.488124	6.086971e-01	3.022299e-02	4.360645e+02	4.021944e-02	
44.000000	8.000000	167.051001	6.024686	6.583644e-01	3.581302e-02	4.360204e+02	4.676581e-02	
44.000000	12.000000	164.581141	7.095883	6.173629e-01	2.689303e-02	4.363610e+02	4.219672e-02	
44.000000	16.000000	159.926722	4.207301	5.527666e-01	2.862232e-02	4.371320e+02	4.306043e-02	
44.000000	20.000000	158.045724	4.640882	5.765058e-01	2.772634e-02	4.375751e+02	3.947556e-02	
44.000000	24.000000	156.382720	28.635201	5.780354e-01	2.962898e-02	4.379320e+02	3.945131e-02	
44.000000	28.000000	154.568056	30.490105	5.185375e-01	3.124374e-02	4.379515e+02	3.291837e-02	
44.000000	32.000000	153.744221	3.466690	6.295430e-01	3.042798e-02	4.381694e+02	4.181346e-02	
44.000000	36.000000	154.457043	3.913715	5.553347e-01	2.639287e-02	4.383587e+02	3.796802e-02	
44.000000	40.000000	157.821315	19.102010	5.407153e-01	3.058304e-02	4.392115e+02	3.573542e-02	
44.000000	44.000000	159.552250	3.312369	5.571384e-01	2.616692e-02	4.396178e+02	3.814963e-02	
44.000000	48.000000	167.040295	4.166853	5.392578e-01	2.462272e-02	4.396286e+02	3.707091e-02	
44.000000	52.000000	179.356301	5.596648	5.830952e-01	3.065163e-02	4.392661e+02	3.876910e-02	
44.000000	56.000000	198.955000	1024.958572	5.259664e-01	2.664623e-02	4.382747e+02	3.520192e-02	
44.000000	60.000000	217.307958	21.757589	6.190908e-01	3.279634e-02	4.354763e+02	4.261612e-02	
48.000000	0.000000	206.636109	9.858969	5.801978e-01	2.593263e-02	4.307329e+02	3.945605e-02	
48.000000	4.000000	178.989485	55.255198	4.911685e-01	3.020797e-02	4.351609e+02	3.155449e-02	
48.000000	8.000000	175.165348	107.831552	5.929291e-01	2.596795e-02	4.353040e+02	4.030984e-02	
48.000000	12.000000	172.051989	6.705661	5.702774e-01	2.737146e-02	4.358315e+02	4.430622e-02	
48.000000	16.000000	167.020076	37.885801	5.427741e-01	2.415232e-02	4.364285e+02	3.743588e-02	
48.000000	20.000000	164.857737	325.604767	5.439172e-01	2.704437e-02	4.368548e+02	3.828987e-02	
48.000000	24.000000	162.206755	116.344986	6.012778e-01	3.601668e-02	4.371584e+02	4.163205e-02	
48.000000	28.000000	160.742962	431.478447	5.492913e-01	2.539273e-02	4.376183e+02	3.767504e-02	
48.000000	32.000000	160.207164	3.968412	5.931056e-01	3.828473e-02	4.378634e+02	4.186730e-02	
48.000000	36.000000	160.224708	3.487124	5.668448e-01	2.637797e-02	4.383433e+02	3.807175e-02	
48.000000	40.000000	161.161210	4.102499	5.767252e-01	2.829658e-02	4.387691e+02	3.801059e-02	
48.000000	44.000000	165.795764	220.041050	5.486407e-01	3.212585e-02	4.390426e+02	4.056874e-02	
48.000000	48.000000	172.052061	4.977768	5.854760e-01	2.855715e-02	4.395561e+02	4.001624e-02	
48.000000	52.000000	184.559621	5.752533	5.909687e-01	2.552149e-02	4.392667e+02	4.102390e-02	
48.000000	56.000000	203.305889	20.336511	5.408410e-01	2.848231e-02	4.382002e+02	3.535619e-02	
48.000000	60.000000	228.304188	8.102315	5.950362e-01	3.034277e-02	4.360298e+02	3.885453e-02	
52.000000	0.000000	222.060099	6.758908	5.914157e-01	2.788886e-02	4.317857e+02	3.939604e-02	
52.000000	4.000000	189.953561	9.971850	5.929760e-01	2.784641e-02	4.344048e+02	3.991266e-02	
52.000000	8.000000	185.714090	715.261925	5.899798e-01	2.903821e-02	4.345213e+02	4.001568e-02	
52.000000	12.000000	182.929020	6.712522	6.243574e-01	3.243739e-02	4.350052e+02	4.255057e-02	
52.000000	16.000000	177.481083	7.304533	5.759186e-01	2.741924e-02	4.355423e+02	3.946133e-02	
52.000000	20.000000	173.431164	591.318430	5.592754e-01	3.178292e-02	4.361977e+02	3.776739e-02	
52.000000	24.000000	171.174470	140.714750	5.644376e-01	2.964610e-02	4.367336e+02	3.831787e-02	
52.000000	28.000000	170.337647	34.839651	6.656407e-01	5.457633e-02	4.370121e+02	6.100779e-02	
52.000000	32.000000	169.615297	51.960063	5.428023e-01	2.690667e-02	4.371435e+02	3.807020e-02	
52.000000	36.000000	168.130585	36.089894	6.278736e-01	3.406192e-02	4.375333e+02	4.333257e-02	
52.000000	40.000000	170.025946	18.568772	5.800011e-01	2.765612e-02	4.381662e+02	3.884034e-02	
52.000000	44.000000	172.055395	0.043427	6.155600e-01	4.140568e-02	4.388879e+02	4.537504e-02	
52.000000	48.000000	178.300996	28.892118	6.390604e-01	3.199539e-02	4.390826e+02	4.215829e-02	
52.000000	52.000000	190.800360	4.803258	5.825842e-01	3.022109e-02	4.389662e+02	3.908219e-02	
52.000000	56.000000	208.792486	5.086403	5.906881e-01	2.969005e-02	4.383925e+02	4.037020e-02	
52.000000	60.000000	234.552360	21.331470	6.287412e-01	3.412700e-02	4.364952e+02	4.339277e-02	
56.000000	0.000000	240.803757	28.890475	6.083800e-01	2.770886e-02	4.328024e+02	4.224518e-02	
56.000000	4.000000	210.830324	764.169381	6.159289e-01	3.192316e-02	4.333031e+02	4.097999e-02	
56.000000	8.000000	207.917608	59.986865	6.262615e-01	3.078745e-02	4.331820e+02	4.142880e-02	
56.000000	12.000000	201.661874	547.043036	5.846668e-01	2.661423e-02	4.336849e+02	3.927948e-02	
56.000000	16.000000	195.486765	10.291253	5.918424e-01	2.889525e-02	4.347245e+02	3.930273e-02	
56.000000	20.000000	189.683074	8.748229	6.059098e-01	3.304938e-02	4.353975e+02	4.088226e-02	
56.000000	24.000000	187.144536	924.184333	5.993867e-01	2.852854e-02	4.357415e+02	3.986922e-02	
56.000000	28.000000	185.441864	331.110099	5.948405e-01	3.320412e-02	4.360655e+02	4.052568e-02	
56.000000	32.000000	182.805243	6.871242	6.416716e-01	3.122530e-02	4.364921e+02	4.378939e-02	
56.000000	36.000000	182.081085	42.351607	6.781140e-01	3.429768e-02	4.368765e+02	4.507931e-02	
56.000000	40.000000	181.636109	55.648010	6.448418e-01	2.780080e-02	4.375963e+02	4.503119e-02	
56.000000	44.000000	182.810192	39.171720	6.084301e-01	2.890583e-02	4.381516e+02	4.096721e-02	
56.000000	48.000000	188.870739	786.817303	6.343459e-01	3.622170e-02	4.386533e+02	4.420500e-02	
56.000000	52.000000	197.465232	4.348479	6.257618e-01	3.734110e-02	4.387535e+02	4.411395e-02	
56.000000	56.000000	215.804266	57.142380	5.358967e-01	2.681898e-02	4.381481e+02	3.642376e-02	
56.000000	60.000000	240.801977	12.504727	5.651207e-01	2.575560e-02	4.367986e+02	3.941676e-02	
60.000000	0.000000	267.343100	33.422881	5.063763e-01	3.353606e-02	4.340322e+02	3.309551e-02	
60.000000	4.000000	314.605234	721.418004	6.243214e-01	3.212459e-02	4.320501e+02	4.148690e-02	
60.000000	8.000000	303.332010	690.971911	6.091152e-01	3.009354e-02	4.321100e+02	4.393979e-02	
60.000000	12.000000	287.715412	791.529874	5.999510e-01	3.088919e-02	4.328069e+02	5.667580e-02	
60.000000	16.000000	271.989850	689.246710	6.570752e-01	3.216274e-02	4.338282e+02	4.361686e-02	
60.000000	20.000000	259.750341	627.905781	6.833425e-01	4.516449e-02	4.347205e+02	5.004282e-02	
60.000000	24.000000	250.447725	783.725726	6.747430e-01	3.813848e-02	4.352342e+02	4.558820e-02	
60.000000	28.000000	243.043290	119.802170	5.858941e-01	3.312884e-02	4.357716e+02	4.019517e-02	
60.000000	32.000000	235.202308	642.210264	5.803712e-01	2.985662e-02	4.360887e+02	3.776894e-02	
60.000000	36.000000	226.105398	772.334877	6.487759e-01	2.980689e-02	4.363324e+02	4.407302e-02	
60.000000	40.000000	217.273817	52.827455	6.956047e-01	5.640107e-02	4.369685e+02	6.307996e-02	
60.000000	44.000000	212.916435	899.095386	6.272933e-01	3.401881e-02	4.374572e+02	4.329273e-02	
60.000000	48.000000	213.959227	788.295539	6.001038e-01	2.899231e-02	4.378413e+02	3.975487e-02	
60.000000	52.000000	220.458842	56.072258	5.902450e-01	3.056111e-02	4.380767e+02	3.860151e-02	
60.000000	56.000000	235.089268	234.606238	5.533362e-01	2.931541e-02	4.379240e+02	3.555768e-02	
60.000000	60.000000	259.546271	31.619637	5.875739e-01	3.094893e-02	4.369689e+02	4.049637e-02	
0.000000	0.000000	298.611054	887.968597	6.459043e-01	3.348966e-02	4.348727e+02	4.295634e-02	
