0.000000	4.000000	103.308879	18.938145	5.754029e-01	2.903833e-02	4.291179e+02	3.758351e-02	
0.000000	8.000000	103.306581	16.962122	5.473190e-01	2.426107e-02	4.285143e+02	3.775238e-02	
0.000000	12.000000	103.305208	19.344495	5.764259e-01	2.829585e-02	4.283781e+02	3.941628e-02	
0.000000	16.000000	103.294973	21.284981	5.800984e-01	2.893208e-02	4.282978e+02	3.861246e-02	
0.000000	20.000000	103.298645	4.475650	5.522853e-01	2.492849e-02	4.284479e+02	3.799571e-02	
0.000000	24.000000	103.304139	2.187920	5.907025e-01	3.550234e-02	4.288192e+02	4.098387e-02	
0.000000	28.000000	103.315047	1.719473	5.593678e-01	2.583112e-02	4.291955e+02	3.863283e-02	
0.000000	32.000000	103.301714	1.992823	6.076556e-01	3.125430e-02	4.295423e+02	4.163823e-02	
0.000000	36.000000	103.283975	1.849128	5.681758e-01	2.781162e-02	4.296494e+02	3.870995e-02	
0.000000	40.000000	109.547129	2.400200	5.532851e-01	2.749159e-02	4.296971e+02	3.762714e-02	
0.000000	44.000000	115.738757	7.232384	5.765342e-01	2.744588e-02	4.284671e+02	3.950666e-02	
0.000000	48.000000	122.056068	2.487304	6.341675e-01	2.730196e-02	4.256168e+02	4.395810e-02	
0.000000	52.000000	109.523287	2.457015	5.680105e-01	3.042439e-02	4.189054e+02	3.691245e-02	
0.000000	56.000000	97.052240	4.833737	5.811394e-01	2.821820e-02	4.055704e+02	3.979478e-02	
0.000000	60.000000	77.772051	2.953230	5.546906e-01	2.816222e-02	3.932790e+02	3.681534e-02	
4.000000	0.000000	84.557836	3.387194	6.323297e-01	3.472404e-02	3.935382e+02	4.370696e-02	
4.000000	4.000000	103.295861	3.004046	5.597412e-01	2.583528e-02	4.294249e+02	3.831679e-02	
4.000000	8.000000	103.306005	3.502464	5.827687e-01	2.959763e-02	4.286587e+02	3.975237e-02	
4.000000	12.000000	103.309126	3.037928	5.696241e-01	2.673869e-02	4.284438e+02	3.895709e-02	
4.000000	16.000000	103.297331	3.133083	5.594448e-01	2.596249e-02	4.284151e+02	3.836491e-02	
4.000000	20.000000	103.304148	3.052857	5.597412e-01	2.583528e-02	4.284249e+02	3.831679e-02	
4.000000	24.000000	103.310501	152.846393	5.528420e-01	3.625404e-02	4.288953e+02	3.737831e-02	
4.000000	28.000000	103.295012	3.650798	5.349996e-01	2.667672e-02	4.291532e+02	3.604635e-02	
4.000000	32.000000	103.323352	161.890544	5.486390e-01	2.482988e-02	4.294456e+02	3.750016e-02	
4.000000	36.000000	103.300494	2.800194	5.885461e-01	3.537888e-02	4.298101e+02	4.066213e-02	
4.000000	40.000000	109.544934	161.923345	6.003878e-01	3.129562e-02	4.296317e+02	4.120833e-02	
4.000000	44.000000	115.789138	4.980994	5.885257e-01	3.192334e-02	4.287250e+02	4.032051e-02	
4.000000	48.000000	122.054871	2.172437	5.752475e-01	2.772566e-02	4.261488e+02	3.863424e-02	
4.000000	52.000000	109.550751	3.034593	5.513212e-01	2.845052e-02	4.198252e+02	3.596498e-02	
4.000000	56.000000	97.047741	4.748944	5.669953e-01	3.015335e-02	4.070252e+02	3.685002e-02	
4.000000	60.000000	84.553675	5.368829	6.294782e-01	3.364497e-02	3.935792e+02	4.298550e-02	
8.000000	0.000000	77.760723	4.059507	6.114606e-01	3.197457e-02	3.934339e+02	4.203541e-02	
8.000000	4.000000	104.740821	27.494069	5.066782e-01	3.188098e-02	4.290488e+02	3.573323e-02	
8.000000	8.000000	104.678183	111.918972	5.402890e-01	2.662348e-02	4.282925e+02	3.672922e-02	
8.000000	12.000000	104.710618	7.068856	5.870246e-01	3.108599e-02	4.280900e+02	3.858447e-02	
8.000000	16.000000	103.618402	5.612679	5.560185e-01	2.597972e-02	4.283330e+02	3.737110e-02	
8.000000	20.000000	103.300826	3.235846	5.404520e-01	2.472351e-02	4.283736e+02	3.675520e-02	
8.000000	24.000000	103.307801	2.217003	5.764259e-01	2.829592e-02	4.286219e+02	3.941596e-02	
8.000000	28.000000	103.301361	1.980553	5.453209e-01	2.610625e-02	4.291913e+02	3.667519e-02	
8.000000	32.000000	103.299852	1.957158	6.056082e-01	3.099696e-02	4.295283e+02	4.156988e-02	
8.000000	36.000000	108.302795	130.236057	5.906421e-01	2.831641e-02	4.297600e+02	3.918430e-02	
8.000000	40.000000	109.554143	1.993503	5.344974e-01	2.663433e-02	4.298429e+02	3.586651e-02	
8.000000	44.000000	115.800584	2.662198	5.496568e-01	3.146606e-02	4.289977e+02	3.737543e-02	
8.000000	48.000000	122.077251	11.008439	6.090912e-01	3.182280e-02	4.265849e+02	4.186170e-02	
8.000000	52.000000	115.801066	6.116914	5.776687e-01	2.777716e-02	4.205657e+02	3.956197e-02	
8.000000	56.000000	103.317361	5.206372	5.881926e-01	3.290059e-02	4.082422e+02	4.036728e-02	
8.000000	60.000000	90.791777	3.437882	5.183114e-01	3.707485e-02	3.940463e+02	4.464981e-02	
12.000000	0.000000	84.555755	3.468841	5.822280e-01	2.811986e-02	3.935025e+02	3.949777e-02	
12.000000	4.000000	109.549435	2.945290	5.225182e-01	3.152609e-02	4.291709e+02	3.420892e-02	
12.000000	8.000000	109.550265	2.942618	5.545704e-01	2.499561e-02	4.285142e+02	3.815797e-02	
12.000000	12.000000	109.549715	3.042612	5.358191e-01	2.511784e-02	4.283336e+02	3.670169e-02	
12.000000	16.000000	108.562354	3.008635	5.918393e-01	2.898327e-02	4.281074e+02	3.998315e-02	
12.000000	20.000000	107.967480	5.186411	5.493229e-01	2.580362e-02	4.283139e+02	3.687459e-02	
12.000000	24.000000	104.155317	4.679603	5.745762e-01	2.680175e-02	4.286286e+02	3.864468e-02	
12.000000	28.000000	103.569785	2.771197	5.428493e-01	2.662496e-02	4.291541e+02	3.747261e-02	
12.000000	32.000000	104.536253	3.484570	5.765058e-01	2.772626e-02	4.294249e+02	3.947570e-02	
12.000000	36.000000	109.545898	1.852056	5.818550e-01	2.853869e-02	4.295938e+02	3.982667e-02	
12.000000	40.000000	109.549574	2.492583	5.307482e-01	2.287438e-02	4.295531e+02	3.686715e-02	
12.000000	44.000000	116.465055	3.814239	5.892879e-01	3.857307e-02	4.288853e+02	4.177958e-02	
12.000000	48.000000	128.294687	3.344363	5.457873e-01	2.448976e-02	4.264239e+02	3.758863e-02	
12.000000	52.000000	115.804450	10.629411	5.668507e-01	2.645241e-02	4.213708e+02	3.817479e-02	
12.000000	56.000000	92.455049	4.919684	5.810227e-01	2.819620e-02	4.097786e+02	3.841462e-02	
12.000000	60.000000	90.805339	3.821556	5.929760e-01	2.784644e-02	3.954048e+02	3.991272e-02	
16.000000	0.000000	84.557884	4.090145	5.607395e-01	2.840100e-02	3.937533e+02	3.705403e-02	
16.000000	4.000000	109.555933	15.673253	5.052727e-01	2.920951e-02	4.291611e+02	3.238937e-02	
16.000000	8.000000	109.545155	12.932089	5.427685e-01	2.852490e-02	4.281960e+02	3.546002e-02	
16.000000	12.000000	109.541511	16.815726	5.925882e-01	3.067484e-02	4.280448e+02	3.881308e-02	
16.000000	16.000000	109.554138	4.240190	5.226738e-01	2.966222e-02	4.279546e+02	3.322265e-02	
16.000000	20.000000	109.555303	3.561436	4.885333e-01	3.238597e-02	4.280254e+02	3.149806e-02	
16.000000	24.000000	109.543425	2.423730	5.542404e-01	2.532531e-02	4.284364e+02	3.766866e-02	
16.000000	28.000000	108.829622	2.305277	5.448149e-01	2.980764e-02	4.288875e+02	4.312419e-02	
16.000000	32.000000	109.548728	1.765591	5.300969e-01	2.710262e-02	4.292548e+02	3.582977e-02	
16.000000	36.000000	109.551344	0.483513	5.554319e-01	2.834340e-02	4.297627e+02	3.663667e-02	
16.000000	40.000000	114.089810	36.100446	5.700192e-01	2.759496e-02	4.296262e+02	3.888276e-02	
16.000000	44.000000	121.338208	2.808705	5.888510e-01	2.891716e-02	4.288638e+02	3.880815e-02	
16.000000	48.000000	128.294946	3.335140	5.258482e-01	2.647693e-02	4.267368e+02	3.564460e-02	
16.000000	52.000000	122.045871	4.624941	5.916386e-01	2.860366e-02	4.222577e+02	3.925540e-02	
16.000000	56.000000	109.548514	7.008931	5.581284e-01	2.566536e-02	4.114743e+02	3.807264e-02	
16.000000	60.000000	97.053727	3.961811	4.753756e-01	3.187974e-02	3.969313e+02	2.900448e-02	
20.000000	0.000000	90.806003	3.436909	5.841301e-01	2.790655e-02	3.934507e+02	3.947550e-02	
20.000000	4.000000	109.545206	2.919103	5.179982e-01	3.144508e-02	4.289972e+02	3.384430e-02	
20.000000	8.000000	109.550014	2.685175	4.901710e-01	3.223807e-02	4.280496e+02	3.011107e-02	
20.000000	12.000000	109.552266	3.009334	5.361487e-01	2.783911e-02	4.277660e+02	3.538305e-02	
20.000000	16.000000	109.545316	2.726044	5.493323e-01	2.889321e-02	4.279213e+02	3.685777e-02	
20.000000	20.000000	109.556004	3.467623	5.614312e-01	2.922520e-02	4.279085e+02	3.635356e-02	
20.000000	24.000000	109.554145	4.763569	4.783249e-01	2.475863e-02	4.282492e+02	3.299514e-02	
20.000000	28.000000	109.551977	3.086069	5.944669e-01	3.288878e-02	4.287349e+02	4.087515e-02	
20.000000	32.000000	109.540047	2.708192	5.030318e-01	2.702946e-02	4.291907e+02	3.289272e-02	
20.000000	36.000000	109.555538	1.904224	5.102339e-01	2.141310e-02	4.295795e+02	3.592822e-02	
20.000000	40.000000	115.805854	2.142430	5.449779e-01	2.420294e-02	4.294476e+02	3.758958e-02	
20.000000	44.000000	122.061062	2.621348	5.648387e-01	3.093144e-02	4.291062e+02	3.691872e-02	
20.000000	48.000000	128.307912	5.960896	5.195175e-01	2.385466e-02	4.273309e+02	3.584813e-02	
20.000000	52.000000	123.825132	1086.828080	5.742017e-01	3.052448e-02	4.229491e+02	3.750361e-02	
20.000000	56.000000	109.551334	7.537612	4.893772e-01	3.211065e-02	4.130293e+02	3.151839e-02	
20.000000	60.000000	97.053675	3.666584	5.950870e-01	2.837066e-02	3.985793e+02	3.968984e-02	
24.000000	0.000000	90.795162	4.334695	5.867626e-01	2.877478e-02	3.935563e+02	4.019311e-02	
24.000000	4.000000	113.795541	334.624668	5.839843e-01	2.667334e-02	4.286592e+02	3.923574e-02	
24.000000	8.000000	113.736399	54.235321	5.625325e-01	3.004330e-02	4.278392e+02	3.673402e-02	
24.000000	12.000000	113.005467	235.478700	5.545620e-01	2.935669e-02	4.277521e+02	3.749459e-02	
24.000000	16.000000	111.124350	215.606620	5.650497e-01	2.918626e-02	4.277188e+02	3.831751e-02	
24.000000	20.000000	109.992924	70.519908	5.676541e-01	3.322489e-02	4.278197e+02	3.849815e-02	
24.000000	24.000000	109.545025	2.660296	5.899005e-01	3.041681e-02	4.283452e+02	4.039048e-02	
24.000000	28.000000	109.538578	2.375899	5.827000e-01	3.100074e-02	4.287154e+02	3.981477e-02	
24.000000	32.000000	109.538768	2.137306	5.647974e-01	2.756966e-02	4.291583e+02	4.368755e-02	
24.000000	36.000000	110.772777	69.649004	5.532323e-01	2.522573e-02	4.294243e+02	3.801123e-02	
24.000000	40.000000	115.806264	172.839576	5.594448e-01	2.596290e-02	4.295849e+02	3.836520e-02	
24.000000	44.000000	122.056033	44.332511	5.510856e-01	3.002608e-02	4.292111e+02	3.620270e-02	
24.000000	48.000000	133.659352	4.031304	5.893980e-01	2.890794e-02	4.274906e+02	4.038793e-02	
24.000000	52.000000	128.299094	3.269556	5.431747e-01	2.389613e-02	4.235286e+02	3.752241e-02	
24.000000	56.000000	115.805785	5.020247	5.255549e-01	2.254498e-02	4.144320e+02	3.659281e-02	
24.000000	60.000000	103.300260	3.942418	5.576385e-01	3.009989e-02	4.001712e+02	3.637719e-02	
28.000000	0.000000	90.802571	4.475342	5.694543e-01	2.830596e-02	3.933360e+02	3.885237e-02	
28.000000	4.000000	115.805199	5.207774	5.946739e-01	2.958848e-02	4.283311e+02	3.961773e-02	
28.000000	8.000000	115.810046	4.878836	6.234616e-01	3.341959e-02	4.275285e+02	4.296911e-02	
28.000000	12.000000	115.813953	4.475246	5.338064e-01	2.628342e-02	4.272957e+02	3.580658e-02	
28.000000	16.000000	115.804151	3.603227	5.567468e-01	3.019823e-02	4.271743e+02	3.641642e-02	
28.000000	20.000000	115.807017	3.340460	6.047304e-01	3.263008e-02	4.273217e+02	4.154740e-02	
28.000000	24.000000	114.004875	73.886794	5.628819e-01	2.829662e-02	4.278023e+02	3.694955e-02	
28.000000	28.000000	110.974720	79.184336	5.571455e-01	2.534389e-02	4.285378e+02	3.829332e-02	
28.000000	32.000000	111.477596	58.895520	4.879803e-01	4.279580e-02	4.289749e+02	3.071455e-02	
28.000000	36.000000	115.801639	2.044052	5.462936e-01	2.787144e-02	4.292550e+02	3.617213e-02	
28.000000	40.000000	115.802685	2.206975	5.082145e-01	2.248997e-02	4.296479e+02	3.551378e-02	
28.000000	44.000000	122.052317	2.525770	5.742327e-01	2.706413e-02	4.294318e+02	3.883048e-02	
28.000000	48.000000	134.551664	5.133415	5.747976e-01	2.860960e-02	4.277435e+02	3.805264e-02	
28.000000	52.000000	134.548319	5.543764	6.050377e-01	2.773813e-02	4.242170e+02	4.095063e-02	
28.000000	56.000000	122.054159	3.277526	5.303207e-01	3.123243e-02	4.159727e+02	3.435416e-02	
28.000000	60.000000	103.304145	4.564807	5.571644e-01	2.696226e-02	4.023633e+02	3.760634e-02	
32.000000	0.000000	97.055910	3.610919	6.172612e-01	3.330376e-02	3.933816e+02	4.257258e-02	
32.000000	4.000000	115.795401	3.807181	5.772178e-01	3.034072e-02	4.282580e+02	3.825004e-02	
32.000000	8.000000	115.809109	3.140171	5.449319e-01	2.508016e-02	4.273651e+02	3.685173e-02	
32.000000	12.000000	115.836588	3.794271	5.389240e-01	2.764359e-02	4.272569e+02	3.633732e-02	
32.000000	16.000000	115.797214	3.273204	4.911056e-01	2.524180e-02	4.272500e+02	3.324938e-02	
32.000000	20.000000	115.800200	4.296103	5.493078e-01	2.739265e-02	4.272934e+02	3.731766e-02	
32.000000	24.000000	115.805931	5.181171	5.804433e-01	2.905865e-02	4.276406e+02	3.968137e-02	
32.000000	28.000000	115.805812	2.670568	5.480999e-01	2.847782e-02	4.281529e+02	3.562262e-02	
32.000000	32.000000	115.800132	2.571519	5.746994e-01	2.783935e-02	4.288125e+02	3.788077e-02	
32.000000	36.000000	115.803784	3.103410	5.398429e-01	3.195969e-02	4.290987e+02	3.525700e-02	
32.000000	40.000000	120.825496	123.713713	5.625674e-01	2.634333e-02	4.294105e+02	3.854988e-02	
32.000000	44.000000	126.132643	892.916435	5.742784e-01	3.063834e-02	4.292663e+02	3.911237e-02	
32.000000	48.000000	134.550144	3.734121	5.707366e-01	2.942796e-02	4.280608e+02	3.825067e-02	
32.000000	52.000000	139.042219	532.694386	5.704472e-01	2.719335e-02	4.245893e+02	3.905613e-02	
32.000000	56.000000	123.290887	583.165273	5.741924e-01	2.728218e-02	4.174931e+02	3.900376e-02	
32.000000	60.000000	109.555890	3.671961	6.211592e-01	2.888396e-02	4.045691e+02	4.195376e-02	
36.000000	0.000000	97.086986	3.652295	5.899005e-01	3.041680e-02	3.933452e+02	4.039044e-02	
36.000000	4.000000	122.045139	3.725384	5.473394e-01	3.300827e-02	4.279106e+02	3.653196e-02	
36.000000	8.000000	122.061530	3.598679	5.095185e-01	2.590471e-02	4.272344e+02	3.391773e-02	
36.000000	12.000000	121.232827	4.545304	5.103554e-01	3.083282e-02	4.269963e+02	3.216645e-02	
36.000000	16.000000	121.257076	4.057956	5.443109e-01	3.258624e-02	4.270141e+02	3.746879e-02	
36.000000	20.000000	120.120739	7.931995	5.549846e-01	3.124937e-02	4.270978e+02	3.626269e-02	
36.000000	24.000000	117.307633	4.651890	5.438501e-01	2.391177e-02	4.275095e+02	3.756815e-02	
36.000000	28.000000	115.801891	2.183813	5.448149e-01	2.980763e-02	4.278875e+02	4.312417e-02	
36.000000	32.000000	115.801988	2.025624	5.469831e-01	2.425241e-02	4.285238e+02	3.772994e-02	
36.000000	36.000000	117.036253	5.369625	5.067171e-01	3.413408e-02	4.289630e+02	3.786756e-02	
36.000000	40.000000	122.053767	3.058054	5.168692e-01	2.215044e-02	4.294246e+02	3.602806e-02	
36.000000	44.000000	128.310001	2.818508	5.483745e-01	3.042149e-02	4.292178e+02	3.623864e-02	
36.000000	48.000000	135.884608	905.389945	6.023079e-01	3.110651e-02	4.282654e+02	4.000470e-02	
36.000000	52.000000	141.245324	8.297736	5.859561e-01	2.961542e-02	4.253640e+02	4.009380e-02	
36.000000	56.000000	128.300933	4.550559	6.005394e-01	3.390193e-02	4.187449e+02	4.148436e-02	
36.000000	60.000000	115.792837	7.229755	6.048838e-01	3.415939e-02	4.067359e+02	4.185643e-02	
40.000000	0.000000	103.305533	3.597207	5.554413e-01	2.827007e-02	3.931623e+02	3.626768e-02	
40.000000	4.000000	122.054990	3.591309	5.639449e-01	2.611653e-02	4.275471e+02	3.869335e-02	
40.000000	8.000000	122.055082	3.522118	5.332148e-01	3.082496e-02	4.268237e+02	3.536570e-02	
40.000000	12.000000	122.058324	4.369485	5.373185e-01	2.499278e-02	4.266644e+02	3.634841e-02	
40.000000	16.000000	122.063162	4.235018	6.304198e-01	2.943553e-02	4.266893e+02	4.240381e-02	
40.000000	20.000000	122.055614	21.224631	5.767534e-01	2.632336e-02	4.268061e+02	4.297805e-02	
40.000000	24.000000	122.053327	3.867185	5.477809e-01	2.583307e-02	4.273001e+02	3.670784e-02	
40.000000	28.000000	121.198044	2.336451	5.466162e-01	2.616903e-02	4.276699e+02	3.731752e-02	
40.000000	32.000000	120.966069	2.262621	5.581725e-01	2.866512e-02	4.282764e+02	3.778903e-02	
40.000000	36.000000	122.049906	2.775304	5.934636e-01	3.122103e-02	4.286737e+02	4.068134e-02	
40.000000	40.000000	122.055351	2.353818	5.209280e-01	3.156358e-02	4.291370e+02	3.352686e-02	
40.000000	44.000000	128.288684	2.499989	5.534102e-01	2.597740e-02	4.292697e+02	3.697763e-02	
40.000000	48.000000	140.796698	3.731207	5.608717e-01	2.571387e-02	4.282245e+02	3.798539e-02	
40.000000	52.000000	147.035938	3.843726	4.901710e-01	3.223940e-02	4.259504e+02	3.011186e-02	
40.000000	56.000000	134.551034	4.851163	5.162107e-01	3.003485e-02	4.200911e+02	3.259183e-02	
40.000000	60.000000	122.051340	7.367315	5.976573e-01	3.000663e-02	4.090644e+02	4.034764e-02	
44.000000	0.000000	107.055781	5.580672	5.889020e-01	2.849457e-02	3.944527e+02	3.944315e-02	
44.000000	4.000000	128.303777	5.520173	5.641548e-01	3.272681e-02	4.270564e+02	3.824900e-02	
44.000000	8.000000	128.301889	6.510379	5.595747e-01	2.825584e-02	4.261800e+02	3.664031e-02	
44.000000	12.000000	128.301924	4.717424	5.736155e-01	2.978365e-02	4.259286e+02	3.721001e-02	
44.000000	16.000000	128.300268	4.666467	5.359117e-01	3.011933e-02	4.259999e+02	3.436187e-02	
44.000000	20.000000	127.535266	85.935176	4.827688e-01	2.890874e-02	4.261749e+02	3.132247e-02	
44.000000	24.000000	123.723667	60.401069	5.726568e-01	2.630728e-02	4.266830e+02	3.841252e-02	
44.000000	28.000000	122.045844	2.841646	6.059755e-01	3.101950e-02	4.275189e+02	4.159656e-02	
44.000000	32.000000	122.045223	2.163601	5.270266e-01	2.925015e-02	4.282095e+02	3.450541e-02	
44.000000	36.000000	122.912373	2.906068	5.635408e-01	2.722185e-02	4.286409e+02	3.850014e-02	
44.000000	40.000000	128.301889	2.673137	5.302645e-01	2.916270e-02	4.289116e+02	3.389696e-02	
44.000000	44.000000	134.556438	2.263054	5.282135e-01	2.663889e-02	4.291870e+02	3.488379e-02	
44.000000	48.000000	140.803195	3.438594	5.620307e-01	2.604915e-02	4.284340e+02	3.855378e-02	
44.000000	52.000000	153.292813	5.109064	5.421645e-01	2.599480e-02	4.262544e+02	3.612998e-02	
44.000000	56.000000	142.134607	9.660333	5.337262e-01	3.073792e-02	4.211034e+02	3.428171e-02	
44.000000	60.000000	128.299539	4.597968	5.468487e-01	2.704227e-02	4.112978e+02	3.717670e-02	
48.000000	0.000000	113.781614	1044.310385	5.622795e-01	2.790357e-02	3.968727e+02	3.726222e-02	
48.000000	4.000000	134.548374	4.229045	5.223885e-01	2.471051e-02	4.266918e+02	3.582575e-02	
48.000000	8.000000	134.561272	3.744212	6.163697e-01	3.666769e-02	4.257711e+02	4.329174e-02	
48.000000	12.000000	133.518063	3.530311	4.775941e-01	2.932315e-02	4.258312e+02	3.181255e-02	
48.000000	16.000000	132.886574	4.241748	5.347211e-01	2.320003e-02	4.255481e+02	3.706778e-02	
48.000000	20.000000	131.924343	36.108894	6.010962e-01	2.648457e-02	4.256645e+02	4.075897e-02	
48.000000	24.000000	128.305808	3.720893	5.172950e-01	3.065128e-02	4.260706e+02	3.727838e-02	
48.000000	28.000000	128.337204	106.013223	5.405759e-01	2.635212e-02	4.268264e+02	3.640653e-02	
48.000000	32.000000	128.289254	3.868980	5.378021e-01	2.397379e-02	4.275713e+02	3.712666e-02	
48.000000	36.000000	128.301973	3.492741	5.612499e-01	2.834992e-02	4.282019e+02	3.684111e-02	
48.000000	40.000000	129.669310	4.096290	5.448149e-01	2.980764e-02	4.288875e+02	4.312419e-02	
48.000000	44.000000	134.543245	2.442162	4.649155e-01	3.694157e-02	4.290425e+02	2.848220e-02	
48.000000	48.000000	147.050326	3.033949	5.670538e-01	2.838163e-02	4.283627e+02	3.817075e-02	
48.000000	52.000000	159.555403	8.132369	5.607890e-01	2.613545e-02	4.268201e+02	3.981829e-02	
48.000000	56.000000	153.326219	4.968406	5.542432e-01	2.498555e-02	4.224763e+02	3.813525e-02	
48.000000	60.000000	139.592296	696.491105	4.923047e-01	3.199632e-02	4.139581e+02	3.027652e-02	
52.000000	0.000000	122.050026	7.143727	5.605802e-01	2.599211e-02	4.004173e+02	3.801155e-02	
52.000000	4.000000	140.795040	14.021921	5.507899e-01	3.115468e-02	4.260069e+02	3.727046e-02	
52.000000	8.000000	140.802070	26.240068	5.606942e-01	3.011642e-02	4.251653e+02	3.663585e-02	
52.000000	12.000000	140.801889	6.513445	5.320906e-01	2.976975e-02	4.249557e+02	3.490822e-02	
52.000000	16.000000	140.805367	3.765604	5.561905e-01	2.817989e-02	4.248876e+02	3.680851e-02	
52.000000	20.000000	139.964386	93.442742	5.622873e-01	3.123181e-02	4.250139e+02	3.768580e-02	
52.000000	24.000000	135.884831	97.321080	5.647222e-01	2.568986e-02	4.257620e+02	3.820424e-02	
52.000000	28.000000	134.585877	4.275362	6.036160e-01	3.087636e-02	4.264435e+02	4.142493e-02	
52.000000	32.000000	134.553067	4.114582	5.689542e-01	3.165345e-02	4.272025e+02	3.774680e-02	
52.000000	36.000000	134.559939	160.970700	6.177754e-01	2.781662e-02	4.277835e+02	4.303555e-02	
52.000000	40.000000	134.541052	2.502064	5.347211e-01	2.320003e-02	4.285481e+02	3.706778e-02	
52.000000	44.000000	140.804165	6.649966	5.435424e-01	2.830319e-02	4.287816e+02	3.569029e-02	
52.000000	48.000000	150.459465	1050.868459	5.907413e-01	2.910947e-02	4.285421e+02	4.039058e-02	
52.000000	52.000000	165.804148	4.770836	5.566940e-01	2.969754e-02	4.271124e+02	3.601814e-02	
52.000000	56.000000	165.795152	5.991909	5.646545e-01	2.614184e-02	4.235377e+02	3.874553e-02	
52.000000	60.000000	149.119263	1100.169466	6.015335e-01	3.075289e-02	4.164247e+02	4.127166e-02	
56.000000	0.000000	134.558104	6.286683	5.778731e-01	2.988111e-02	4.039916e+02	3.755561e-02	
56.000000	4.000000	154.172996	6.622063	5.775264e-01	2.976208e-02	4.250147e+02	3.738955e-02	
56.000000	8.000000	153.789034	6.382850	4.700302e-01	3.171422e-02	4.241387e+02	3.071983e-02	
56.000000	12.000000	153.303808	6.840313	6.136091e-01	3.736500e-02	4.238030e+02	4.326775e-02	
56.000000	16.000000	153.337222	6.416414	5.483608e-01	2.947058e-02	4.239339e+02	3.743714e-02	
56.000000	20.000000	155.877432	8.800891	5.831978e-01	3.096897e-02	4.240388e+02	3.851217e-02	
56.000000	24.000000	149.235648	68.867697	5.417247e-01	2.738468e-02	4.247292e+02	3.661111e-02	
56.000000	28.000000	147.059891	4.772682	5.316435e-01	2.553768e-02	4.256899e+02	3.628594e-02	
56.000000	32.000000	147.048544	3.323388	5.764259e-01	2.829585e-02	4.263781e+02	3.941628e-02	
56.000000	36.000000	145.321315	55.098958	5.400973e-01	2.618472e-02	4.272108e+02	3.593040e-02	
56.000000	40.000000	147.045831	3.079401	5.498398e-01	3.019613e-02	4.278825e+02	4.493013e-02	
56.000000	44.000000	147.503250	3.447356	5.630701e-01	2.608556e-02	4.285565e+02	3.862970e-02	
56.000000	48.000000	158.561920	3.168760	5.956994e-01	2.872732e-02	4.284532e+02	3.973401e-02	
56.000000	52.000000	172.045236	8.627432	5.547304e-01	2.500038e-02	4.275047e+02	3.816983e-02	
56.000000	56.000000	184.551437	8.138374	5.907025e-01	3.550234e-02	4.248192e+02	4.098387e-02	
56.000000	60.000000	167.995799	14.311123	5.217948e-01	3.034606e-02	4.189764e+02	3.366295e-02	
60.000000	0.000000	153.310239	4.846341	5.891745e-01	2.889659e-02	4.085188e+02	4.037125e-02	
60.000000	4.000000	207.917476	60.093306	5.430815e-01	2.796818e-02	4.242410e+02	3.584856e-02	
60.000000	8.000000	205.820260	69.070051	5.719480e-01	2.710806e-02	4.234298e+02	3.909317e-02	
60.000000	12.000000	204.201230	33.260127	5.765533e-01	3.026100e-02	4.229914e+02	3.776636e-02	
60.000000	16.000000	204.420441	35.641082	4.860078e-01	3.622859e-02	4.229969e+02	3.331174e-02	
60.000000	20.000000	200.229843	982.762639	5.690136e-01	2.559708e-02	4.232188e+02	3.931335e-02	
60.000000	24.000000	195.802796	10.751143	5.556630e-01	2.951204e-02	4.240414e+02	3.634038e-02	
60.000000	28.000000	188.924641	182.929944	5.663379e-01	3.029711e-02	4.250295e+02	3.688192e-02	
60.000000	32.000000	182.881843	9.517866	5.924890e-01	2.899810e-02	4.261550e+02	3.893682e-02	
60.000000	36.000000	176.594667	266.207434	6.072850e-01	2.767202e-02	4.267946e+02	4.168132e-02	
60.000000	40.000000	171.180636	6.163402	5.814016e-01	2.868919e-02	4.277386e+02	3.852563e-02	
60.000000	44.000000	170.365598	24.142195	5.834214e-01	2.955481e-02	4.280635e+02	3.818101e-02	
60.000000	48.000000	172.883560	74.348097	5.711996e-01	3.154411e-02	4.282178e+02	3.788165e-02	
60.000000	52.000000	185.034672	82.222733	4.711126e-01	2.017734e-02	4.276452e+02	3.460536e-02	
60.000000	56.000000	209.545178	12.375700	5.341451e-01	2.426377e-02	4.256339e+02	3.677508e-02	
60.000000	60.000000	208.630670	9.397181	6.027429e-01	3.116226e-02	4.215279e+02	4.076627e-02	
0.000000	0.000000	185.916824	651.149862	5.880726e-01	2.886388e-02	4.141376e+02	3.863715e-02	
