0.000000	4.000000	147.053954	3.737729	5.798772e-01	3.000890e-02	4.438965e+02	4.363406e-02	
0.000000	8.000000	147.055502	4.066198	6.191023e-01	2.796831e-02	4.437950e+02	4.405201e-02	
0.000000	12.000000	144.679156	222.779639	5.634813e-01	2.870658e-02	4.439028e+02	3.894108e-02	
0.000000	16.000000	140.799811	42.992528	5.722761e-01	2.864433e-02	4.442792e+02	3.800668e-02	
0.000000	20.000000	140.804836	2.056971	6.285446e-01	3.456745e-02	4.444003e+02	4.339589e-02	
0.000000	24.000000	139.213746	492.706727	5.742160e-01	2.734679e-02	4.445611e+02	3.933573e-02	
0.000000	28.000000	138.781614	62.612858	5.204137e-01	2.318724e-02	4.446400e+02	3.599522e-02	
0.000000	32.000000	139.085855	72.753938	5.343054e-01	2.631793e-02	4.448020e+02	3.536359e-02	
0.000000	36.000000	140.794206	1.268709	5.702151e-01	2.844700e-02	4.448892e+02	3.957696e-02	
0.000000	40.000000	140.804933	1.393035	5.113453e-01	2.517120e-02	4.452702e+02	3.486353e-02	
0.000000	44.000000	147.055167	1.190654	5.180694e-01	2.470095e-02	4.452982e+02	3.552816e-02	
0.000000	48.000000	159.538885	1.601425	4.787362e-01	3.215949e-02	4.450326e+02	2.931451e-02	
0.000000	52.000000	172.570114	464.442109	5.262409e-01	2.974522e-02	4.439114e+02	3.847270e-02	
0.000000	56.000000	184.555537	2.584621	5.942302e-01	2.896971e-02	4.401495e+02	3.923241e-02	
0.000000	60.000000	172.055390	7.974059	5.127014e-01	3.217364e-02	4.341178e+02	3.281507e-02	
4.000000	0.000000	164.762825	165.454359	5.688988e-01	2.980135e-02	4.297243e+02	3.868755e-02	
4.000000	4.000000	150.000000	72.061406	6.482575e-01	3.866594e-02	4.436875e+02	4.543146e-02	
4.000000	8.000000	147.051899	3.988990	6.291387e-01	3.581838e-02	4.436720e+02	4.381630e-02	
4.000000	12.000000	147.055764	3.241290	5.671408e-01	2.785159e-02	4.438486e+02	3.749790e-02	
4.000000	16.000000	142.036172	3.013631	5.484336e-01	3.018576e-02	4.441356e+02	3.548697e-02	
4.000000	20.000000	140.804258	94.852079	5.593065e-01	3.019567e-02	4.442565e+02	3.717191e-02	
4.000000	24.000000	140.805626	1.986887	5.721652e-01	2.687261e-02	4.443397e+02	3.832890e-02	
4.000000	28.000000	140.806007	1.715480	6.206931e-01	3.354162e-02	4.444004e+02	4.282417e-02	
4.000000	32.000000	140.795280	1.806622	5.652970e-01	2.644014e-02	4.444294e+02	3.875066e-02	
4.000000	36.000000	140.800236	243.060977	5.526625e-01	2.593535e-02	4.448066e+02	3.763172e-02	
4.000000	40.000000	142.160190	116.171862	5.445740e-01	2.827967e-02	4.452152e+02	3.565846e-02	
4.000000	44.000000	147.350605	1.663612	5.490812e-01	2.922951e-02	4.452385e+02	3.703749e-02	
4.000000	48.000000	159.551989	226.960330	5.454500e-01	2.848139e-02	4.448768e+02	3.537271e-02	
4.000000	52.000000	173.308368	705.562461	4.977835e-01	3.711409e-02	4.439868e+02	3.764964e-02	
4.000000	56.000000	189.940383	3.939000	6.091420e-01	3.151953e-02	4.405425e+02	4.184295e-02	
4.000000	60.000000	178.314791	8.878521	5.332238e-01	2.291272e-02	4.345145e+02	3.702864e-02	
8.000000	0.000000	165.798630	7.109252	5.949666e-01	2.814486e-02	4.295764e+02	3.999867e-02	
8.000000	4.000000	153.302412	5.412354	6.473773e-01	2.670597e-02	4.433397e+02	4.902875e-02	
8.000000	8.000000	150.727917	58.091823	5.759186e-01	2.741918e-02	4.434577e+02	3.946139e-02	
8.000000	12.000000	147.051989	1.943862	6.229776e-01	2.596157e-02	4.436953e+02	4.536472e-02	
8.000000	16.000000	145.987639	2.716123	6.186260e-01	3.074682e-02	4.439526e+02	4.083714e-02	
8.000000	20.000000	142.159971	156.542194	5.389093e-01	3.414832e-02	4.441107e+02	3.620879e-02	
8.000000	24.000000	140.797933	24.177555	5.911085e-01	2.976505e-02	4.443773e+02	3.968785e-02	
8.000000	28.000000	140.805343	214.876941	5.764957e-01	2.621736e-02	4.443088e+02	3.871399e-02	
8.000000	32.000000	140.794849	40.076851	5.015706e-01	2.091076e-02	4.444092e+02	3.558203e-02	
8.000000	36.000000	140.800954	1.838174	5.346950e-01	2.869755e-02	4.447761e+02	3.589022e-02	
8.000000	40.000000	146.198630	1.762236	5.926933e-01	3.108887e-02	4.449781e+02	3.939815e-02	
8.000000	44.000000	151.525280	97.203151	5.144023e-01	3.337046e-02	4.451221e+02	3.344994e-02	
8.000000	48.000000	159.545869	2.182905	5.625595e-01	2.968177e-02	4.448700e+02	3.654427e-02	
8.000000	52.000000	175.674348	1059.920533	6.068373e-01	2.948702e-02	4.438063e+02	4.013239e-02	
8.000000	56.000000	190.801032	3.853421	5.740131e-01	2.862179e-02	4.406586e+02	3.910441e-02	
8.000000	60.000000	182.979755	6.820247	5.715765e-01	3.021534e-02	4.352710e+02	3.889537e-02	
12.000000	0.000000	171.019462	6.537167	5.597571e-01	2.586734e-02	4.297464e+02	3.752731e-02	
12.000000	4.000000	153.309563	5.125488	6.044047e-01	2.971361e-02	4.430904e+02	4.035241e-02	
12.000000	8.000000	153.305469	6.781944	5.451169e-01	4.090608e-02	4.429170e+02	5.920281e-02	
12.000000	12.000000	148.743765	85.096356	5.616376e-01	2.842378e-02	4.432242e+02	3.697923e-02	
12.000000	16.000000	147.051010	206.315599	4.841551e-01	3.357700e-02	4.439908e+02	3.118069e-02	
12.000000	20.000000	142.132088	2.633884	6.067544e-01	3.496628e-02	4.437552e+02	4.215469e-02	
12.000000	24.000000	143.488313	204.661624	4.594583e-01	3.445961e-02	4.439966e+02	2.692023e-02	
12.000000	28.000000	141.651319	171.832161	5.606805e-01	2.929808e-02	4.440956e+02	3.628154e-02	
12.000000	32.000000	142.050259	66.269488	5.525468e-01	2.546724e-02	4.443934e+02	3.747794e-02	
12.000000	36.000000	145.431671	40.431537	5.526887e-01	2.588898e-02	4.448094e+02	3.766354e-02	
12.000000	40.000000	147.051719	2.219835	5.556008e-01	2.926739e-02	4.449421e+02	3.597209e-02	
12.000000	44.000000	153.295546	1.914932	5.378335e-01	2.831537e-02	4.452057e+02	3.511466e-02	
12.000000	48.000000	160.796004	48.211198	5.342673e-01	3.102562e-02	4.448250e+02	3.552145e-02	
12.000000	52.000000	176.821356	48.107689	5.175127e-01	2.359091e-02	4.436620e+02	3.537115e-02	
12.000000	56.000000	196.159461	4.752842	5.358492e-01	2.655850e-02	4.412828e+02	3.639275e-02	
12.000000	60.000000	185.080907	12.749957	6.321997e-01	3.180239e-02	4.360737e+02	4.167664e-02	
16.000000	0.000000	172.060163	6.030340	5.480197e-01	2.978501e-02	4.302379e+02	3.624778e-02	
16.000000	4.000000	157.821857	83.215578	5.970440e-01	3.176704e-02	4.431256e+02	3.947898e-02	
16.000000	8.000000	154.058060	3.888114	6.523705e-01	3.088218e-02	4.428207e+02	4.905245e-02	
16.000000	12.000000	153.294983	4.789716	5.765816e-01	3.218177e-02	4.432668e+02	3.874127e-02	
16.000000	16.000000	147.827780	89.777842	6.316774e-01	3.467367e-02	4.435477e+02	4.366232e-02	
16.000000	20.000000	147.052032	202.459213	6.161440e-01	2.817532e-02	4.437473e+02	4.158923e-02	
16.000000	24.000000	147.051288	2.615166	5.636784e-01	2.815164e-02	4.438863e+02	3.800510e-02	
16.000000	28.000000	146.190557	2.680775	5.023896e-01	3.106442e-02	4.441501e+02	3.282425e-02	
16.000000	32.000000	147.055158	2.265164	5.713780e-01	2.927783e-02	4.443035e+02	3.892954e-02	
16.000000	36.000000	147.044351	2.173344	5.208515e-01	2.197812e-02	4.445490e+02	3.643031e-02	
16.000000	40.000000	147.048586	2.404410	5.485985e-01	2.834573e-02	4.448701e+02	4.151706e-02	
16.000000	44.000000	153.305933	205.429061	5.327530e-01	2.936007e-02	4.449435e+02	3.459548e-02	
16.000000	48.000000	163.722216	61.973339	5.405578e-01	2.611423e-02	4.447921e+02	3.591793e-02	
16.000000	52.000000	178.294523	4.594187	5.631012e-01	2.910078e-02	4.439209e+02	3.659545e-02	
16.000000	56.000000	197.075120	4.124036	5.558382e-01	2.785711e-02	4.417016e+02	3.778443e-02	
16.000000	60.000000	190.805049	5.504514	5.960007e-01	2.780985e-02	4.367465e+02	3.897144e-02	
20.000000	0.000000	178.295863	11.424939	6.150713e-01	3.138107e-02	4.304689e+02	4.172597e-02	
20.000000	4.000000	159.538361	33.728592	5.837805e-01	3.016704e-02	4.429318e+02	4.095652e-02	
20.000000	8.000000	157.914519	4.831610	6.286639e-01	3.170489e-02	4.427244e+02	4.157411e-02	
20.000000	12.000000	153.997667	3.958698	5.718370e-01	3.093586e-02	4.429157e+02	4.361874e-02	
20.000000	16.000000	153.301444	3.872672	6.000315e-01	3.283135e-02	4.431686e+02	3.996157e-02	
20.000000	20.000000	148.392178	78.458156	6.127101e-01	3.218692e-02	4.435800e+02	4.205355e-02	
20.000000	24.000000	147.054271	3.214036	5.114972e-01	3.280823e-02	4.440188e+02	3.359412e-02	
20.000000	28.000000	147.051955	3.397661	6.415156e-01	3.036108e-02	4.438349e+02	4.735048e-02	
20.000000	32.000000	147.054595	220.245305	5.374257e-01	3.261193e-02	4.441414e+02	3.538988e-02	
20.000000	36.000000	147.054496	2.560993	5.014474e-01	2.171655e-02	4.443649e+02	3.534923e-02	
20.000000	40.000000	150.355463	956.124482	5.880520e-01	2.594904e-02	4.447015e+02	3.986056e-02	
20.000000	44.000000	153.877557	2.547821	5.444761e-01	2.851148e-02	4.447527e+02	3.674238e-02	
20.000000	48.000000	164.949119	69.494794	5.356797e-01	2.415941e-02	4.446237e+02	3.681983e-02	
20.000000	52.000000	178.304266	4.874172	5.549541e-01	2.841814e-02	4.438074e+02	3.632751e-02	
20.000000	56.000000	197.764350	13.969569	5.754736e-01	2.989692e-02	4.419706e+02	3.794910e-02	
20.000000	60.000000	197.054167	4.107817	6.056747e-01	2.654595e-02	4.373409e+02	4.117104e-02	
24.000000	0.000000	184.556411	7.479307	5.534102e-01	2.597740e-02	4.312697e+02	3.697762e-02	
24.000000	4.000000	162.886109	118.553636	6.600631e-01	3.285270e-02	4.424123e+02	4.477544e-02	
24.000000	8.000000	159.549870	5.521066	6.214616e-01	3.076575e-02	4.424942e+02	4.200605e-02	
24.000000	12.000000	157.868159	4.518065	6.062454e-01	2.638656e-02	4.426624e+02	4.120886e-02	
24.000000	16.000000	153.294954	3.938570	5.618175e-01	3.040505e-02	4.430756e+02	3.646908e-02	
24.000000	20.000000	153.301959	4.256396	6.095214e-01	2.822945e-02	4.432514e+02	4.086022e-02	
24.000000	24.000000	151.541098	101.757695	5.931652e-01	3.004334e-02	4.435781e+02	4.033189e-02	
24.000000	28.000000	148.507201	14.078119	5.957347e-01	2.678839e-02	4.436528e+02	4.016032e-02	
24.000000	32.000000	148.685387	8.697938	5.665110e-01	2.969558e-02	4.440501e+02	3.660732e-02	
24.000000	36.000000	150.831090	936.204747	5.942821e-01	3.111509e-02	4.442797e+02	3.956850e-02	
24.000000	40.000000	153.305430	2.756063	5.583519e-01	2.538246e-02	4.445095e+02	3.837945e-02	
24.000000	44.000000	158.033824	11.390128	5.665053e-01	3.304394e-02	4.448164e+02	3.845980e-02	
24.000000	48.000000	165.805909	227.689533	5.799547e-01	2.608732e-02	4.446992e+02	3.904580e-02	
24.000000	52.000000	178.302352	181.808101	6.138555e-01	3.814624e-02	4.441777e+02	4.358254e-02	
24.000000	56.000000	201.442042	7.020953	5.509620e-01	2.816058e-02	4.422461e+02	3.640393e-02	
24.000000	60.000000	203.307993	7.635252	5.771008e-01	3.529538e-02	4.379736e+02	4.614497e-02	
28.000000	0.000000	190.808274	6.444271	4.899441e-01	3.686420e-02	4.319991e+02	3.491319e-02	
28.000000	4.000000	165.808873	8.561928	5.361951e-01	2.690412e-02	4.421442e+02	3.663829e-02	
28.000000	8.000000	164.048154	7.446455	5.922530e-01	3.576725e-02	4.419044e+02	5.467629e-02	
28.000000	12.000000	160.085123	5.422159	5.899005e-01	3.041682e-02	4.423452e+02	4.039049e-02	
28.000000	16.000000	157.949378	19.854423	5.796132e-01	2.552885e-02	4.427694e+02	4.067317e-02	
28.000000	20.000000	152.522076	4.268053	5.473161e-01	2.996707e-02	4.430206e+02	3.513173e-02	
28.000000	24.000000	153.300024	0.488063	5.770849e-01	2.562339e-02	4.432673e+02	3.905090e-02	
28.000000	28.000000	153.300003	3.266557	6.284201e-01	2.967471e-02	4.434542e+02	4.253910e-02	
28.000000	32.000000	153.302013	3.294455	5.998822e-01	3.490992e-02	4.437780e+02	4.161651e-02	
28.000000	36.000000	153.301260	141.569942	5.070373e-01	3.744448e-02	4.439728e+02	4.108026e-02	
28.000000	40.000000	153.292226	2.604023	5.273960e-01	2.381230e-02	4.443675e+02	3.610266e-02	
28.000000	44.000000	159.554962	3.295609	5.498415e-01	2.800534e-02	4.447249e+02	3.726613e-02	
28.000000	48.000000	166.362986	3.637528	5.309603e-01	2.534106e-02	4.446903e+02	3.628905e-02	
28.000000	52.000000	178.840373	4.161983	5.351820e-01	2.847641e-02	4.441114e+02	3.888691e-02	
28.000000	56.000000	202.445128	8.444950	6.173630e-01	2.689301e-02	4.423610e+02	4.219667e-02	
28.000000	60.000000	209.555914	4.854061	6.032634e-01	3.619695e-02	4.388023e+02	4.219255e-02	
32.000000	0.000000	197.055400	7.531342	5.564976e-01	2.822529e-02	4.328916e+02	3.696875e-02	
32.000000	4.000000	170.405213	9.345128	6.086735e-01	3.037853e-02	4.418945e+02	4.437515e-02	
32.000000	8.000000	167.182180	6.356996	7.437973e-01	5.658160e-02	4.417114e+02	5.758960e-02	
32.000000	12.000000	164.868530	5.684892	5.985457e-01	2.909518e-02	4.418582e+02	4.482017e-02	
32.000000	16.000000	160.188853	3.673739	6.776307e-01	3.698604e-02	4.426107e+02	4.780755e-02	
32.000000	20.000000	158.655265	3.651014	5.882803e-01	2.826496e-02	4.428606e+02	4.182842e-02	
32.000000	24.000000	156.977926	61.097455	5.261798e-01	3.551942e-02	4.429929e+02	3.878665e-02	
32.000000	28.000000	154.143762	4.194074	5.599080e-01	2.605605e-02	4.432929e+02	3.747784e-02	
32.000000	32.000000	154.608935	3.985456	6.410267e-01	3.271953e-02	4.433207e+02	4.283032e-02	
32.000000	36.000000	154.704734	41.438195	6.216510e-01	4.056244e-02	4.438552e+02	4.531846e-02	
32.000000	40.000000	157.856011	28.723212	5.522577e-01	2.983959e-02	4.442509e+02	3.671667e-02	
32.000000	44.000000	160.171631	3.431109	6.447655e-01	4.039553e-02	4.447673e+02	4.643209e-02	
32.000000	48.000000	170.843210	3.562120	5.470438e-01	2.533737e-02	4.446278e+02	3.751224e-02	
32.000000	52.000000	182.836724	52.534317	5.210726e-01	2.637132e-02	4.442615e+02	3.475286e-02	
32.000000	56.000000	203.300034	10.866550	6.024599e-01	3.141685e-02	4.426224e+02	4.136598e-02	
32.000000	60.000000	216.629770	9.317334	6.556500e-01	3.157654e-02	4.393804e+02	4.445100e-02	
36.000000	0.000000	203.302049	9.860840	5.543455e-01	2.555237e-02	4.335971e+02	3.761827e-02	
36.000000	4.000000	173.867357	180.252797	6.246821e-01	2.670683e-02	4.413570e+02	4.270618e-02	
36.000000	8.000000	172.051953	6.142812	6.146094e-01	3.294853e-02	4.412507e+02	4.098532e-02	
36.000000	12.000000	169.043243	7.847510	5.916781e-01	2.960892e-02	4.415845e+02	4.053606e-02	
36.000000	16.000000	164.789874	25.770935	6.063526e-01	3.229517e-02	4.420101e+02	4.165031e-02	
36.000000	20.000000	161.093100	82.873477	6.026513e-01	3.081867e-02	4.425659e+02	4.135367e-02	
36.000000	24.000000	159.548896	4.267266	5.932792e-01	2.959825e-02	4.428161e+02	3.903020e-02	
36.000000	28.000000	159.555914	179.862979	5.461148e-01	3.021395e-02	4.430289e+02	3.515274e-02	
36.000000	32.000000	159.560719	3.597618	4.828398e-01	2.681027e-02	4.432076e+02	3.210888e-02	
36.000000	36.000000	159.549893	4.217168	5.859211e-01	2.757701e-02	4.436266e+02	3.921356e-02	
36.000000	40.000000	159.555136	44.574241	5.901393e-01	3.161996e-02	4.441822e+02	3.904319e-02	
36.000000	44.000000	165.800967	4.175761	5.964163e-01	2.760986e-02	4.443870e+02	4.013183e-02	
36.000000	48.000000	172.055583	213.448171	6.031293e-01	3.272204e-02	4.446884e+02	4.152160e-02	
36.000000	52.000000	184.550144	4.653411	6.477302e-01	3.698785e-02	4.444759e+02	4.501460e-02	
36.000000	56.000000	203.302236	8.615623	5.662488e-01	3.410761e-02	4.431460e+02	3.833710e-02	
36.000000	60.000000	226.614205	632.678673	6.554627e-01	3.271960e-02	4.400743e+02	4.334837e-02	
40.000000	0.000000	211.070921	7.059521	5.606992e-01	2.904624e-02	4.347281e+02	3.796232e-02	
40.000000	4.000000	179.466165	8.750483	6.432384e-01	3.215764e-02	4.409268e+02	4.241095e-02	
40.000000	8.000000	177.253340	29.162123	6.186891e-01	3.487284e-02	4.406743e+02	4.257536e-02	
40.000000	12.000000	173.316904	419.380590	6.347761e-01	3.607007e-02	4.411777e+02	4.317313e-02	
40.000000	16.000000	170.431041	6.508372	6.314034e-01	3.816686e-02	4.417379e+02	4.422656e-02	
40.000000	20.000000	166.345217	6.216738	5.771271e-01	2.990770e-02	4.420021e+02	3.750489e-02	
40.000000	24.000000	164.135305	6.272635	5.573985e-01	2.597264e-02	4.423293e+02	3.735441e-02	
40.000000	28.000000	163.639481	895.911000	5.586726e-01	2.552949e-02	4.424483e+02	3.828534e-02	
40.000000	32.000000	162.175495	927.965521	5.726050e-01	2.929850e-02	4.428695e+02	3.731676e-02	
40.000000	36.000000	161.908563	383.439315	6.366049e-01	2.670878e-02	4.433609e+02	4.505844e-02	
40.000000	40.000000	164.096820	584.047702	5.618766e-01	3.052322e-02	4.437658e+02	3.804362e-02	
40.000000	44.000000	167.173373	0.408893	5.921139e-01	2.560475e-02	4.442841e+02	4.055964e-02	
40.000000	48.000000	174.644534	168.791503	5.695466e-01	2.660108e-02	4.445141e+02	3.906193e-02	
40.000000	52.000000	184.554855	4.840561	5.820601e-01	2.839420e-02	4.444159e+02	3.976259e-02	
40.000000	56.000000	206.557628	25.504672	6.110675e-01	3.053169e-02	4.433590e+02	4.079758e-02	
40.000000	60.000000	233.361901	8.467694	6.168157e-01	2.812970e-02	4.405966e+02	4.174753e-02	
44.000000	0.000000	222.053827	8.997757	5.182510e-01	2.645439e-02	4.357854e+02	3.423469e-02	
44.000000	4.000000	186.772069	963.251458	5.876680e-01	3.202812e-02	4.401217e+02	3.898370e-02	
44.000000	8.000000	184.555387	45.617084	5.690264e-01	2.806633e-02	4.403587e+02	3.826090e-02	
44.000000	12.000000	179.522779	10.075818	6.125968e-01	2.908009e-02	4.404540e+02	4.080353e-02	
44.000000	16.000000	175.929151	921.059854	6.224271e-01	3.369295e-02	4.412073e+02	4.158294e-02	
44.000000	20.000000	172.049012	105.604881	5.679196e-01	2.851480e-02	4.417484e+02	3.756349e-02	
44.000000	24.000000	170.325772	5.706657	5.875739e-01	3.094895e-02	4.419689e+02	4.049639e-02	
44.000000	28.000000	167.533939	69.062924	5.158911e-01	2.891804e-02	4.421712e+02	3.328272e-02	
44.000000	32.000000	167.041266	43.143409	5.723370e-01	2.698973e-02	4.425376e+02	3.923017e-02	
44.000000	36.000000	167.057412	4.513611	5.817173e-01	3.027433e-02	4.428340e+02	5.205236e-02	
44.000000	40.000000	167.682682	245.850173	5.772998e-01	2.747933e-02	4.434859e+02	3.956308e-02	
44.000000	44.000000	172.049342	207.491302	5.211698e-01	3.289226e-02	4.440038e+02	3.553963e-02	
44.000000	48.000000	178.295139	225.556185	5.013179e-01	2.758886e-02	4.442006e+02	3.271225e-02	
44.000000	52.000000	189.798855	4.572808	5.662763e-01	2.922478e-02	4.441146e+02	3.669541e-02	
44.000000	56.000000	209.575090	6.689688	5.608235e-01	2.600810e-02	4.434246e+02	3.846566e-02	
44.000000	60.000000	237.824508	1092.318499	6.272324e-01	3.148204e-02	4.410173e+02	4.176316e-02	
48.000000	0.000000	234.548840	7.255605	6.010842e-01	2.986597e-02	4.368802e+02	3.946093e-02	
48.000000	4.000000	195.988983	16.491132	5.811066e-01	2.950262e-02	4.395439e+02	3.909462e-02	
48.000000	8.000000	193.962915	48.626754	6.203464e-01	2.794690e-02	4.394063e+02	4.141037e-02	
48.000000	12.000000	189.076199	188.437526	6.557310e-01	3.175350e-02	4.398576e+02	4.798083e-02	
48.000000	16.000000	184.544500	6.492047	5.839740e-01	2.761904e-02	4.405820e+02	3.936872e-02	
48.000000	20.000000	179.572196	5.046834	6.285324e-01	3.623482e-02	4.410476e+02	4.557731e-02	
48.000000	24.000000	176.637796	268.876064	5.558923e-01	2.600469e-02	4.412834e+02	3.717779e-02	
48.000000	28.000000	175.476130	521.413411	7.063871e-01	5.042247e-02	4.417647e+02	5.418014e-02	
48.000000	32.000000	173.450792	635.046516	6.247616e-01	3.213288e-02	4.421174e+02	4.131091e-02	
48.000000	36.000000	173.300786	490.379404	5.916386e-01	2.860442e-02	4.427423e+02	3.925630e-02	
48.000000	40.000000	173.256904	74.293517	5.815293e-01	2.902352e-02	4.431312e+02	3.810295e-02	
48.000000	44.000000	177.543858	5.263467	6.050931e-01	3.096548e-02	4.435377e+02	4.153242e-02	
48.000000	48.000000	184.555823	4.147669	5.363397e-01	3.116697e-02	4.440311e+02	3.706373e-02	
48.000000	52.000000	193.650161	51.331751	5.344251e-01	3.005826e-02	4.440485e+02	3.400136e-02	
48.000000	56.000000	211.455000	83.027509	6.892486e-01	3.486690e-02	4.436199e+02	4.704537e-02	
48.000000	60.000000	240.810906	12.304138	5.457897e-01	2.586473e-02	4.417138e+02	3.651439e-02	
52.000000	0.000000	253.324644	31.773345	5.944214e-01	3.460713e-02	4.377867e+02	4.111693e-02	
52.000000	4.000000	210.808360	736.844990	6.259081e-01	3.239704e-02	4.385456e+02	4.248639e-02	
52.000000	8.000000	207.874188	36.022168	5.839613e-01	2.914218e-02	4.384107e+02	3.939117e-02	
52.000000	12.000000	201.701814	414.955164	5.566322e-01	2.820648e-02	4.388418e+02	3.637368e-02	
52.000000	16.000000	195.407619	6.789499	6.302581e-01	3.489300e-02	4.396002e+02	4.363851e-02	
52.000000	20.000000	191.584046	52.001914	5.618275e-01	2.834914e-02	4.402433e+02	3.702540e-02	
52.000000	24.000000	187.334652	194.984970	6.827379e-01	2.883914e-02	4.405609e+02	5.127023e-02	
52.000000	28.000000	185.852268	385.598325	5.837593e-01	3.043626e-02	4.410592e+02	3.807443e-02	
52.000000	32.000000	183.737370	6.418870	6.007838e-01	3.101214e-02	4.413918e+02	4.122604e-02	
52.000000	36.000000	182.850392	5.856099	5.978947e-01	3.632134e-02	4.420155e+02	4.584729e-02	
52.000000	40.000000	182.922983	6.039307	6.153019e-01	3.317077e-02	4.426278e+02	4.242597e-02	
52.000000	44.000000	184.543972	6.481492	5.607395e-01	2.840081e-02	4.432467e+02	3.705413e-02	
52.000000	48.000000	190.793763	12.245362	6.029334e-01	3.073571e-02	4.435589e+02	4.086268e-02	
52.000000	52.000000	199.194219	950.999023	5.863842e-01	2.786012e-02	4.437950e+02	3.897411e-02	
52.000000	56.000000	216.274288	6.277425	6.029296e-01	2.940926e-02	4.433032e+02	4.015437e-02	
52.000000	60.000000	247.055361	19.033521	5.973060e-01	3.183552e-02	4.419927e+02	4.124771e-02	
56.000000	0.000000	275.416439	1045.178508	6.202614e-01	3.011242e-02	4.386686e+02	4.146757e-02	
56.000000	4.000000	238.316988	830.760875	6.186174e-01	3.162853e-02	4.370305e+02	4.104580e-02	
56.000000	8.000000	233.378006	85.141614	6.577195e-01	3.509426e-02	4.370785e+02	4.466754e-02	
56.000000	12.000000	225.324509	868.653858	5.804353e-01	3.264986e-02	4.379118e+02	4.768847e-02	
56.000000	16.000000	216.697205	47.983037	6.872354e-01	4.021747e-02	4.386664e+02	4.947675e-02	
56.000000	20.000000	210.878475	22.453527	5.627960e-01	2.706225e-02	4.394558e+02	3.816339e-02	
56.000000	24.000000	206.183268	76.843237	6.003354e-01	3.081802e-02	4.399745e+02	4.045669e-02	
56.000000	28.000000	202.851132	95.674260	5.781212e-01	2.982006e-02	4.401744e+02	3.789705e-02	
56.000000	32.000000	199.933267	925.393182	6.359430e-01	2.758601e-02	4.405818e+02	4.264788e-02	
56.000000	36.000000	198.237606	8.336146	5.926696e-01	2.680762e-02	4.413516e+02	3.980458e-02	
56.000000	40.000000	197.874769	46.711710	6.005380e-01	3.142376e-02	4.419179e+02	4.498942e-02	
56.000000	44.000000	197.839267	225.762553	5.797393e-01	2.689503e-02	4.426373e+02	3.895314e-02	
56.000000	48.000000	201.660605	31.754689	5.857131e-01	2.997639e-02	4.430423e+02	3.810429e-02	
56.000000	52.000000	209.980285	3.912909	6.221724e-01	3.364632e-02	4.434098e+02	4.293100e-02	
56.000000	56.000000	226.586095	595.555600	5.750129e-01	3.055377e-02	4.431104e+02	3.755733e-02	
56.000000	60.000000	254.699211	11.263216	6.349680e-01	3.330692e-02	4.422636e+02	4.229987e-02	
60.000000	0.000000	297.045511	31.695066	6.384451e-01	2.680269e-02	4.396133e+02	4.355137e-02	
60.000000	4.000000	383.077963	664.540733	5.984407e-01	2.779119e-02	4.357844e+02	4.015094e-02	
60.000000	8.000000	367.364204	721.320224	6.265482e-01	2.875908e-02	4.357156e+02	4.228276e-02	
60.000000	12.000000	344.845333	721.848174	6.378543e-01	3.241042e-02	4.363114e+02	4.257524e-02	
60.000000	16.000000	318.174796	490.134692	6.739249e-01	4.239602e-02	4.376538e+02	4.813368e-02	
60.000000	20.000000	300.077615	747.325756	5.747786e-01	2.791450e-02	4.384638e+02	3.895748e-02	
60.000000	24.000000	285.626725	740.399893	6.008854e-01	3.493702e-02	4.391121e+02	4.151261e-02	
60.000000	28.000000	274.994250	777.179644	7.030970e-01	4.647627e-02	4.394643e+02	5.028735e-02	
60.000000	32.000000	263.513062	815.034601	6.038126e-01	2.896380e-02	4.398699e+02	4.107361e-02	
60.000000	36.000000	251.807449	768.562783	6.271625e-01	3.797836e-02	4.402821e+02	4.262136e-02	
60.000000	40.000000	240.534528	257.882592	5.901009e-01	2.933956e-02	4.408338e+02	3.876709e-02	
60.000000	44.000000	233.022694	212.792295	6.129068e-01	3.393010e-02	4.413529e+02	4.122636e-02	
60.000000	48.000000	232.202928	122.969512	6.148563e-01	2.848067e-02	4.418204e+02	4.532557e-02	
60.000000	52.000000	235.897129	565.323681	5.608558e-01	2.741993e-02	4.423357e+02	3.825576e-02	
60.000000	56.000000	248.551107	696.511838	6.417441e-01	3.004313e-02	4.423343e+02	4.335045e-02	
60.000000	60.000000	273.216108	683.200632	6.080149e-01	2.693125e-02	4.416530e+02	4.106491e-02	
0.000000	0.000000	317.082524	29.690577	5.493187e-01	2.699109e-02	4.398520e+02	3.948465e-02	
