0.000000	4.000000	128.310379	5.044129	4.879737e-01	2.645031e-02	4.222182e+02	3.322363e-02	
0.000000	8.000000	128.301405	5.029871	5.538646e-01	2.840975e-02	4.217809e+02	3.640691e-02	
0.000000	12.000000	128.302004	3.992552	5.393501e-01	2.354989e-02	4.215335e+02	3.731922e-02	
0.000000	16.000000	128.304260	5.903519	5.848855e-01	2.926646e-02	4.213781e+02	4.002294e-02	
0.000000	20.000000	128.305362	12.475010	5.707791e-01	2.692675e-02	4.215564e+02	3.911574e-02	
0.000000	24.000000	128.299516	4.610523	5.422047e-01	2.646677e-02	4.218380e+02	3.700570e-02	
0.000000	28.000000	127.495222	4.269990	5.464210e-01	2.854592e-02	4.221874e+02	3.566474e-02	
0.000000	32.000000	126.256235	33.244377	5.881926e-01	3.290025e-02	4.227578e+02	4.036603e-02	
0.000000	36.000000	128.307310	2.212164	5.659866e-01	2.977117e-02	4.229458e+02	3.657789e-02	
0.000000	40.000000	128.305369	2.712257	5.719728e-01	3.219488e-02	4.232155e+02	3.892095e-02	
0.000000	44.000000	134.561052	45.470516	5.129282e-01	2.836095e-02	4.231065e+02	3.376542e-02	
0.000000	48.000000	147.050408	3.339372	5.804643e-01	4.218106e-02	4.220454e+02	4.262449e-02	
0.000000	52.000000	159.551890	4.921062	5.676287e-01	2.913832e-02	4.187058e+02	3.862612e-02	
0.000000	56.000000	151.275945	0.074584	5.548557e-01	2.725028e-02	4.118504e+02	4.107664e-02	
0.000000	60.000000	135.678642	9.828315	6.031571e-01	2.964237e-02	4.038935e+02	4.255758e-02	
4.000000	0.000000	134.545176	5.603719	5.625412e-01	2.629012e-02	4.036624e+02	3.786682e-02	
4.000000	4.000000	132.295000	14.381645	5.305513e-01	2.551497e-02	4.222792e+02	3.554985e-02	
4.000000	8.000000	132.486274	11.185311	5.526330e-01	2.616073e-02	4.216720e+02	3.713379e-02	
4.000000	12.000000	130.833566	15.534911	5.870866e-01	2.705326e-02	4.213635e+02	3.945490e-02	
4.000000	16.000000	129.701019	7.235792	5.665943e-01	2.790695e-02	4.213406e+02	3.866174e-02	
4.000000	20.000000	128.820061	4.588004	6.114314e-01	3.228320e-02	4.214008e+02	4.206265e-02	
4.000000	24.000000	128.293553	12.249451	5.387588e-01	2.842445e-02	4.217622e+02	3.627747e-02	
4.000000	28.000000	128.327723	4.893379	5.179771e-01	3.310095e-02	4.221109e+02	3.361551e-02	
4.000000	32.000000	128.306297	2.647407	5.269551e-01	2.282540e-02	4.225823e+02	3.661864e-02	
4.000000	36.000000	128.303965	3.392115	5.224435e-01	2.951070e-02	4.228820e+02	3.322773e-02	
4.000000	40.000000	128.827432	2.151023	5.976592e-01	3.779070e-02	4.231462e+02	4.223805e-02	
4.000000	44.000000	134.558023	1.810063	5.187601e-01	3.078688e-02	4.231380e+02	3.324063e-02	
4.000000	48.000000	147.045137	33.001249	5.393679e-01	3.027665e-02	4.220863e+02	3.459108e-02	
4.000000	52.000000	160.884830	671.624962	4.962029e-01	3.142140e-02	4.189772e+02	3.053781e-02	
4.000000	56.000000	153.297452	5.055152	5.518217e-01	2.518643e-02	4.125852e+02	3.791037e-02	
4.000000	60.000000	140.788661	6.490259	5.311300e-01	3.208318e-02	4.041529e+02	3.513087e-02	
8.000000	0.000000	134.550018	8.412066	5.208515e-01	2.197807e-02	4.035490e+02	3.643025e-02	
8.000000	4.000000	134.558357	5.226084	5.282727e-01	2.773966e-02	4.222260e+02	3.475127e-02	
8.000000	8.000000	134.555035	4.786982	5.937194e-01	3.001378e-02	4.215986e+02	4.068474e-02	
8.000000	12.000000	134.551924	3.881334	5.658587e-01	2.847105e-02	4.213127e+02	3.854079e-02	
8.000000	16.000000	134.544663	4.980349	5.830290e-01	2.593308e-02	4.212930e+02	3.940330e-02	
8.000000	20.000000	132.798981	9.891336	5.913211e-01	2.929740e-02	4.214483e+02	4.051806e-02	
8.000000	24.000000	129.172134	4.824993	5.752373e-01	2.913048e-02	4.216733e+02	3.925635e-02	
8.000000	28.000000	128.301988	5.931543	5.037116e-01	2.954947e-02	4.220773e+02	3.288621e-02	
8.000000	32.000000	127.945538	160.238865	5.458167e-01	2.422358e-02	4.225429e+02	3.764862e-02	
8.000000	36.000000	128.295966	3.477259	5.853872e-01	2.897833e-02	4.229018e+02	3.925295e-02	
8.000000	40.000000	132.967480	121.625124	5.493964e-01	2.679691e-02	4.231521e+02	3.913062e-02	
8.000000	44.000000	135.146361	44.731028	5.736530e-01	3.191191e-02	4.230955e+02	3.804178e-02	
8.000000	48.000000	147.051868	4.770337	5.177712e-01	3.520724e-02	4.220204e+02	3.655419e-02	
8.000000	52.000000	165.834381	10.508889	5.610845e-01	2.563514e-02	4.192216e+02	3.800703e-02	
8.000000	56.000000	158.685859	5.976250	5.881926e-01	3.290059e-02	4.132422e+02	4.036729e-02	
8.000000	60.000000	141.966176	9.531823	5.632147e-01	2.801669e-02	4.048782e+02	3.761837e-02	
12.000000	0.000000	134.555740	6.517572	5.699992e-01	2.659451e-02	4.033900e+02	3.835092e-02	
12.000000	4.000000	134.552184	7.278572	4.883376e-01	3.595873e-02	4.219984e+02	3.381096e-02	
12.000000	8.000000	134.550129	10.884964	5.902293e-01	2.953349e-02	4.214061e+02	4.042798e-02	
12.000000	12.000000	134.555386	10.018226	5.647222e-01	2.568653e-02	4.212380e+02	3.819962e-02	
12.000000	16.000000	134.560766	13.902227	5.097913e-01	3.085060e-02	4.210018e+02	3.207290e-02	
12.000000	20.000000	134.555594	6.603210	5.772922e-01	3.762481e-02	4.211127e+02	4.029820e-02	
12.000000	24.000000	134.555998	4.807502	5.705949e-01	2.632713e-02	4.216788e+02	3.826800e-02	
12.000000	28.000000	129.710624	5.743849	5.229611e-01	2.982478e-02	4.220397e+02	3.341654e-02	
12.000000	32.000000	128.304144	3.174986	5.444042e-01	2.669802e-02	4.223022e+02	3.704183e-02	
12.000000	36.000000	128.744222	4.011323	5.499128e-01	2.590903e-02	4.227041e+02	3.682173e-02	
12.000000	40.000000	134.551796	2.350701	5.689700e-01	3.348244e-02	4.231788e+02	3.871894e-02	
12.000000	44.000000	140.121841	3.354636	6.033439e-01	4.150343e-02	4.229136e+02	4.445608e-02	
12.000000	48.000000	147.474501	2.736510	5.341436e-01	2.675878e-02	4.222771e+02	3.564062e-02	
12.000000	52.000000	165.805192	7.011913	5.903826e-01	3.105972e-02	4.196830e+02	4.043549e-02	
12.000000	56.000000	160.090641	11.886908	6.207515e-01	2.595241e-02	4.143148e+02	4.420598e-02	
12.000000	60.000000	147.049232	6.329223	5.379379e-01	2.629496e-02	4.057031e+02	3.661143e-02	
16.000000	0.000000	140.808395	4.845131	6.010842e-01	2.986546e-02	4.031198e+02	3.946034e-02	
16.000000	4.000000	136.643932	1054.913450	5.320332e-01	3.007710e-02	4.219067e+02	4.035557e-02	
16.000000	8.000000	136.367357	1030.222571	6.074681e-01	2.991091e-02	4.211288e+02	3.999963e-02	
16.000000	12.000000	135.913303	153.288336	5.722115e-01	3.089452e-02	4.209403e+02	3.753921e-02	
16.000000	16.000000	135.121294	6.285500	5.080807e-01	3.219574e-02	4.208711e+02	3.252008e-02	
16.000000	20.000000	134.550067	5.092296	5.205986e-01	3.073294e-02	4.210154e+02	3.376608e-02	
16.000000	24.000000	134.546058	15.800481	5.136178e-01	3.322717e-02	4.211248e+02	3.347516e-02	
16.000000	28.000000	134.555815	3.308266	5.492952e-01	2.596353e-02	4.217911e+02	3.688145e-02	
16.000000	32.000000	132.959185	4.579720	5.331209e-01	2.660913e-02	4.222779e+02	3.551435e-02	
16.000000	36.000000	133.760428	2.780923	5.255857e-01	2.322407e-02	4.226203e+02	3.633311e-02	
16.000000	40.000000	134.542424	166.180066	5.197969e-01	2.953187e-02	4.230838e+02	3.662550e-02	
16.000000	44.000000	140.807913	3.308131	5.096679e-01	2.736174e-02	4.228257e+02	3.325298e-02	
16.000000	48.000000	150.261686	1098.884561	5.538331e-01	2.598580e-02	4.221856e+02	3.808155e-02	
16.000000	52.000000	165.801837	8.736430	5.721001e-01	3.088202e-02	4.198807e+02	3.745961e-02	
16.000000	56.000000	165.807601	5.469665	5.427501e-01	2.755963e-02	4.147301e+02	3.675369e-02	
16.000000	60.000000	153.301964	6.639498	5.425843e-01	2.388246e-02	4.064618e+02	3.748127e-02	
20.000000	0.000000	140.795400	4.651959	4.972775e-01	3.410164e-02	4.030519e+02	3.178698e-02	
20.000000	4.000000	140.793044	7.651289	5.368066e-01	2.323750e-02	4.215096e+02	3.720643e-02	
20.000000	8.000000	140.805021	6.351338	5.569875e-01	2.956082e-02	4.208902e+02	3.594677e-02	
20.000000	12.000000	140.797790	5.675863	5.972369e-01	3.050647e-02	4.206034e+02	4.095052e-02	
20.000000	16.000000	140.809659	5.425755	5.500619e-01	2.489466e-02	4.204648e+02	3.763254e-02	
20.000000	20.000000	139.089426	400.375262	5.174890e-01	2.821556e-02	4.207885e+02	3.470190e-02	
20.000000	24.000000	135.070492	6.058796	5.294912e-01	4.562249e-02	4.209877e+02	3.796849e-02	
20.000000	28.000000	134.555641	11.964001	5.672252e-01	2.678930e-02	4.215846e+02	3.885345e-02	
20.000000	32.000000	134.548577	4.028007	5.105387e-01	2.811289e-02	4.221256e+02	3.318343e-02	
20.000000	36.000000	134.550964	4.733063	5.325186e-01	2.301882e-02	4.225436e+02	3.704825e-02	
20.000000	40.000000	134.557889	2.964673	5.363148e-01	3.138592e-02	4.228293e+02	3.567008e-02	
20.000000	44.000000	140.805512	4.817889	5.272126e-01	3.137085e-02	4.228386e+02	3.484777e-02	
20.000000	48.000000	153.293376	4.123709	5.351820e-01	2.847655e-02	4.221114e+02	3.888709e-02	
20.000000	52.000000	166.488868	7.599572	5.617958e-01	2.604642e-02	4.202888e+02	3.760987e-02	
20.000000	56.000000	172.074183	13.492465	6.018024e-01	3.097119e-02	4.155470e+02	4.064432e-02	
20.000000	60.000000	154.757202	8.797603	5.880764e-01	2.565593e-02	4.077222e+02	4.025874e-02	
24.000000	0.000000	147.045148	5.939400	5.060568e-01	3.445392e-02	4.029654e+02	3.794085e-02	
24.000000	4.000000	140.801939	8.320234	5.513023e-01	2.563183e-02	4.213557e+02	3.721820e-02	
24.000000	8.000000	140.800838	6.048718	5.680219e-01	2.838941e-02	4.206772e+02	3.863648e-02	
24.000000	12.000000	140.799936	7.199869	5.298846e-01	2.260017e-02	4.204903e+02	3.687276e-02	
24.000000	16.000000	140.806294	10.351797	5.789355e-01	2.656341e-02	4.203357e+02	3.886529e-02	
24.000000	20.000000	140.795346	14.444063	4.939807e-01	2.088371e-02	4.203782e+02	3.512347e-02	
24.000000	24.000000	139.940734	4.708069	5.399400e-01	2.781960e-02	4.207440e+02	3.647873e-02	
24.000000	28.000000	135.756902	111.932792	5.576403e-01	2.563075e-02	4.214292e+02	3.828017e-02	
24.000000	32.000000	134.554144	3.444337	4.988906e-01	3.411024e-02	4.219744e+02	3.552002e-02	
24.000000	36.000000	134.556416	3.426501	5.716375e-01	2.696114e-02	4.224530e+02	3.917884e-02	
24.000000	40.000000	139.156676	64.013452	5.576404e-01	2.563114e-02	4.225708e+02	3.828048e-02	
24.000000	44.000000	141.244221	4.695584	5.785458e-01	3.420727e-02	4.228175e+02	3.967691e-02	
24.000000	48.000000	153.304138	5.973108	5.735233e-01	3.033148e-02	4.222291e+02	3.791994e-02	
24.000000	52.000000	170.289379	9.339775	5.063107e-01	2.062956e-02	4.205151e+02	3.591602e-02	
24.000000	56.000000	177.234296	5.978194	6.287989e-01	3.133168e-02	4.159870e+02	4.134848e-02	
24.000000	60.000000	159.552045	7.079246	5.486572e-01	2.820562e-02	4.087711e+02	3.604219e-02	
28.000000	0.000000	147.045824	6.612389	5.696255e-01	2.562080e-02	4.027850e+02	3.958987e-02	
28.000000	4.000000	146.125959	6.328318	5.478020e-01	2.592032e-02	4.212821e+02	3.662315e-02	
28.000000	8.000000	145.892412	6.422324	5.594448e-01	2.596289e-02	4.205849e+02	3.836519e-02	
28.000000	12.000000	145.367898	7.165290	5.512132e-01	2.589619e-02	4.202528e+02	3.672934e-02	
28.000000	16.000000	145.259179	8.521975	5.282317e-01	2.998307e-02	4.201878e+02	3.513513e-02	
28.000000	20.000000	142.148087	12.221833	5.520753e-01	2.595739e-02	4.202520e+02	3.687365e-02	
28.000000	24.000000	140.795182	6.853466	5.571455e-01	2.534366e-02	4.204622e+02	3.829311e-02	
28.000000	28.000000	140.800905	5.127748	5.325290e-01	2.914979e-02	4.210685e+02	3.430873e-02	
28.000000	32.000000	139.286903	6.684176	5.845806e-01	2.999869e-02	4.216398e+02	3.982277e-02	
28.000000	36.000000	139.824423	4.767432	5.837805e-01	3.016694e-02	4.219318e+02	4.095637e-02	
28.000000	40.000000	140.829767	4.936963	5.602647e-01	2.730361e-02	4.223586e+02	3.775268e-02	
28.000000	44.000000	147.053802	3.760338	5.809937e-01	2.938121e-02	4.226546e+02	3.970828e-02	
28.000000	48.000000	153.306744	5.898536	5.785248e-01	2.890190e-02	4.223304e+02	3.868365e-02	
28.000000	52.000000	172.050174	5.995642	6.112847e-01	3.525427e-02	4.207463e+02	4.254739e-02	
28.000000	56.000000	182.339363	7.210390	5.542960e-01	2.604070e-02	4.168182e+02	3.833913e-02	
28.000000	60.000000	165.802054	7.464343	6.302581e-01	3.489301e-02	4.096002e+02	4.363854e-02	
32.000000	0.000000	153.337377	10.252637	5.841301e-01	2.790655e-02	4.024507e+02	3.947549e-02	
32.000000	4.000000	147.050545	7.177478	5.172735e-01	2.996455e-02	4.210871e+02	3.266325e-02	
32.000000	8.000000	147.054258	8.475480	5.626019e-01	3.025555e-02	4.202696e+02	3.755757e-02	
32.000000	12.000000	147.049599	7.211006	5.860319e-01	2.993289e-02	4.199619e+02	3.813263e-02	
32.000000	16.000000	147.055394	11.253604	5.385619e-01	3.149215e-02	4.200591e+02	3.505159e-02	
32.000000	20.000000	147.052993	11.842090	5.714741e-01	2.928342e-02	4.199325e+02	3.810402e-02	
32.000000	24.000000	146.056523	5.341153	5.567533e-01	2.593990e-02	4.202616e+02	3.723816e-02	
32.000000	28.000000	141.187850	5.710009	5.352427e-01	3.117997e-02	4.208280e+02	3.550877e-02	
32.000000	32.000000	140.800083	8.199197	6.019590e-01	3.047866e-02	4.214953e+02	4.129530e-02	
32.000000	36.000000	140.803761	28.913550	5.585700e-01	2.968001e-02	4.219876e+02	3.600464e-02	
32.000000	40.000000	141.252543	5.249322	5.711988e-01	2.779163e-02	4.223733e+02	3.904682e-02	
32.000000	44.000000	147.054271	19.831186	5.699603e-01	2.668958e-02	4.225965e+02	3.848380e-02	
32.000000	48.000000	155.602951	25.761887	5.218547e-01	2.770457e-02	4.222266e+02	3.506095e-02	
32.000000	52.000000	172.044353	11.086059	5.992638e-01	2.836899e-02	4.208455e+02	4.342394e-02	
32.000000	56.000000	188.775945	793.361389	5.891821e-01	3.007645e-02	4.173592e+02	4.033627e-02	
32.000000	60.000000	172.051993	8.247611	5.573827e-01	3.278074e-02	4.108981e+02	3.719996e-02	
36.000000	0.000000	159.558707	5.678120	5.855335e-01	2.913756e-02	4.026121e+02	3.998941e-02	
36.000000	4.000000	153.305613	9.491933	5.205719e-01	2.212539e-02	4.205730e+02	3.628312e-02	
36.000000	8.000000	153.304664	7.411343	5.976700e-01	2.568799e-02	4.197108e+02	4.127983e-02	
36.000000	12.000000	152.470534	7.143374	5.846298e-01	2.867026e-02	4.195751e+02	4.003448e-02	
36.000000	16.000000	151.637382	168.588496	5.485195e-01	2.554063e-02	4.196539e+02	3.701106e-02	
36.000000	20.000000	150.033422	1080.478469	5.838982e-01	2.802310e-02	4.197868e+02	3.868100e-02	
36.000000	24.000000	147.053783	6.063002	5.852744e-01	3.013050e-02	4.201104e+02	3.821200e-02	
36.000000	28.000000	147.055753	4.851035	5.553347e-01	2.639349e-02	4.206413e+02	3.796839e-02	
36.000000	32.000000	145.439805	6.528986	5.588056e-01	2.580131e-02	4.211993e+02	3.838429e-02	
36.000000	36.000000	145.174599	42.202796	5.969081e-01	3.438912e-02	4.217728e+02	4.128007e-02	
36.000000	40.000000	147.055393	3.713277	5.113453e-01	2.517127e-02	4.222702e+02	3.486358e-02	
36.000000	44.000000	148.332528	62.542803	5.640053e-01	2.667192e-02	4.223965e+02	3.861457e-02	
36.000000	48.000000	159.542430	4.145636	5.433033e-01	2.513402e-02	4.223550e+02	3.678428e-02	
36.000000	52.000000	172.778488	151.004715	5.995880e-01	3.030010e-02	4.210768e+02	3.920744e-02	
36.000000	56.000000	194.313119	9.228927	5.567439e-01	2.992582e-02	4.179585e+02	3.587081e-02	
36.000000	60.000000	179.197205	14.568499	5.775971e-01	2.776315e-02	4.118218e+02	3.833477e-02	
40.000000	0.000000	165.805439	8.059277	5.689528e-01	3.043282e-02	4.030929e+02	3.704320e-02	
40.000000	4.000000	156.924343	27.839290	6.027658e-01	3.222600e-02	4.202186e+02	4.006276e-02	
40.000000	8.000000	157.106068	23.264072	6.103525e-01	3.190307e-02	4.195755e+02	4.195422e-02	
40.000000	12.000000	155.803549	24.773950	5.138814e-01	4.329525e-02	4.190282e+02	4.944858e-02	
40.000000	16.000000	154.594741	16.525168	5.900452e-01	3.265662e-02	4.192562e+02	4.049838e-02	
40.000000	20.000000	153.983678	8.720766	5.739815e-01	2.586598e-02	4.192781e+02	3.866565e-02	
40.000000	24.000000	153.288780	12.987549	5.854008e-01	2.842100e-02	4.195047e+02	4.011046e-02	
40.000000	28.000000	148.783940	984.531159	6.032634e-01	3.619708e-02	4.201977e+02	4.219380e-02	
40.000000	32.000000	147.049558	4.939668	5.460940e-01	2.960187e-02	4.210554e+02	3.505314e-02	
40.000000	36.000000	147.048657	8.377213	5.464844e-01	2.423965e-02	4.214667e+02	3.769482e-02	
40.000000	40.000000	147.346297	4.299353	5.081687e-01	3.215375e-02	4.220779e+02	3.213863e-02	
40.000000	44.000000	153.295177	6.218064	5.526887e-01	2.588484e-02	4.221906e+02	3.765795e-02	
40.000000	48.000000	160.180323	87.076549	5.453806e-01	2.946562e-02	4.222200e+02	3.589800e-02	
40.000000	52.000000	177.138780	8.282956	5.322128e-01	3.298044e-02	4.209628e+02	3.579451e-02	
40.000000	56.000000	197.909317	186.296079	5.605545e-01	2.592038e-02	4.184505e+02	3.813159e-02	
40.000000	60.000000	190.799015	10.605321	6.038938e-01	4.022044e-02	4.128892e+02	4.380611e-02	
44.000000	0.000000	172.055469	8.280295	5.644376e-01	2.964605e-02	4.042664e+02	3.831857e-02	
44.000000	4.000000	160.405409	710.692497	5.797575e-01	3.151207e-02	4.197432e+02	3.957810e-02	
44.000000	8.000000	160.951010	642.485922	5.774145e-01	3.002399e-02	4.190000e+02	3.764724e-02	
44.000000	12.000000	160.841823	210.109122	5.865958e-01	3.803028e-02	4.188799e+02	4.132940e-02	
44.000000	16.000000	160.340191	8.264814	5.609356e-01	2.626320e-02	4.188241e+02	4.016453e-02	
44.000000	20.000000	159.549599	19.898595	5.032060e-01	2.912782e-02	4.189073e+02	3.248206e-02	
44.000000	24.000000	158.092049	10.147351	5.421222e-01	2.893130e-02	4.192302e+02	3.639336e-02	
44.000000	28.000000	153.739448	8.552306	6.142417e-01	4.003865e-02	4.198629e+02	4.452621e-02	
44.000000	32.000000	153.299374	8.047594	5.458167e-01	2.422317e-02	4.204571e+02	3.764817e-02	
44.000000	36.000000	153.305332	4.596721	5.331959e-01	3.077468e-02	4.209832e+02	3.446399e-02	
44.000000	40.000000	153.295402	10.076941	6.090912e-01	3.182280e-02	4.215849e+02	4.186170e-02	
44.000000	44.000000	156.543243	101.152062	5.651415e-01	3.281928e-02	4.220207e+02	3.939443e-02	
44.000000	48.000000	165.054465	5.415000	5.557627e-01	2.929524e-02	4.219462e+02	3.605511e-02	
44.000000	52.000000	178.306848	7.741148	5.379827e-01	3.058713e-02	4.211296e+02	3.475092e-02	
44.000000	56.000000	203.307015	10.892708	5.607395e-01	2.840101e-02	4.187533e+02	3.705403e-02	
44.000000	60.000000	199.933269	1141.347092	5.921127e-01	3.230652e-02	4.139371e+02	4.501728e-02	
48.000000	0.000000	183.313691	7.270189	5.577212e-01	2.841710e-02	4.057895e+02	3.662554e-02	
48.000000	4.000000	170.497046	21.767670	5.161663e-01	3.126613e-02	4.191533e+02	3.381252e-02	
48.000000	8.000000	170.458841	23.910831	5.820744e-01	2.761931e-02	4.184319e+02	3.929466e-02	
48.000000	12.000000	170.226145	23.571617	5.497808e-01	2.861680e-02	4.182568e+02	3.717506e-02	
48.000000	16.000000	167.493765	33.341890	5.505979e-01	2.854137e-02	4.181477e+02	3.588026e-02	
48.000000	20.000000	166.500731	13.742510	4.945075e-01	2.469021e-02	4.182599e+02	3.410249e-02	
48.000000	24.000000	164.611475	164.145799	5.604225e-01	2.769808e-02	4.186782e+02	3.818304e-02	
48.000000	28.000000	160.846046	9.237969	5.528523e-01	2.534832e-02	4.194145e+02	3.805197e-02	
48.000000	32.000000	159.546467	12.511657	5.712747e-01	2.586126e-02	4.201997e+02	4.084792e-02	
48.000000	36.000000	157.938199	4.651638	5.978178e-01	2.896988e-02	4.207196e+02	3.974336e-02	
48.000000	40.000000	158.665084	5.578103	5.802035e-01	2.789101e-02	4.214624e+02	3.974953e-02	
48.000000	44.000000	161.051061	92.208237	5.430777e-01	2.721715e-02	4.218619e+02	3.861742e-02	
48.000000	48.000000	169.861136	0.475744	5.593494e-01	3.108045e-02	4.218724e+02	4.863133e-02	
48.000000	52.000000	183.661645	6.101231	5.706166e-01	2.552442e-02	4.212407e+02	3.880062e-02	
48.000000	56.000000	208.766345	8.523056	5.815410e-01	2.600979e-02	4.192969e+02	3.921821e-02	
48.000000	60.000000	215.801959	13.406268	5.884676e-01	3.211184e-02	4.150403e+02	3.981034e-02	
52.000000	0.000000	197.040195	11.262722	5.861933e-01	2.949233e-02	4.076225e+02	4.020577e-02	
52.000000	4.000000	179.144463	26.010055	5.255422e-01	2.444553e-02	4.183246e+02	3.568012e-02	
52.000000	8.000000	179.192990	16.135979	5.042787e-01	2.421549e-02	4.177144e+02	3.479011e-02	
52.000000	12.000000	179.599827	26.411884	5.652063e-01	2.616179e-02	4.174717e+02	3.878560e-02	
52.000000	16.000000	178.304039	23.888630	5.887037e-01	3.361030e-02	4.172234e+02	4.048821e-02	
52.000000	20.000000	176.440988	24.110386	5.347066e-01	2.340743e-02	4.174672e+02	3.700664e-02	
52.000000	24.000000	172.898211	208.749093	5.757511e-01	3.022577e-02	4.180422e+02	3.747198e-02	
52.000000	28.000000	170.425351	13.261086	5.499745e-01	2.596238e-02	4.187657e+02	3.674232e-02	
52.000000	32.000000	167.203793	7.364122	5.504052e-01	2.525139e-02	4.194903e+02	3.753662e-02	
52.000000	36.000000	165.800720	34.726159	4.973560e-01	3.313846e-02	4.201205e+02	3.200611e-02	
52.000000	40.000000	165.802235	47.775088	5.902466e-01	2.754232e-02	4.208138e+02	3.967604e-02	
52.000000	44.000000	167.416424	39.608280	5.367223e-01	2.457666e-02	4.213618e+02	3.689108e-02	
52.000000	48.000000	175.066731	115.597547	6.286306e-01	3.477014e-02	4.213903e+02	4.352337e-02	
52.000000	52.000000	189.732508	7.278867	5.397354e-01	2.995774e-02	4.210487e+02	3.645946e-02	
52.000000	56.000000	214.242789	797.099928	6.281662e-01	3.305668e-02	4.194429e+02	4.234299e-02	
52.000000	60.000000	234.552073	19.912215	5.340298e-01	3.058492e-02	4.160126e+02	3.444516e-02	
56.000000	0.000000	215.799039	17.762776	5.900779e-01	3.381808e-02	4.092198e+02	4.055320e-02	
56.000000	4.000000	198.647719	888.606672	6.002788e-01	3.565400e-02	4.172030e+02	4.181650e-02	
56.000000	8.000000	198.398769	823.741511	5.518217e-01	2.518644e-02	4.165852e+02	3.791037e-02	
56.000000	12.000000	198.389093	596.509889	5.430279e-01	2.418574e-02	4.164744e+02	3.731551e-02	
56.000000	16.000000	197.900758	21.533688	5.532323e-01	2.522574e-02	4.164243e+02	3.801124e-02	
56.000000	20.000000	195.379886	25.559711	5.605402e-01	2.572546e-02	4.165425e+02	3.849089e-02	
56.000000	24.000000	191.582722	26.586623	5.857116e-01	4.338662e-02	4.169661e+02	4.393421e-02	
56.000000	28.000000	185.390011	700.122182	5.580344e-01	3.147523e-02	4.178759e+02	4.901646e-02	
56.000000	32.000000	182.202953	43.809363	5.082971e-01	2.635974e-02	4.187590e+02	3.382027e-02	
56.000000	36.000000	179.115791	41.969044	5.852504e-01	2.841358e-02	4.195141e+02	4.009916e-02	
56.000000	40.000000	178.300910	30.914906	5.081097e-01	2.806994e-02	4.201370e+02	3.289906e-02	
56.000000	44.000000	179.588132	9.189998	5.653737e-01	2.837057e-02	4.207845e+02	3.720319e-02	
56.000000	48.000000	184.548969	30.335559	6.180613e-01	3.081833e-02	4.211164e+02	4.065278e-02	
56.000000	52.000000	197.048311	26.970562	5.526678e-01	3.003337e-02	4.208747e+02	3.580313e-02	
56.000000	56.000000	222.046184	13.081914	6.038507e-01	3.181018e-02	4.196366e+02	4.149173e-02	
56.000000	60.000000	255.803549	22.813760	5.527841e-01	2.839580e-02	4.168294e+02	3.606469e-02	
60.000000	0.000000	245.275280	15.881743	5.848855e-01	2.926646e-02	4.113781e+02	4.002294e-02	
60.000000	4.000000	271.086374	589.271764	5.115585e-01	3.030288e-02	4.159689e+02	3.200115e-02	
60.000000	8.000000	270.276564	181.302390	5.870866e-01	2.705326e-02	4.153635e+02	3.945492e-02	
60.000000	12.000000	268.656649	137.535279	5.220702e-01	2.823219e-02	4.151070e+02	3.554402e-02	
60.000000	16.000000	265.655716	459.042791	5.187468e-01	4.203183e-02	4.150383e+02	5.020016e-02	
60.000000	20.000000	260.851200	766.724681	5.219491e-01	2.482777e-02	4.152960e+02	3.524527e-02	
60.000000	24.000000	252.345600	513.219642	5.511485e-01	2.593173e-02	4.157989e+02	3.723209e-02	
60.000000	28.000000	240.134461	177.570719	5.241250e-01	2.248076e-02	4.165404e+02	3.644592e-02	
60.000000	32.000000	227.482479	134.643899	5.755656e-01	2.870759e-02	4.176649e+02	3.852590e-02	
60.000000	36.000000	217.820849	62.174726	6.271032e-01	3.515727e-02	4.186460e+02	4.312703e-02	
60.000000	40.000000	210.416105	644.958405	6.095402e-01	3.410982e-02	4.192873e+02	4.218655e-02	
60.000000	44.000000	207.992930	32.783120	5.736530e-01	3.191104e-02	4.199045e+02	3.804059e-02	
60.000000	48.000000	209.564479	34.814965	5.507487e-01	2.713279e-02	4.203073e+02	3.747661e-02	
60.000000	52.000000	217.032543	12.954978	5.803952e-01	3.302779e-02	4.200892e+02	3.924614e-02	
60.000000	56.000000	239.213703	27.683845	5.493959e-01	2.663307e-02	4.191561e+02	3.880413e-02	
60.000000	60.000000	278.308903	22.210386	5.474446e-01	2.613913e-02	4.171797e+02	3.725083e-02	
0.000000	0.000000	308.670871	29.080873	5.938785e-01	2.881847e-02	4.132712e+02	3.943967e-02	
