0.000000	4.000000	140.804283	4.331647	5.710232e-01	3.026864e-02	4.562338e+02	3.777936e-02	
0.000000	8.000000	140.802239	8.300577	6.032002e-01	2.885669e-02	4.561315e+02	4.084222e-02	
0.000000	12.000000	139.607041	3.772991	5.729819e-01	2.694289e-02	4.565777e+02	3.872635e-02	
0.000000	16.000000	134.559408	2.298916	5.494721e-01	2.863945e-02	4.569131e+02	3.651467e-02	
0.000000	20.000000	134.551894	27.027866	5.679234e-01	3.004907e-02	4.571743e+02	3.719505e-02	
0.000000	24.000000	134.546901	23.169612	5.505704e-01	2.736278e-02	4.573203e+02	3.694051e-02	
0.000000	28.000000	134.559417	2.029598	5.769922e-01	2.746572e-02	4.574765e+02	3.954076e-02	
0.000000	32.000000	134.554151	126.092893	5.570596e-01	2.520937e-02	4.574812e+02	3.821707e-02	
0.000000	36.000000	134.561588	1.382474	5.749556e-01	3.131157e-02	4.577522e+02	3.916414e-02	
0.000000	40.000000	139.286905	4.571719	5.298776e-01	2.385474e-02	4.573773e+02	3.627983e-02	
0.000000	44.000000	142.165766	27.572778	5.349907e-01	2.384763e-02	4.574070e+02	3.660614e-02	
0.000000	48.000000	153.324374	1.960283	5.030158e-01	3.102275e-02	4.569221e+02	3.135937e-02	
0.000000	52.000000	167.049497	4.024099	5.816972e-01	2.618561e-02	4.552039e+02	4.337204e-02	
0.000000	56.000000	178.291015	7.499236	5.754049e-01	2.874144e-02	4.513210e+02	3.843970e-02	
0.000000	60.000000	172.054258	7.849365	6.182905e-01	2.945719e-02	4.454480e+02	4.179050e-02	
4.000000	0.000000	162.023873	1106.102992	5.755068e-01	3.011516e-02	4.402948e+02	3.842317e-02	
4.000000	4.000000	144.226123	47.460798	5.344707e-01	2.619920e-02	4.562267e+02	3.546979e-02	
4.000000	8.000000	140.806171	3.229717	5.036429e-01	2.930143e-02	4.560850e+02	3.268060e-02	
4.000000	12.000000	140.804270	4.540040	5.692380e-01	2.620111e-02	4.563076e+02	3.816151e-02	
4.000000	16.000000	139.090029	43.718030	5.684114e-01	2.801894e-02	4.564504e+02	3.851903e-02	
4.000000	20.000000	136.057175	2.897136	6.105356e-01	4.478876e-02	4.569561e+02	4.732359e-02	
4.000000	24.000000	134.552240	2.730063	5.146767e-01	3.401911e-02	4.570493e+02	4.018092e-02	
4.000000	28.000000	134.549457	25.843257	5.532862e-01	2.595184e-02	4.571895e+02	3.784634e-02	
4.000000	32.000000	134.548300	1.879060	5.595747e-01	2.825582e-02	4.571800e+02	3.664030e-02	
4.000000	36.000000	135.104564	41.865627	5.264998e-01	2.368243e-02	4.573679e+02	3.598844e-02	
4.000000	40.000000	140.805324	1.625376	5.239116e-01	2.914927e-02	4.571519e+02	3.361537e-02	
4.000000	44.000000	146.126165	1.436997	5.959122e-01	2.985197e-02	4.573444e+02	3.984187e-02	
4.000000	48.000000	153.313248	20.172534	5.181640e-01	2.540812e-02	4.567367e+02	3.471933e-02	
4.000000	52.000000	167.245127	4.212429	6.336165e-01	3.109407e-02	4.553641e+02	4.252122e-02	
4.000000	56.000000	183.550036	5.950807	5.685288e-01	4.332823e-02	4.519544e+02	5.922133e-02	
4.000000	60.000000	175.711940	1105.676190	6.648407e-01	3.456965e-02	4.460993e+02	4.439458e-02	
8.000000	0.000000	165.801990	10.805070	5.867626e-01	2.877478e-02	4.405563e+02	4.019310e-02	
8.000000	4.000000	147.044536	4.336507	5.190355e-01	2.748765e-02	4.561397e+02	3.411884e-02	
8.000000	8.000000	145.012063	6.155249	5.105834e-01	3.027201e-02	4.559594e+02	3.181621e-02	
8.000000	12.000000	140.799447	3.497981	5.457897e-01	2.586319e-02	4.562862e+02	3.651272e-02	
8.000000	16.000000	140.793778	3.494663	5.403747e-01	2.357109e-02	4.564952e+02	3.738832e-02	
8.000000	20.000000	139.071316	53.668813	5.470483e-01	2.452099e-02	4.565665e+02	3.767904e-02	
8.000000	24.000000	135.988756	606.437971	5.833210e-01	2.990478e-02	4.569576e+02	3.877345e-02	
8.000000	28.000000	135.915767	43.268474	5.649516e-01	2.811515e-02	4.571905e+02	3.701955e-02	
8.000000	32.000000	135.810196	57.621003	5.811034e-01	2.785682e-02	4.571957e+02	3.852261e-02	
8.000000	36.000000	139.873359	2.092468	5.978662e-01	2.892829e-02	4.571208e+02	4.044262e-02	
8.000000	40.000000	140.806074	41.440067	5.577310e-01	2.600020e-02	4.572792e+02	3.730514e-02	
8.000000	44.000000	147.043672	1.536605	5.459322e-01	2.521365e-02	4.573646e+02	3.698055e-02	
8.000000	48.000000	153.296883	1.861602	5.191392e-01	2.982829e-02	4.569208e+02	3.279622e-02	
8.000000	52.000000	169.702903	37.589487	5.782191e-01	2.925753e-02	4.556640e+02	3.949109e-02	
8.000000	56.000000	184.552232	4.505915	6.048766e-01	2.824946e-02	4.525896e+02	4.075966e-02	
8.000000	60.000000	178.297978	7.315563	5.672751e-01	3.156482e-02	4.470752e+02	3.743794e-02	
12.000000	0.000000	169.313119	9.667991	5.303742e-01	3.089353e-02	4.411120e+02	3.406786e-02	
12.000000	4.000000	147.055774	5.336101	5.237252e-01	3.024329e-02	4.561603e+02	3.380548e-02	
12.000000	8.000000	147.045425	4.777540	5.786735e-01	2.907029e-02	4.559151e+02	3.864543e-02	
12.000000	12.000000	144.655096	156.787429	5.444799e-01	3.162751e-02	4.561528e+02	3.569287e-02	
12.000000	16.000000	140.798497	4.148193	5.920757e-01	2.917946e-02	4.564860e+02	4.048882e-02	
12.000000	20.000000	140.810314	3.588753	5.464783e-01	2.504902e-02	4.566138e+02	3.752667e-02	
12.000000	24.000000	140.798368	2.844909	5.309335e-01	2.449610e-02	4.566577e+02	3.648722e-02	
12.000000	28.000000	139.604137	2.628398	5.921906e-01	2.821936e-02	4.567642e+02	3.932470e-02	
12.000000	32.000000	140.809742	2.296923	5.210464e-01	3.467629e-02	4.570126e+02	3.689862e-02	
12.000000	36.000000	140.804865	3.351890	5.615073e-01	3.359328e-02	4.570308e+02	3.951698e-02	
12.000000	40.000000	140.805538	2.321525	5.798462e-01	3.814186e-02	4.571074e+02	4.071728e-02	
12.000000	44.000000	147.045162	216.443598	5.489974e-01	3.370401e-02	4.571439e+02	3.680752e-02	
12.000000	48.000000	154.036085	2.002203	5.328811e-01	2.617837e-02	4.567693e+02	3.536992e-02	
12.000000	52.000000	171.233188	3.801677	5.984407e-01	2.779124e-02	4.557844e+02	4.015102e-02	
12.000000	56.000000	185.782520	843.288455	5.317014e-01	3.322945e-02	4.529602e+02	3.585932e-02	
12.000000	60.000000	184.551945	8.803255	5.925863e-01	2.896555e-02	4.478665e+02	4.384358e-02	
16.000000	0.000000	172.055533	6.824437	5.272191e-01	3.598295e-02	4.419077e+02	3.465547e-02	
16.000000	4.000000	150.324505	241.091662	6.607911e-01	4.907532e-02	4.559271e+02	5.400558e-02	
16.000000	8.000000	147.051894	4.798166	5.214120e-01	2.775163e-02	4.558797e+02	3.483222e-02	
16.000000	12.000000	147.055798	4.113047	5.351811e-01	3.153145e-02	4.559735e+02	3.719121e-02	
16.000000	16.000000	144.639736	50.974066	5.579851e-01	2.575351e-02	4.564082e+02	3.775281e-02	
16.000000	20.000000	140.795311	4.050354	6.101321e-01	2.996841e-02	4.564795e+02	4.123841e-02	
16.000000	24.000000	140.801917	184.902659	5.798973e-01	2.801031e-02	4.565701e+02	3.962377e-02	
16.000000	28.000000	140.806289	154.064623	5.130400e-01	2.393673e-02	4.566872e+02	3.501848e-02	
16.000000	32.000000	140.797917	208.036935	5.006270e-01	2.691229e-02	4.568026e+02	3.290485e-02	
16.000000	36.000000	140.793897	3.395280	5.525855e-01	2.815620e-02	4.568661e+02	3.598825e-02	
16.000000	40.000000	145.496233	78.781713	5.248181e-01	3.018908e-02	4.570159e+02	3.312924e-02	
16.000000	44.000000	147.045234	2.250168	4.838333e-01	3.001255e-02	4.571132e+02	3.033625e-02	
16.000000	48.000000	157.570124	201.710511	5.316472e-01	2.656791e-02	4.568274e+02	3.523929e-02	
16.000000	52.000000	172.054274	3.453979	6.051068e-01	3.822764e-02	4.558459e+02	4.301394e-02	
16.000000	56.000000	190.805370	11.317908	5.475568e-01	2.822153e-02	4.532322e+02	3.607196e-02	
16.000000	60.000000	189.778863	297.022488	5.860236e-01	2.977063e-02	4.486161e+02	3.990320e-02	
20.000000	0.000000	178.303842	7.641171	5.625674e-01	2.634332e-02	4.424105e+02	3.854988e-02	
20.000000	4.000000	153.304915	8.006020	6.008736e-01	2.818418e-02	4.555851e+02	4.038731e-02	
20.000000	8.000000	151.698161	77.939978	5.802180e-01	2.846344e-02	4.556032e+02	3.970347e-02	
20.000000	12.000000	147.052628	4.531744	5.659866e-01	2.977125e-02	4.560542e+02	3.657809e-02	
20.000000	16.000000	147.044021	3.740159	5.407934e-01	2.831241e-02	4.562698e+02	3.608111e-02	
20.000000	20.000000	145.533824	5.388503	5.721007e-01	2.760866e-02	4.565069e+02	3.899984e-02	
20.000000	24.000000	142.099739	5.125260	5.559909e-01	2.542755e-02	4.565446e+02	3.782449e-02	
20.000000	28.000000	141.384077	3.614382	6.234974e-01	3.374091e-02	4.565808e+02	4.302516e-02	
20.000000	32.000000	141.530182	3.506891	5.811660e-01	2.766194e-02	4.568418e+02	3.924263e-02	
20.000000	36.000000	144.824697	187.375496	5.001160e-01	3.123672e-02	4.569529e+02	3.347247e-02	
20.000000	40.000000	147.055536	2.528055	5.541131e-01	3.013757e-02	4.569755e+02	3.679680e-02	
20.000000	44.000000	151.089363	106.287609	5.338635e-01	2.919859e-02	4.568974e+02	3.960571e-02	
20.000000	48.000000	159.587284	2.653637	5.398708e-01	2.633830e-02	4.568225e+02	3.623098e-02	
20.000000	52.000000	172.045353	3.895636	6.009739e-01	3.961842e-02	4.558835e+02	4.326777e-02	
20.000000	56.000000	190.804724	7.879752	5.694543e-01	2.830612e-02	4.536640e+02	3.885204e-02	
20.000000	60.000000	192.094741	10.057850	5.739953e-01	2.685684e-02	4.493852e+02	3.865375e-02	
24.000000	0.000000	183.512249	6.876975	5.848855e-01	2.926646e-02	4.433781e+02	4.002296e-02	
24.000000	4.000000	154.609558	7.017433	6.056082e-01	3.099695e-02	4.555283e+02	4.156987e-02	
24.000000	8.000000	153.304546	19.007550	5.578901e-01	2.591265e-02	4.554057e+02	3.825117e-02	
24.000000	12.000000	151.597310	57.488324	5.831292e-01	2.831142e-02	4.555516e+02	3.994248e-02	
24.000000	16.000000	147.053983	4.579839	5.843499e-01	3.100113e-02	4.561459e+02	3.841299e-02	
24.000000	20.000000	147.052180	4.014642	5.292508e-01	2.480002e-02	4.563323e+02	3.636941e-02	
24.000000	24.000000	146.175065	3.327050	6.103213e-01	3.074920e-02	4.563729e+02	4.080082e-02	
24.000000	28.000000	147.047914	3.519770	5.959508e-01	3.364296e-02	4.562462e+02	4.108506e-02	
24.000000	32.000000	147.043244	3.649656	6.010253e-01	2.777835e-02	4.566080e+02	4.047438e-02	
24.000000	36.000000	147.053957	3.371462	5.777585e-01	2.984418e-02	4.566919e+02	3.942536e-02	
24.000000	40.000000	147.059319	3.792969	4.760540e-01	3.802784e-02	4.570272e+02	3.153029e-02	
24.000000	44.000000	153.305537	3.012064	6.121426e-01	2.579656e-02	4.566970e+02	4.314606e-02	
24.000000	48.000000	159.548867	5.085782	6.203619e-01	2.666922e-02	4.566462e+02	4.272257e-02	
24.000000	52.000000	172.061145	27.150171	5.331959e-01	3.077425e-02	4.560168e+02	3.446357e-02	
24.000000	56.000000	190.805437	9.105723	5.706398e-01	5.063957e-02	4.540578e+02	4.832672e-02	
24.000000	60.000000	198.204638	151.381820	5.285514e-01	2.876802e-02	4.501343e+02	3.349203e-02	
28.000000	0.000000	189.115167	644.158178	5.562359e-01	3.032666e-02	4.440128e+02	3.627832e-02	
28.000000	4.000000	159.545206	10.616808	5.895084e-01	3.164942e-02	4.552890e+02	4.038762e-02	
28.000000	8.000000	156.619299	103.047729	5.715909e-01	2.587502e-02	4.552828e+02	3.833664e-02	
28.000000	12.000000	153.302080	9.782779	5.833242e-01	2.860774e-02	4.554155e+02	3.993720e-02	
28.000000	16.000000	151.513768	125.385881	5.897538e-01	3.737275e-02	4.558616e+02	4.140224e-02	
28.000000	20.000000	148.306809	199.835304	5.388947e-01	3.029673e-02	4.561576e+02	3.490854e-02	
28.000000	24.000000	147.054788	5.514748	5.130400e-01	2.393416e-02	4.563128e+02	3.501567e-02	
28.000000	28.000000	147.053789	36.088641	6.519084e-01	3.456312e-02	4.564577e+02	4.414191e-02	
28.000000	32.000000	147.049581	7.767172	5.680827e-01	2.786944e-02	4.566302e+02	3.864211e-02	
28.000000	36.000000	147.051962	4.225539	5.871739e-01	3.027942e-02	4.566641e+02	4.017565e-02	
28.000000	40.000000	150.952903	41.242267	5.609309e-01	2.713450e-02	4.566503e+02	3.830186e-02	
28.000000	44.000000	153.300744	3.828974	5.207650e-01	2.396630e-02	4.566668e+02	3.554177e-02	
28.000000	48.000000	159.552614	2.983327	5.539737e-01	2.599365e-02	4.567125e+02	3.705669e-02	
28.000000	52.000000	172.051898	4.343460	5.564976e-01	2.822334e-02	4.561084e+02	3.696648e-02	
28.000000	56.000000	191.284823	9.637008	5.371671e-01	2.542227e-02	4.543031e+02	3.610551e-02	
28.000000	60.000000	203.300304	9.724957	5.616376e-01	2.842410e-02	4.507758e+02	3.697929e-02	
32.000000	0.000000	195.408053	9.763474	6.003354e-01	3.081803e-02	4.449745e+02	4.045671e-02	
32.000000	4.000000	160.772786	131.501343	5.485088e-01	2.971103e-02	4.550041e+02	3.510093e-02	
32.000000	8.000000	159.554271	9.388788	5.553424e-01	2.926038e-02	4.549380e+02	3.589461e-02	
32.000000	12.000000	157.751607	6.235005	5.653641e-01	2.986524e-02	4.550585e+02	3.655403e-02	
32.000000	16.000000	153.300993	6.296605	5.256907e-01	2.217341e-02	4.555049e+02	3.660471e-02	
32.000000	20.000000	153.305457	4.681843	5.971632e-01	3.584548e-02	4.558108e+02	4.161027e-02	
32.000000	24.000000	151.657364	67.723445	5.963831e-01	2.964247e-02	4.559019e+02	3.916460e-02	
32.000000	28.000000	151.067366	108.455770	5.814588e-01	3.115361e-02	4.559455e+02	4.192752e-02	
32.000000	32.000000	151.216196	67.368631	5.512845e-01	3.155210e-02	4.561663e+02	3.627626e-02	
32.000000	36.000000	151.676558	54.628405	6.084524e-01	2.698845e-02	4.563634e+02	4.113188e-02	
32.000000	40.000000	153.305196	5.920859	5.757916e-01	2.726837e-02	4.564766e+02	3.937628e-02	
32.000000	44.000000	157.317319	188.074524	6.155681e-01	3.553837e-02	4.567373e+02	4.291265e-02	
32.000000	48.000000	164.145008	80.564734	5.258953e-01	2.243520e-02	4.565581e+02	3.655347e-02	
32.000000	52.000000	176.111136	132.200074	5.300316e-01	3.141623e-02	4.560296e+02	3.445205e-02	
32.000000	56.000000	191.964081	10.494954	5.155930e-01	2.142354e-02	4.544703e+02	3.624378e-02	
32.000000	60.000000	210.206912	9.903975	6.734561e-01	4.120363e-02	4.515395e+02	4.738532e-02	
36.000000	0.000000	202.411138	9.175068	6.042755e-01	3.012648e-02	4.459266e+02	4.115589e-02	
36.000000	4.000000	166.283964	20.959559	5.663187e-01	2.637783e-02	4.545587e+02	3.833164e-02	
36.000000	8.000000	164.150345	219.735320	5.707005e-01	2.705811e-02	4.544205e+02	3.900095e-02	
36.000000	12.000000	160.278008	6.192883	5.162055e-01	3.108806e-02	4.549339e+02	3.747470e-02	
36.000000	16.000000	158.664793	6.905528	6.197878e-01	3.110091e-02	4.552654e+02	4.116059e-02	
36.000000	20.000000	154.522777	8.425713	5.646545e-01	2.614169e-02	4.554623e+02	3.874544e-02	
36.000000	24.000000	153.301259	5.927874	5.969574e-01	3.079397e-02	4.556269e+02	4.093501e-02	
36.000000	28.000000	153.295930	17.060458	5.839401e-01	3.750067e-02	4.558746e+02	4.090408e-02	
36.000000	32.000000	153.305249	50.361659	5.516346e-01	3.356430e-02	4.559596e+02	4.284789e-02	
36.000000	36.000000	153.306332	5.104207	5.456737e-01	3.395339e-02	4.560597e+02	3.743988e-02	
36.000000	40.000000	154.682454	5.283742	5.561878e-01	2.739159e-02	4.563215e+02	3.719894e-02	
36.000000	44.000000	159.549707	21.329111	5.403747e-01	2.357115e-02	4.565048e+02	3.738840e-02	
36.000000	48.000000	165.808939	49.676519	5.129050e-01	2.115327e-02	4.564851e+02	3.615312e-02	
36.000000	52.000000	178.303807	5.443128	5.267993e-01	2.937598e-02	4.558956e+02	3.359612e-02	
36.000000	56.000000	196.291562	9.011539	5.631418e-01	3.070341e-02	4.547692e+02	3.806035e-02	
36.000000	60.000000	215.804261	8.297945	6.245071e-01	3.143449e-02	4.518789e+02	4.790388e-02	
40.000000	0.000000	209.554209	6.783669	5.479325e-01	2.828087e-02	4.471021e+02	3.574109e-02	
40.000000	4.000000	170.885110	17.203356	5.631315e-01	2.808038e-02	4.543172e+02	3.835806e-02	
40.000000	8.000000	167.705000	114.068590	5.313482e-01	3.002743e-02	4.541740e+02	3.450906e-02	
40.000000	12.000000	165.800879	25.234197	5.477915e-01	2.481638e-02	4.544487e+02	3.763608e-02	
40.000000	16.000000	161.367357	99.586192	5.820455e-01	2.873724e-02	4.548787e+02	4.187039e-02	
40.000000	20.000000	159.555583	37.627913	5.841301e-01	2.790683e-02	4.555493e+02	3.947595e-02	
40.000000	24.000000	158.564095	5.689948	5.846298e-01	2.867026e-02	4.555751e+02	4.003447e-02	
40.000000	28.000000	157.821484	36.724233	5.786205e-01	3.081834e-02	4.557245e+02	3.947543e-02	
40.000000	32.000000	157.742798	69.195239	5.624130e-01	2.577669e-02	4.557543e+02	3.784629e-02	
40.000000	36.000000	157.898282	4.900747	5.393679e-01	3.027666e-02	4.560863e+02	3.459110e-02	
40.000000	40.000000	159.588337	6.578169	6.266787e-01	3.009879e-02	4.564674e+02	4.238282e-02	
40.000000	44.000000	162.023877	68.167138	5.393501e-01	2.354947e-02	4.564665e+02	3.731871e-02	
40.000000	48.000000	168.634182	196.541489	5.530420e-01	2.511598e-02	4.564697e+02	3.771457e-02	
40.000000	52.000000	178.747249	6.365741	5.353893e-01	3.025582e-02	4.560042e+02	3.439348e-02	
40.000000	56.000000	197.050997	7.475346	5.770354e-01	3.013070e-02	4.549957e+02	3.770366e-02	
40.000000	60.000000	222.087460	11.826104	6.471467e-01	3.798359e-02	4.526451e+02	4.536964e-02	
44.000000	0.000000	222.049868	10.226497	5.664369e-01	2.761111e-02	4.483545e+02	3.868385e-02	
44.000000	4.000000	176.444291	237.571048	6.086883e-01	2.799070e-02	4.537743e+02	5.145800e-02	
44.000000	8.000000	173.272776	735.176333	5.434520e-01	3.322911e-02	4.539045e+02	4.778406e-02	
44.000000	12.000000	171.160382	9.466725	5.453864e-01	2.859078e-02	4.541612e+02	3.543249e-02	
44.000000	16.000000	167.050682	5.021074	6.209707e-01	3.360244e-02	4.545196e+02	4.213229e-02	
44.000000	20.000000	164.661371	10.639323	5.639732e-01	2.921052e-02	4.549373e+02	3.701660e-02	
44.000000	24.000000	163.476360	135.121882	5.621680e-01	3.539968e-02	4.551031e+02	3.920224e-02	
44.000000	28.000000	161.019793	76.262183	6.056672e-01	2.838886e-02	4.552603e+02	4.032736e-02	
44.000000	32.000000	160.913940	85.259430	6.615852e-01	3.907417e-02	4.555097e+02	4.614280e-02	
44.000000	36.000000	160.943091	77.663438	6.199614e-01	3.549227e-02	4.557140e+02	4.318723e-02	
44.000000	40.000000	163.942191	86.684531	5.811158e-01	2.715611e-02	4.558123e+02	4.562153e-02	
44.000000	44.000000	165.799287	7.358968	5.339197e-01	2.659726e-02	4.561610e+02	3.568982e-02	
44.000000	48.000000	172.050027	35.033356	5.345634e-01	3.098228e-02	4.561716e+02	3.490711e-02	
44.000000	52.000000	183.585182	5.647913	5.225785e-01	3.004330e-02	4.560317e+02	3.354375e-02	
44.000000	56.000000	198.292018	581.254486	5.296364e-01	2.912031e-02	4.550900e+02	3.376463e-02	
44.000000	60.000000	222.055762	8.322512	5.565545e-01	3.108675e-02	4.530932e+02	3.632423e-02	
48.000000	0.000000	234.544170	10.458489	5.577624e-01	2.975160e-02	4.490331e+02	3.589056e-02	
48.000000	4.000000	184.548652	24.789498	6.123279e-01	3.307946e-02	4.531861e+02	4.076173e-02	
48.000000	8.000000	182.865482	27.178897	5.533514e-01	3.308803e-02	4.530424e+02	3.794206e-02	
48.000000	12.000000	178.327509	44.518111	6.488834e-01	3.128157e-02	4.534937e+02	4.449631e-02	
48.000000	16.000000	173.575401	87.596719	5.007248e-01	3.810117e-02	4.539847e+02	3.944866e-02	
48.000000	20.000000	171.164504	23.425081	5.765342e-01	2.744593e-02	4.545329e+02	3.950662e-02	
48.000000	24.000000	170.419754	39.534019	5.745866e-01	3.347511e-02	4.548111e+02	3.915593e-02	
48.000000	28.000000	167.397719	56.337999	5.815836e-01	3.058361e-02	4.548764e+02	3.806407e-02	
48.000000	32.000000	167.186941	6.887276	5.452418e-01	3.990396e-02	4.550503e+02	3.747695e-02	
48.000000	36.000000	167.203720	6.650989	6.312734e-01	3.378660e-02	4.553631e+02	4.234228e-02	
48.000000	40.000000	169.074506	228.053228	6.043619e-01	3.153050e-02	4.556131e+02	4.150967e-02	
48.000000	44.000000	172.055915	16.551265	5.420376e-01	3.184372e-02	4.559656e+02	3.889435e-02	
48.000000	48.000000	178.299079	6.187131	5.711674e-01	3.502991e-02	4.558491e+02	3.910659e-02	
48.000000	52.000000	186.772083	1016.885266	6.505486e-01	2.987042e-02	4.557893e+02	4.564793e-02	
48.000000	56.000000	203.295575	9.141850	5.502956e-01	3.266780e-02	4.550816e+02	3.663501e-02	
48.000000	60.000000	228.299178	11.890127	5.470987e-01	2.456032e-02	4.534984e+02	3.756284e-02	
52.000000	0.000000	247.798982	9.079721	5.609254e-01	3.040237e-02	4.500774e+02	3.634479e-02	
52.000000	4.000000	197.055584	13.636906	5.834113e-01	2.900463e-02	4.524442e+02	3.948381e-02	
52.000000	8.000000	192.208637	29.768645	5.926534e-01	3.351567e-02	4.522745e+02	3.996770e-02	
52.000000	12.000000	189.055238	12.388261	6.421780e-01	3.149196e-02	4.525695e+02	4.247011e-02	
52.000000	16.000000	183.693339	27.781038	7.202066e-01	5.128631e-02	4.533164e+02	5.384963e-02	
52.000000	20.000000	179.663303	8.287714	7.002289e-01	6.208940e-02	4.540540e+02	7.243579e-02	
52.000000	24.000000	178.305209	41.276820	5.397237e-01	2.862053e-02	4.541750e+02	3.500632e-02	
52.000000	28.000000	176.681328	448.373313	5.502860e-01	2.782343e-02	4.542654e+02	3.642939e-02	
52.000000	32.000000	176.314613	178.652852	6.092694e-01	3.135160e-02	4.545545e+02	4.138053e-02	
52.000000	36.000000	176.132644	154.018269	5.327530e-01	2.936008e-02	4.549435e+02	3.459548e-02	
52.000000	40.000000	176.583039	298.793311	5.328005e-01	3.028890e-02	4.550568e+02	3.393426e-02	
52.000000	44.000000	178.302264	9.545838	5.488011e-01	2.483404e-02	4.554194e+02	3.774679e-02	
52.000000	48.000000	183.682095	7.664502	5.510247e-01	2.587525e-02	4.557076e+02	3.680046e-02	
52.000000	52.000000	192.893912	36.182963	5.555288e-01	2.529412e-02	4.555567e+02	3.817656e-02	
52.000000	56.000000	209.559562	6.929593	5.150629e-01	3.010178e-02	4.550951e+02	3.251614e-02	
52.000000	60.000000	232.202903	25.553371	6.003706e-01	2.558130e-02	4.537217e+02	4.215259e-02	
56.000000	0.000000	264.545559	745.074628	5.993258e-01	2.818909e-02	4.508414e+02	4.301747e-02	
56.000000	4.000000	214.143616	147.776787	5.664260e-01	2.779732e-02	4.508473e+02	3.733043e-02	
56.000000	8.000000	210.806356	151.147463	5.697083e-01	3.333563e-02	4.510815e+02	3.875938e-02	
56.000000	12.000000	204.820690	43.841415	6.001048e-01	3.020582e-02	4.515234e+02	4.106898e-02	
56.000000	16.000000	199.094901	935.662544	5.590290e-01	2.602162e-02	4.523703e+02	3.771970e-02	
56.000000	20.000000	195.459446	10.075820	5.312588e-01	3.774451e-02	4.530046e+02	4.205869e-02	
56.000000	24.000000	192.206298	8.467368	5.845308e-01	2.687766e-02	4.533542e+02	3.926945e-02	
56.000000	28.000000	191.314925	54.846395	5.463430e-01	2.411184e-02	4.535142e+02	3.761780e-02	
56.000000	32.000000	189.205227	165.112515	6.443777e-01	4.648614e-02	4.539194e+02	5.091900e-02	
56.000000	36.000000	189.129152	222.761635	4.937023e-01	2.882296e-02	4.541377e+02	3.157632e-02	
56.000000	40.000000	188.976146	161.710792	5.264575e-01	2.362288e-02	4.543651e+02	3.638147e-02	
56.000000	44.000000	190.801889	17.914554	5.078201e-01	2.342174e-02	4.546809e+02	3.523080e-02	
56.000000	48.000000	195.392469	5.828133	5.571829e-01	2.911254e-02	4.552617e+02	3.774530e-02	
56.000000	52.000000	203.298981	30.312156	5.771007e-01	3.007409e-02	4.550592e+02	3.992895e-02	
56.000000	56.000000	216.646754	11.069251	5.489805e-01	2.685829e-02	4.548507e+02	3.923117e-02	
56.000000	60.000000	239.310905	288.822000	5.993174e-01	2.569158e-02	4.537492e+02	4.372268e-02	
60.000000	0.000000	273.225272	179.520714	6.082351e-01	3.016218e-02	4.519379e+02	4.015873e-02	
60.000000	4.000000	276.758421	599.243507	5.759897e-01	2.785309e-02	4.488660e+02	3.931831e-02	
60.000000	8.000000	269.237030	124.981475	6.170512e-01	2.997853e-02	4.488955e+02	4.187525e-02	
60.000000	12.000000	258.943092	121.152057	5.843944e-01	3.074169e-02	4.495899e+02	3.939532e-02	
60.000000	16.000000	247.912461	638.379109	6.946186e-01	4.465822e-02	4.507390e+02	5.173307e-02	
60.000000	20.000000	239.293071	691.577765	6.156157e-01	2.907160e-02	4.514390e+02	4.149384e-02	
60.000000	24.000000	233.310690	154.077867	6.202667e-01	3.163975e-02	4.520996e+02	4.089214e-02	
60.000000	28.000000	229.240797	101.150994	5.865717e-01	2.794967e-02	4.524367e+02	3.958353e-02	
60.000000	32.000000	225.208464	846.293584	6.058695e-01	2.770308e-02	4.527869e+02	4.118279e-02	
60.000000	36.000000	221.562144	233.101237	6.121683e-01	3.080511e-02	4.530258e+02	4.013405e-02	
60.000000	40.000000	219.313128	95.629164	5.904175e-01	2.925017e-02	4.535610e+02	4.045088e-02	
60.000000	44.000000	217.307953	13.004148	5.725461e-01	2.571154e-02	4.537391e+02	3.872180e-02	
60.000000	48.000000	220.213809	53.752210	5.901347e-01	3.095563e-02	4.541563e+02	3.875137e-02	
60.000000	52.000000	226.476149	28.085509	5.784886e-01	2.771355e-02	4.541742e+02	3.849099e-02	
60.000000	56.000000	238.280189	933.142898	5.665110e-01	2.969558e-02	4.540501e+02	3.660733e-02	
60.000000	60.000000	257.868207	9.409198	6.675419e-01	3.593169e-02	4.534825e+02	4.553442e-02	
0.000000	0.000000	292.039688	38.469821	5.625624e-01	2.897867e-02	4.519096e+02	3.924834e-02	
