0.000000	4.000000	135.105212	68.495492	5.309423e-01	2.914401e-02	4.432069e+02	3.541575e-02	
0.000000	8.000000	134.548556	3.062749	5.141476e-01	3.157598e-02	4.431541e+02	3.327692e-02	
0.000000	12.000000	134.572439	2.441518	5.567210e-01	2.629150e-02	4.433687e+02	3.800305e-02	
0.000000	16.000000	130.265485	48.623829	5.598514e-01	2.611305e-02	4.435985e+02	3.828012e-02	
0.000000	20.000000	128.298573	2.208504	5.474178e-01	2.825805e-02	4.437388e+02	3.702713e-02	
0.000000	24.000000	128.305603	29.662932	5.582467e-01	2.991373e-02	4.437601e+02	3.767635e-02	
0.000000	28.000000	128.318904	233.156774	5.358100e-01	2.775801e-02	4.438786e+02	3.799953e-02	
0.000000	32.000000	128.312616	12.787543	5.231829e-01	3.230442e-02	4.439969e+02	3.548319e-02	
0.000000	36.000000	128.435483	1.312514	5.721001e-01	3.088260e-02	4.441193e+02	3.746051e-02	
0.000000	40.000000	134.554303	0.941122	5.139825e-01	2.879619e-02	4.441753e+02	3.319657e-02	
0.000000	44.000000	140.836535	1.478480	5.301452e-01	3.201355e-02	4.441189e+02	3.436654e-02	
0.000000	48.000000	147.698171	184.402509	5.299468e-01	3.054972e-02	4.439332e+02	3.371776e-02	
0.000000	52.000000	165.796269	3.958502	5.327594e-01	3.305080e-02	4.421188e+02	3.506973e-02	
0.000000	56.000000	165.800776	6.290216	6.059422e-01	3.599126e-02	4.377884e+02	4.234297e-02	
0.000000	60.000000	153.295298	5.319764	5.497835e-01	2.446466e-02	4.314811e+02	3.780320e-02	
4.000000	0.000000	142.969845	11.760530	5.180135e-01	3.488250e-02	4.260723e+02	3.469756e-02	
4.000000	4.000000	139.911208	4.473242	6.514482e-01	4.275976e-02	4.428129e+02	4.808738e-02	
4.000000	8.000000	135.914146	71.378115	5.860297e-01	2.632288e-02	4.427929e+02	4.444865e-02	
4.000000	12.000000	134.549524	44.733858	4.910496e-01	3.400495e-02	4.429850e+02	3.323029e-02	
4.000000	16.000000	134.555189	1.968057	5.123583e-01	2.325136e-02	4.433498e+02	3.538934e-02	
4.000000	20.000000	131.037085	238.908464	5.920907e-01	3.128340e-02	4.433131e+02	4.049215e-02	
4.000000	24.000000	129.090157	1.965120	5.635498e-01	2.596521e-02	4.434625e+02	3.859384e-02	
4.000000	28.000000	128.304189	1.978466	5.433031e-01	2.419220e-02	4.434841e+02	3.735128e-02	
4.000000	32.000000	129.114831	43.116585	5.107242e-01	2.669580e-02	4.437958e+02	3.362783e-02	
4.000000	36.000000	133.554444	106.399737	4.921226e-01	3.425097e-02	4.440630e+02	3.108436e-02	
4.000000	40.000000	134.555967	247.782390	5.633789e-01	3.156182e-02	4.442113e+02	3.814280e-02	
4.000000	44.000000	140.845128	1.451887	4.955074e-01	3.251620e-02	4.441090e+02	3.113409e-02	
4.000000	48.000000	149.314764	155.362410	5.502935e-01	2.939864e-02	4.437649e+02	3.703419e-02	
4.000000	52.000000	165.806552	4.466090	5.413332e-01	3.089538e-02	4.421855e+02	3.609017e-02	
4.000000	56.000000	167.070980	4.989776	5.531040e-01	2.495200e-02	4.384574e+02	3.805406e-02	
4.000000	60.000000	158.866001	5.473656	5.269695e-01	2.698742e-02	4.322496e+02	3.486111e-02	
8.000000	0.000000	147.052658	6.998186	5.285572e-01	2.715857e-02	4.261355e+02	3.553338e-02	
8.000000	4.000000	140.795198	24.785643	6.097289e-01	3.155682e-02	4.425330e+02	4.188537e-02	
8.000000	8.000000	140.805569	3.374694	5.931036e-01	3.098716e-02	4.423896e+02	3.998310e-02	
8.000000	12.000000	135.391400	86.063104	5.328260e-01	3.204817e-02	4.429806e+02	3.721746e-02	
8.000000	16.000000	134.560013	1.716547	5.517899e-01	2.577765e-02	4.433241e+02	3.699491e-02	
8.000000	20.000000	134.554211	1.946230	5.929660e-01	2.967731e-02	4.434249e+02	4.063262e-02	
8.000000	24.000000	132.834234	114.971889	5.371571e-01	2.391480e-02	4.434000e+02	3.698240e-02	
8.000000	28.000000	132.879152	190.484840	5.171642e-01	2.195315e-02	4.434214e+02	3.620036e-02	
8.000000	32.000000	133.654531	25.000991	6.472524e-01	3.922023e-02	4.437126e+02	4.585987e-02	
8.000000	36.000000	134.555392	1.769171	5.559757e-01	2.919698e-02	4.439206e+02	3.840588e-02	
8.000000	40.000000	134.554138	1.737907	5.925040e-01	3.791220e-02	4.441330e+02	4.183100e-02	
8.000000	44.000000	140.810391	10.356371	4.696414e-01	3.579574e-02	4.440274e+02	2.897050e-02	
8.000000	48.000000	152.607956	2.231669	5.264575e-01	2.362479e-02	4.436349e+02	3.638371e-02	
8.000000	52.000000	165.794127	8.209650	5.524788e-01	3.017345e-02	4.421834e+02	3.616751e-02	
8.000000	56.000000	172.046355	2.662402	5.743718e-01	2.795946e-02	4.388096e+02	3.791066e-02	
8.000000	60.000000	159.545136	6.235807	5.488713e-01	2.745859e-02	4.328604e+02	4.024325e-02	
12.000000	0.000000	147.401927	5.437714	5.404440e-01	2.574864e-02	4.262773e+02	3.605127e-02	
12.000000	4.000000	140.808997	4.346282	5.937079e-01	2.646245e-02	4.423345e+02	3.997055e-02	
12.000000	8.000000	140.802273	4.713531	6.346803e-01	3.286738e-02	4.421443e+02	4.210023e-02	
12.000000	12.000000	139.961773	2.413369	5.156278e-01	2.263018e-02	4.423686e+02	3.583115e-02	
12.000000	16.000000	134.552170	2.688051	5.599898e-01	2.811172e-02	4.428526e+02	4.350847e-02	
12.000000	20.000000	134.551891	225.497307	5.967121e-01	3.082706e-02	4.432573e+02	3.951292e-02	
12.000000	24.000000	134.556164	2.324469	5.115259e-01	2.735192e-02	4.431677e+02	3.328763e-02	
12.000000	28.000000	134.553927	2.262691	5.670204e-01	2.636391e-02	4.432992e+02	3.789199e-02	
12.000000	32.000000	134.551599	2.035793	5.681571e-01	2.738795e-02	4.433779e+02	3.884965e-02	
12.000000	36.000000	134.551773	230.975667	5.516165e-01	2.597741e-02	4.437262e+02	3.685716e-02	
12.000000	40.000000	136.325132	542.316746	5.651415e-01	3.281932e-02	4.440207e+02	3.939448e-02	
12.000000	44.000000	140.801111	2.358710	4.660609e-01	3.509636e-02	4.439731e+02	2.804334e-02	
12.000000	48.000000	153.299864	3.018440	5.377449e-01	2.339789e-02	4.435430e+02	3.714553e-02	
12.000000	52.000000	165.798116	6.086214	5.568364e-01	2.779901e-02	4.423169e+02	3.790234e-02	
12.000000	56.000000	177.261261	110.321460	5.382826e-01	3.440167e-02	4.390752e+02	3.666642e-02	
12.000000	60.000000	165.806005	10.359904	5.863716e-01	2.795713e-02	4.335537e+02	3.951392e-02	
16.000000	0.000000	153.337275	8.815028	5.900452e-01	3.265625e-02	4.267438e+02	4.049711e-02	
16.000000	4.000000	146.211221	3.885166	5.731004e-01	2.547107e-02	4.422294e+02	3.950943e-02	
16.000000	8.000000	141.963095	4.667269	5.871962e-01	2.988507e-02	4.421018e+02	3.832119e-02	
16.000000	12.000000	140.800464	194.355597	6.130013e-01	3.014002e-02	4.424843e+02	4.136351e-02	
16.000000	16.000000	140.153279	220.506764	5.882744e-01	3.073903e-02	4.426443e+02	4.008391e-02	
16.000000	20.000000	134.822247	2.875162	4.887903e-01	3.413678e-02	4.430690e+02	3.054394e-02	
16.000000	24.000000	134.555493	2.162658	5.534905e-01	3.246377e-02	4.430748e+02	3.689948e-02	
16.000000	28.000000	134.548818	186.252317	5.566201e-01	2.579180e-02	4.432109e+02	3.772920e-02	
16.000000	32.000000	134.555241	11.755352	5.798311e-01	3.055569e-02	4.432894e+02	3.957940e-02	
16.000000	36.000000	134.551607	2.282721	5.500256e-01	2.447127e-02	4.435095e+02	3.782087e-02	
16.000000	40.000000	140.801978	2.102840	5.646896e-01	2.827115e-02	4.436866e+02	3.837504e-02	
16.000000	44.000000	143.584653	109.160229	4.893772e-01	3.210503e-02	4.439707e+02	3.151258e-02	
16.000000	48.000000	153.305423	3.438749	5.457873e-01	2.449046e-02	4.435761e+02	3.758937e-02	
16.000000	52.000000	166.396362	5.543768	5.887995e-01	2.887741e-02	4.424718e+02	4.034371e-02	
16.000000	56.000000	178.799865	4.922167	5.935356e-01	2.877740e-02	4.394696e+02	4.011031e-02	
16.000000	60.000000	170.386808	4.473794	5.903043e-01	3.074489e-02	4.343311e+02	4.042439e-02	
20.000000	0.000000	157.775280	8.281754	5.586181e-01	2.607125e-02	4.274685e+02	3.828379e-02	
20.000000	4.000000	147.049641	6.182776	5.553560e-01	3.003174e-02	4.420475e+02	3.575045e-02	
20.000000	8.000000	147.048963	4.140883	5.468359e-01	2.947771e-02	4.419591e+02	3.512749e-02	
20.000000	12.000000	142.040828	4.528226	5.337752e-01	3.335447e-02	4.420793e+02	3.545576e-02	
20.000000	16.000000	140.799830	3.766759	5.901060e-01	2.995692e-02	4.423692e+02	4.032114e-02	
20.000000	20.000000	139.920918	2.387520	6.513150e-01	3.743374e-02	4.425000e+02	4.522116e-02	
20.000000	24.000000	137.270157	32.974673	5.698273e-01	3.614517e-02	4.428720e+02	3.917751e-02	
20.000000	28.000000	135.405318	588.213070	6.085048e-01	6.189174e-02	4.431529e+02	6.884607e-02	
20.000000	32.000000	136.166428	141.011629	5.764121e-01	2.992736e-02	4.431789e+02	3.780412e-02	
20.000000	36.000000	139.968879	377.840443	5.414199e-01	2.710558e-02	4.432824e+02	3.610936e-02	
20.000000	40.000000	140.805377	3.653494	5.165204e-01	2.248359e-02	4.436174e+02	3.602166e-02	
20.000000	44.000000	147.055412	2.206830	5.230499e-01	3.112072e-02	4.439253e+02	3.933928e-02	
20.000000	48.000000	153.337343	2.681842	5.784735e-01	2.665086e-02	4.436503e+02	3.876389e-02	
20.000000	52.000000	169.296660	12.737694	5.608927e-01	2.560309e-02	4.425141e+02	3.844551e-02	
20.000000	56.000000	184.545263	6.171409	4.492794e-01	3.680346e-02	4.400725e+02	2.665747e-02	
20.000000	60.000000	173.290887	16.413604	5.684818e-01	2.781589e-02	4.351433e+02	3.780867e-02	
24.000000	0.000000	159.555909	5.463674	5.326077e-01	2.316468e-02	4.284326e+02	3.692539e-02	
24.000000	4.000000	148.536468	425.642928	6.305100e-01	3.114157e-02	4.415366e+02	4.221362e-02	
24.000000	8.000000	147.054274	4.389875	5.670836e-01	2.706458e-02	4.416081e+02	3.880529e-02	
24.000000	12.000000	147.039570	3.284900	5.538822e-01	3.881104e-02	4.419316e+02	3.809557e-02	
24.000000	16.000000	142.209226	3.254871	5.945521e-01	2.897397e-02	4.422856e+02	3.943556e-02	
24.000000	20.000000	140.794853	27.502216	6.108967e-01	3.176244e-02	4.425564e+02	4.189401e-02	
24.000000	24.000000	140.809165	2.368988	6.107618e-01	3.167090e-02	4.425685e+02	4.143723e-02	
24.000000	28.000000	140.788811	2.250850	6.135033e-01	3.273263e-02	4.426135e+02	4.225001e-02	
24.000000	32.000000	140.802178	2.243834	5.516850e-01	3.833680e-02	4.429266e+02	3.770736e-02	
24.000000	36.000000	140.790972	2.668496	4.548331e-01	3.660048e-02	4.430593e+02	2.689494e-02	
24.000000	40.000000	140.804139	2.766429	5.398619e-01	2.356003e-02	4.434761e+02	3.735366e-02	
24.000000	44.000000	147.059665	36.621454	5.545833e-01	3.156313e-02	4.438691e+02	3.632951e-02	
24.000000	48.000000	154.036280	4.176703	5.876367e-01	2.941966e-02	4.436315e+02	3.934710e-02	
24.000000	52.000000	172.055738	5.425516	6.234515e-01	3.609161e-02	4.427193e+02	4.356783e-02	
24.000000	56.000000	186.719845	1103.199403	5.124256e-01	2.317881e-02	4.403504e+02	3.540218e-02	
24.000000	60.000000	178.305396	7.066349	6.544507e-01	4.477196e-02	4.358545e+02	4.971204e-02	
28.000000	0.000000	165.801898	6.260354	5.335135e-01	2.903281e-02	4.291259e+02	3.428132e-02	
28.000000	4.000000	153.305363	33.039481	6.234506e-01	3.345555e-02	4.411497e+02	4.166080e-02	
28.000000	8.000000	151.571314	76.686145	4.976682e-01	3.302674e-02	4.411070e+02	3.147078e-02	
28.000000	12.000000	147.055013	4.028864	6.196590e-01	3.726503e-02	4.417765e+02	4.371014e-02	
28.000000	16.000000	147.044213	3.498967	5.946705e-01	2.947567e-02	4.421796e+02	3.913493e-02	
28.000000	20.000000	142.485690	213.915094	5.513774e-01	2.498024e-02	4.422748e+02	3.574586e-02	
28.000000	24.000000	140.795295	2.997001	5.720705e-01	2.656136e-02	4.423483e+02	3.841850e-02	
28.000000	28.000000	140.853146	33.709437	5.401141e-01	2.410017e-02	4.424357e+02	3.705265e-02	
28.000000	32.000000	140.801680	1.020590	5.793026e-01	2.552048e-02	4.427403e+02	3.948081e-02	
28.000000	36.000000	140.800292	2.781165	5.115585e-01	3.030286e-02	4.429689e+02	3.200113e-02	
28.000000	40.000000	146.294755	2.202182	5.218704e-01	2.215038e-02	4.434941e+02	3.643631e-02	
28.000000	44.000000	147.577814	3.096532	5.532851e-01	2.749160e-02	4.436971e+02	3.762714e-02	
28.000000	48.000000	157.967752	2.761438	5.218710e-01	2.213551e-02	4.435632e+02	3.636445e-02	
28.000000	52.000000	172.045381	5.458309	5.701176e-01	3.366564e-02	4.428245e+02	3.876280e-02	
28.000000	56.000000	190.805626	11.490223	6.047304e-01	3.262962e-02	4.406783e+02	4.154621e-02	
28.000000	60.000000	184.549643	4.306470	6.058941e-01	3.005670e-02	4.366595e+02	4.038666e-02	
32.000000	0.000000	172.051231	7.937386	5.181730e-01	2.617210e-02	4.302572e+02	3.515566e-02	
32.000000	4.000000	154.843100	5.986465	5.938906e-01	2.822186e-02	4.408510e+02	4.245036e-02	
32.000000	8.000000	153.300886	4.618653	5.722054e-01	2.798853e-02	4.408043e+02	3.762666e-02	
32.000000	12.000000	152.343917	0.137754	5.330792e-01	3.449330e-02	4.411152e+02	3.514799e-02	
32.000000	16.000000	147.470470	4.179223	5.760995e-01	2.664215e-02	4.416461e+02	3.861297e-02	
32.000000	20.000000	147.059925	4.326383	5.269551e-01	3.200083e-02	4.419244e+02	4.151618e-02	
32.000000	24.000000	146.285838	2.805930	5.765561e-01	3.022665e-02	4.421033e+02	3.750583e-02	
32.000000	28.000000	145.395008	39.883946	5.258428e-01	2.624481e-02	4.422217e+02	3.474200e-02	
32.000000	32.000000	145.477223	12.788461	5.735658e-01	2.703929e-02	4.425000e+02	3.932030e-02	
32.000000	36.000000	146.191699	2.613937	5.867796e-01	3.263336e-02	4.427565e+02	4.014365e-02	
32.000000	40.000000	147.049172	198.188786	5.473971e-01	3.003936e-02	4.431035e+02	3.528277e-02	
32.000000	44.000000	152.559648	281.960744	5.246087e-01	2.216064e-02	4.434660e+02	3.653594e-02	
32.000000	48.000000	159.551909	3.549554	5.577113e-01	2.549904e-02	4.435611e+02	3.821639e-02	
32.000000	52.000000	172.058938	4.928331	5.125183e-01	2.827646e-02	4.428921e+02	3.361577e-02	
32.000000	56.000000	190.803802	8.654220	5.547366e-01	3.441264e-02	4.410056e+02	4.094733e-02	
32.000000	60.000000	191.419329	8.158890	5.268640e-01	2.592852e-02	4.372437e+02	3.496863e-02	
36.000000	0.000000	178.336745	5.436639	5.493187e-01	2.698425e-02	4.311480e+02	3.947506e-02	
36.000000	4.000000	159.552719	5.481105	6.357429e-01	2.899338e-02	4.405664e+02	4.341847e-02	
36.000000	8.000000	158.685534	7.464094	6.186642e-01	3.060323e-02	4.404893e+02	4.187565e-02	
36.000000	12.000000	153.820114	5.422493	6.045976e-01	2.833662e-02	4.408358e+02	4.395076e-02	
36.000000	16.000000	153.296008	4.210982	5.848682e-01	2.887381e-02	4.410998e+02	3.904824e-02	
36.000000	20.000000	148.611054	57.813684	5.965037e-01	2.553221e-02	4.417311e+02	4.189948e-02	
36.000000	24.000000	147.576301	3.896270	7.002276e-01	5.642026e-02	4.419541e+02	6.283764e-02	
36.000000	28.000000	147.058731	176.634686	5.784370e-01	2.893480e-02	4.420932e+02	3.831436e-02	
36.000000	32.000000	147.043051	3.832548	5.813722e-01	3.076111e-02	4.422856e+02	3.961934e-02	
36.000000	36.000000	147.051421	2.917700	5.376330e-01	2.367060e-02	4.425400e+02	3.694405e-02	
36.000000	40.000000	148.332528	156.709264	5.338890e-01	3.191562e-02	4.429781e+02	3.729797e-02	
36.000000	44.000000	153.299026	2.856832	5.722857e-01	2.841616e-02	4.433453e+02	3.907244e-02	
36.000000	48.000000	159.550066	3.508918	5.660915e-01	2.660502e-02	4.435843e+02	3.869737e-02	
36.000000	52.000000	173.290887	54.147422	5.638740e-01	3.287025e-02	4.431717e+02	3.766656e-02	
36.000000	56.000000	195.309770	9.728243	5.672688e-01	2.829721e-02	4.413031e+02	3.775034e-02	
36.000000	60.000000	201.523432	676.181692	5.918393e-01	2.898619e-02	4.378926e+02	3.998706e-02	
40.000000	0.000000	184.970664	98.514116	5.387088e-01	2.531304e-02	4.323172e+02	3.629050e-02	
40.000000	4.000000	165.805359	7.742120	5.762137e-01	2.997819e-02	4.399644e+02	3.734032e-02	
40.000000	8.000000	161.594855	168.215124	6.075513e-01	3.115832e-02	4.399268e+02	3.995709e-02	
40.000000	12.000000	159.550036	40.539337	6.205462e-01	3.321245e-02	4.404336e+02	4.276369e-02	
40.000000	16.000000	155.630586	83.869479	5.718370e-01	3.093584e-02	4.409157e+02	4.361871e-02	
40.000000	20.000000	153.296645	54.399806	6.003878e-01	3.129593e-02	4.413683e+02	4.120920e-02	
40.000000	24.000000	153.301534	4.845371	5.666344e-01	2.671657e-02	4.415454e+02	3.856932e-02	
40.000000	28.000000	152.304443	427.237610	5.867220e-01	2.995321e-02	4.416501e+02	4.014462e-02	
40.000000	32.000000	151.595251	119.242112	5.048846e-01	3.893194e-02	4.419797e+02	4.167180e-02	
40.000000	36.000000	151.550994	326.152747	5.944669e-01	3.288921e-02	4.422651e+02	4.087648e-02	
40.000000	40.000000	153.314019	189.818755	5.707473e-01	2.577211e-02	4.427993e+02	4.060973e-02	
40.000000	44.000000	156.738872	235.443431	6.101677e-01	3.064235e-02	4.432481e+02	4.034819e-02	
40.000000	48.000000	164.083926	469.128132	5.859928e-01	2.949975e-02	4.432935e+02	3.889320e-02	
40.000000	52.000000	177.445890	4.773842	5.418390e-01	3.913228e-02	4.429427e+02	3.677791e-02	
40.000000	56.000000	197.063454	9.123179	5.471946e-01	2.484340e-02	4.415875e+02	3.721445e-02	
40.000000	60.000000	209.550959	20.643721	6.316913e-01	3.477893e-02	4.386170e+02	4.325552e-02	
44.000000	0.000000	197.074258	6.975038	5.468185e-01	2.573458e-02	4.333008e+02	3.657492e-02	
44.000000	4.000000	171.126717	10.604270	5.922300e-01	2.861224e-02	4.394697e+02	3.994150e-02	
44.000000	8.000000	167.134607	33.528240	5.894059e-01	2.586579e-02	4.392947e+02	4.006438e-02	
44.000000	12.000000	165.800857	29.623855	6.427279e-01	2.662606e-02	4.396424e+02	4.641763e-02	
44.000000	16.000000	159.943900	78.214131	5.697599e-01	2.694140e-02	4.404831e+02	3.879679e-02	
44.000000	20.000000	158.507046	5.433608	6.090622e-01	3.808051e-02	4.408323e+02	4.326487e-02	
44.000000	24.000000	157.187790	48.361009	5.845563e-01	3.222332e-02	4.411283e+02	3.879459e-02	
44.000000	28.000000	154.536197	4.056720	5.641622e-01	2.906959e-02	4.413280e+02	3.789724e-02	
44.000000	32.000000	154.808655	4.121033	5.925997e-01	2.927321e-02	4.414741e+02	4.010491e-02	
44.000000	36.000000	154.536055	4.364413	5.396743e-01	3.830569e-02	4.419920e+02	4.492768e-02	
44.000000	40.000000	157.512063	46.844421	6.029866e-01	3.067073e-02	4.424531e+02	4.128571e-02	
44.000000	44.000000	159.551939	40.937588	5.493323e-01	2.889324e-02	4.429213e+02	3.685781e-02	
44.000000	48.000000	165.805741	3.816491	5.499585e-01	3.122165e-02	4.431933e+02	3.693436e-02	
44.000000	52.000000	178.290703	4.000928	5.413267e-01	2.917377e-02	4.429345e+02	3.584971e-02	
44.000000	56.000000	197.574977	6.535600	5.291130e-01	3.145628e-02	4.419683e+02	3.432943e-02	
44.000000	60.000000	217.617357	21.740129	6.510828e-01	3.094408e-02	4.391522e+02	4.580270e-02	
48.000000	0.000000	207.211263	11.300411	6.390947e-01	3.195097e-02	4.343923e+02	4.288701e-02	
48.000000	4.000000	178.820367	9.648042	6.222766e-01	2.942182e-02	4.386897e+02	4.157104e-02	
48.000000	8.000000	176.493039	845.806413	6.354047e-01	3.341503e-02	4.386560e+02	4.253072e-02	
48.000000	12.000000	172.051896	9.145794	6.223464e-01	3.175589e-02	4.392144e+02	4.113122e-02	
48.000000	16.000000	167.379261	38.068083	5.534642e-01	2.822250e-02	4.398634e+02	4.252950e-02	
48.000000	20.000000	165.798289	217.574120	6.565290e-01	3.634568e-02	4.402925e+02	4.367139e-02	
48.000000	24.000000	163.075052	931.815023	5.941009e-01	3.016694e-02	4.406122e+02	4.062458e-02	
48.000000	28.000000	160.947672	167.406709	6.180325e-01	3.064702e-02	4.409506e+02	4.066374e-02	
48.000000	32.000000	160.266932	4.344232	5.574687e-01	2.807954e-02	4.412704e+02	3.692039e-02	
48.000000	36.000000	159.559272	4.005473	5.744162e-01	2.555327e-02	4.417753e+02	4.000014e-02	
48.000000	40.000000	160.832526	329.772926	5.565833e-01	2.837348e-02	4.421884e+02	3.643103e-02	
48.000000	44.000000	165.795136	5.494168	5.840885e-01	3.043812e-02	4.426874e+02	3.992748e-02	
48.000000	48.000000	172.046247	78.011037	5.416450e-01	2.860370e-02	4.431367e+02	3.495296e-02	
48.000000	52.000000	184.547964	5.827738	5.101537e-01	3.039383e-02	4.430466e+02	3.185017e-02	
48.000000	56.000000	203.303326	7.093260	5.517430e-01	3.563902e-02	4.419661e+02	4.527062e-02	
48.000000	60.000000	227.361015	8.450635	5.646389e-01	3.424565e-02	4.398744e+02	5.518964e-02	
52.000000	0.000000	222.045283	8.898155	5.893040e-01	2.550034e-02	4.357289e+02	4.055241e-02	
52.000000	4.000000	190.805331	41.845323	5.633677e-01	2.567894e-02	4.377871e+02	3.863436e-02	
52.000000	8.000000	187.083561	161.194555	5.879356e-01	3.127819e-02	4.379365e+02	4.303147e-02	
52.000000	12.000000	182.688759	11.912958	6.346555e-01	3.131287e-02	4.383738e+02	4.252052e-02	
52.000000	16.000000	178.305426	222.711493	5.799839e-01	3.160984e-02	4.390206e+02	3.918817e-02	
52.000000	20.000000	173.458905	8.955375	6.626572e-01	3.084747e-02	4.397290e+02	4.527769e-02	
52.000000	24.000000	171.019996	62.375312	6.029578e-01	3.324249e-02	4.400503e+02	4.146497e-02	
52.000000	28.000000	170.359139	33.376634	5.967121e-01	3.082706e-02	4.402573e+02	3.951292e-02	
52.000000	32.000000	169.780171	44.018824	6.066379e-01	3.175466e-02	4.405967e+02	4.122221e-02	
52.000000	36.000000	168.119179	52.740293	5.447753e-01	3.378029e-02	4.411303e+02	3.646394e-02	
52.000000	40.000000	169.824699	39.148212	5.822873e-01	2.875689e-02	4.417240e+02	3.856679e-02	
52.000000	44.000000	172.056899	208.694275	5.798311e-01	3.055569e-02	4.422894e+02	3.957939e-02	
52.000000	48.000000	177.416417	223.579819	6.069257e-01	3.120914e-02	4.424484e+02	4.158565e-02	
52.000000	52.000000	189.637714	130.632579	5.918105e-01	2.959285e-02	4.425544e+02	4.019964e-02	
52.000000	56.000000	207.830196	5.973597	5.575734e-01	2.965280e-02	4.420309e+02	3.578768e-02	
52.000000	60.000000	234.552026	11.385631	5.423184e-01	2.500326e-02	4.403555e+02	3.665720e-02	
56.000000	0.000000	240.806616	23.310362	6.233480e-01	3.119143e-02	4.364965e+02	4.226214e-02	
56.000000	4.000000	212.011135	958.710060	5.835947e-01	2.904458e-02	4.366214e+02	3.984204e-02	
56.000000	8.000000	207.913057	42.756328	5.854021e-01	2.972243e-02	4.366494e+02	3.995754e-02	
56.000000	12.000000	202.004465	34.017815	4.995354e-01	3.705194e-02	4.369840e+02	3.816243e-02	
56.000000	16.000000	195.992929	38.492203	5.580688e-01	2.945391e-02	4.378944e+02	3.601159e-02	
56.000000	20.000000	191.637511	8.654082	6.110432e-01	3.334654e-02	4.386741e+02	4.208512e-02	
56.000000	24.000000	188.452903	8.763312	6.083837e-01	3.100543e-02	4.390688e+02	3.995194e-02	
56.000000	28.000000	185.902891	167.178793	5.640974e-01	2.670457e-02	4.394784e+02	3.848667e-02	
56.000000	32.000000	183.244240	7.580242	6.410747e-01	3.040546e-02	4.398271e+02	4.611697e-02	
56.000000	36.000000	182.339363	52.305603	6.016965e-01	2.877369e-02	4.402719e+02	4.003412e-02	
56.000000	40.000000	181.052274	95.770936	5.217289e-01	3.394438e-02	4.410612e+02	3.474629e-02	
56.000000	44.000000	182.754862	30.238587	6.124620e-01	2.762480e-02	4.416149e+02	4.144345e-02	
56.000000	48.000000	187.083566	247.368795	5.546144e-01	3.071106e-02	4.420214e+02	3.637781e-02	
56.000000	52.000000	197.059082	4.433888	5.728664e-01	2.673352e-02	4.423856e+02	3.850417e-02	
56.000000	56.000000	215.801894	8.181248	5.814308e-01	3.126170e-02	4.417293e+02	3.971306e-02	
56.000000	60.000000	240.808385	29.424534	6.734221e-01	3.982376e-02	4.404931e+02	4.594247e-02	
60.000000	0.000000	268.273877	44.037274	5.966759e-01	2.660099e-02	4.376775e+02	4.029359e-02	
60.000000	4.000000	320.610569	441.562221	5.921906e-01	2.821806e-02	4.352358e+02	3.932304e-02	
60.000000	8.000000	308.858569	687.709996	5.645482e-01	2.811120e-02	4.353077e+02	3.761072e-02	
60.000000	12.000000	294.396875	343.988691	5.819751e-01	3.656044e-02	4.361718e+02	4.057613e-02	
60.000000	16.000000	276.535791	778.890888	5.966115e-01	2.952217e-02	4.370914e+02	3.921209e-02	
60.000000	20.000000	262.776665	824.860908	5.758418e-01	3.026001e-02	4.379893e+02	3.768070e-02	
60.000000	24.000000	253.771300	151.171269	7.402703e-01	5.456435e-02	4.386288e+02	5.520852e-02	
60.000000	28.000000	245.498634	158.090969	6.066828e-01	3.145243e-02	4.389083e+02	4.583816e-02	
60.000000	32.000000	237.107428	854.883804	5.762822e-01	2.935966e-02	4.393623e+02	3.872895e-02	
60.000000	36.000000	227.835604	152.568731	6.354894e-01	3.093181e-02	4.397337e+02	4.236625e-02	
60.000000	40.000000	218.537084	84.197792	5.954869e-01	3.243953e-02	4.402488e+02	3.968805e-02	
60.000000	44.000000	213.695593	849.696791	5.978399e-01	2.612822e-02	4.407610e+02	4.434757e-02	
60.000000	48.000000	213.800919	827.826252	5.787492e-01	2.916189e-02	4.411410e+02	3.775290e-02	
60.000000	52.000000	220.138946	50.182779	5.867220e-01	2.995339e-02	4.413499e+02	4.014538e-02	
60.000000	56.000000	233.526154	57.234760	5.704773e-01	2.677232e-02	4.414532e+02	3.901960e-02	
60.000000	60.000000	259.550014	11.702903	6.322713e-01	3.042900e-02	4.405275e+02	4.295014e-02	
0.000000	0.000000	299.314764	1010.675481	5.809643e-01	2.805903e-02	4.384392e+02	3.970304e-02	
