0.000000	4.000000	159.551889	16.339185	6.011982e-01	3.048060e-02	1.989658e+02	4.012985e-02	
0.000000	8.000000	159.552076	10.105478	5.828622e-01	2.992039e-02	1.988305e+02	5.152335e-02	
0.000000	12.000000	157.445592	982.824444	6.805872e-01	3.135108e-02	1.986310e+02	4.498122e-02	
0.000000	16.000000	153.307912	6.615419	6.231496e-01	3.037002e-02	1.986594e+02	4.169405e-02	
0.000000	20.000000	153.297751	6.036878	6.778051e-01	2.866452e-02	1.987004e+02	4.932667e-02	
0.000000	24.000000	151.445452	4.152910	6.550595e-01	3.430327e-02	1.988120e+02	4.370942e-02	
0.000000	28.000000	151.676266	3.921603	5.980357e-01	3.037212e-02	1.988646e+02	3.930342e-02	
0.000000	32.000000	152.505779	2.931157	6.289920e-01	2.824684e-02	1.987834e+02	4.555398e-02	
0.000000	36.000000	152.835627	3.596721	6.095041e-01	3.369097e-02	1.993331e+02	4.103273e-02	
0.000000	40.000000	153.279459	143.063249	6.412058e-01	3.476034e-02	2.000856e+02	4.377200e-02	
0.000000	44.000000	159.535220	2.513820	5.168329e-01	3.910817e-02	1.999603e+02	4.630683e-02	
0.000000	48.000000	165.789931	45.432875	5.993900e-01	3.176665e-02	1.996548e+02	4.029912e-02	
0.000000	52.000000	178.304742	3.573075	6.074214e-01	3.010083e-02	1.984152e+02	3.966534e-02	
0.000000	56.000000	197.626697	7.195781	5.749814e-01	2.557602e-02	1.962209e+02	4.028739e-02	
0.000000	60.000000	197.086815	8.341663	6.885828e-01	3.415567e-02	1.920979e+02	4.650861e-02	
4.000000	0.000000	184.544907	9.597422	6.275571e-01	3.412219e-02	1.862925e+02	4.201625e-02	
4.000000	4.000000	160.939808	17.880544	6.208703e-01	2.993021e-02	1.988666e+02	4.479120e-02	
4.000000	8.000000	159.551301	7.223225	6.331877e-01	3.550219e-02	1.985534e+02	4.314569e-02	
4.000000	12.000000	159.545940	6.770549	6.040021e-01	2.791411e-02	1.987761e+02	4.073492e-02	
4.000000	16.000000	154.897719	402.451157	6.143368e-01	3.500042e-02	1.986792e+02	4.230017e-02	
4.000000	20.000000	153.292823	5.967749	6.122304e-01	3.873851e-02	1.989686e+02	5.320196e-02	
4.000000	24.000000	153.279452	6.003406	5.129531e-01	3.641144e-02	1.989607e+02	4.210702e-02	
4.000000	28.000000	153.301756	4.906372	6.099703e-01	3.055225e-02	1.990534e+02	3.987216e-02	
4.000000	32.000000	153.304275	4.153633	6.395672e-01	3.328792e-02	1.991185e+02	4.256473e-02	
4.000000	36.000000	153.304738	5.082722	6.044212e-01	3.016737e-02	1.996556e+02	4.039174e-02	
4.000000	40.000000	154.031436	83.915073	6.056404e-01	2.562331e-02	1.997193e+02	4.304972e-02	
4.000000	44.000000	159.552635	27.158336	5.822557e-01	2.780527e-02	1.998538e+02	3.994979e-02	
4.000000	48.000000	165.789922	28.797849	6.430174e-01	2.851192e-02	1.992729e+02	4.495249e-02	
4.000000	52.000000	178.782580	64.798458	6.355941e-01	3.525459e-02	1.983247e+02	4.278008e-02	
4.000000	56.000000	198.426357	6.821403	5.725996e-01	3.106345e-02	1.959946e+02	3.880394e-02	
4.000000	60.000000	201.556645	11.235566	6.843354e-01	3.403885e-02	1.919273e+02	4.563420e-02	
8.000000	0.000000	190.804963	11.330397	6.119893e-01	3.184371e-02	1.868585e+02	4.050809e-02	
8.000000	4.000000	163.942367	11.583510	5.844221e-01	2.923577e-02	1.986650e+02	3.907390e-02	
8.000000	8.000000	161.745794	30.343662	6.373958e-01	3.244257e-02	1.981351e+02	4.216159e-02	
8.000000	12.000000	159.552057	9.417349	5.788175e-01	2.937756e-02	1.983213e+02	3.857152e-02	
8.000000	16.000000	159.547005	7.519016	6.376146e-01	3.216403e-02	1.983963e+02	4.287122e-02	
8.000000	20.000000	154.696818	226.354024	6.739624e-01	2.782659e-02	1.984417e+02	4.698248e-02	
8.000000	24.000000	153.783809	5.516972	6.808791e-01	3.200216e-02	1.987362e+02	4.536849e-02	
8.000000	28.000000	153.279456	5.229901	6.454117e-01	3.439474e-02	1.990326e+02	4.460957e-02	
8.000000	32.000000	153.307892	4.438104	5.470874e-01	2.600676e-02	1.987577e+02	3.648004e-02	
8.000000	36.000000	153.279439	4.031825	5.595191e-01	2.629534e-02	1.995792e+02	3.825580e-02	
8.000000	40.000000	157.339362	80.093673	6.228701e-01	3.239646e-02	1.995503e+02	4.236154e-02	
8.000000	44.000000	159.535148	3.620882	6.194796e-01	3.145695e-02	1.996165e+02	4.114437e-02	
8.000000	48.000000	167.040887	56.624164	6.126611e-01	2.800212e-02	1.996044e+02	4.098571e-02	
8.000000	52.000000	180.353803	71.215142	6.714601e-01	3.784484e-02	1.982793e+02	4.506953e-02	
8.000000	56.000000	200.083674	9.631071	6.362046e-01	3.186048e-02	1.964207e+02	4.228384e-02	
8.000000	60.000000	203.305585	21.851892	6.660440e-01	4.009106e-02	1.924362e+02	4.675711e-02	
12.000000	0.000000	192.160574	714.537629	6.391609e-01	3.546845e-02	1.870937e+02	4.412401e-02	
12.000000	4.000000	165.802471	16.916916	5.975915e-01	2.847832e-02	1.984326e+02	4.027811e-02	
12.000000	8.000000	165.806006	10.601775	6.168394e-01	3.631770e-02	1.980904e+02	4.385835e-02	
12.000000	12.000000	162.036792	27.730154	6.408721e-01	3.597498e-02	1.980506e+02	4.563322e-02	
12.000000	16.000000	159.554814	17.319108	6.229065e-01	3.091056e-02	1.985058e+02	4.220737e-02	
12.000000	20.000000	158.324720	6.007027	6.246820e-01	2.671012e-02	1.986430e+02	4.271139e-02	
12.000000	24.000000	156.316731	114.046352	6.489223e-01	2.882905e-02	1.985671e+02	4.406116e-02	
12.000000	28.000000	154.510324	95.771995	5.954501e-01	3.067820e-02	1.981442e+02	3.917405e-02	
12.000000	32.000000	154.506904	743.418765	5.897006e-01	2.932099e-02	1.986882e+02	3.929744e-02	
12.000000	36.000000	156.479844	91.120892	7.040646e-01	3.272587e-02	1.995819e+02	5.058233e-02	
12.000000	40.000000	159.535169	4.479928	6.460282e-01	3.199575e-02	1.999067e+02	4.565641e-02	
12.000000	44.000000	161.045002	5.374311	5.692619e-01	3.199319e-02	2.000086e+02	3.923641e-02	
12.000000	48.000000	170.045419	75.877328	6.277616e-01	3.461109e-02	1.994259e+02	4.235988e-02	
12.000000	52.000000	183.298770	96.955903	6.052220e-01	3.178207e-02	1.983074e+02	4.041008e-02	
12.000000	56.000000	202.353639	13.884508	6.355345e-01	3.183955e-02	1.963870e+02	4.269779e-02	
12.000000	60.000000	209.545291	7.068319	5.857177e-01	3.218011e-02	1.929463e+02	4.387349e-02	
16.000000	0.000000	197.058837	9.271117	5.763904e-01	3.221750e-02	1.880017e+02	4.040080e-02	
16.000000	4.000000	167.781881	1003.928640	5.793748e-01	3.895018e-02	1.981635e+02	4.174129e-02	
16.000000	8.000000	166.277397	8.501786	5.382508e-01	3.106391e-02	1.981927e+02	3.545012e-02	
16.000000	12.000000	164.910041	14.751724	6.553955e-01	3.239532e-02	1.979316e+02	4.409251e-02	
16.000000	16.000000	161.210179	27.491495	6.818397e-01	3.658847e-02	1.979858e+02	4.898029e-02	
16.000000	20.000000	159.538784	32.675021	5.759506e-01	2.700826e-02	1.983945e+02	3.880415e-02	
16.000000	24.000000	159.991342	6.497983	6.119790e-01	2.952334e-02	1.985435e+02	4.132399e-02	
16.000000	28.000000	159.556860	5.335677	5.243793e-01	3.027498e-02	1.989801e+02	3.312314e-02	
16.000000	32.000000	158.385170	5.350088	5.871454e-01	3.038163e-02	1.988874e+02	4.509899e-02	
16.000000	36.000000	159.535190	5.287638	6.123272e-01	3.061211e-02	1.991032e+02	4.020563e-02	
16.000000	40.000000	159.535198	156.819171	6.138906e-01	3.177438e-02	1.992930e+02	4.089004e-02	
16.000000	44.000000	165.044756	4.159524	6.257932e-01	3.252359e-02	1.995761e+02	4.211055e-02	
16.000000	48.000000	171.034947	5.132194	6.288373e-01	3.445767e-02	1.994237e+02	4.346576e-02	
16.000000	52.000000	183.534947	149.670504	5.728767e-01	2.701172e-02	1.985282e+02	3.927023e-02	
16.000000	56.000000	202.424538	6.756760	6.138970e-01	3.528912e-02	1.967334e+02	4.281222e-02	
16.000000	60.000000	215.025005	20.551761	6.218620e-01	3.095337e-02	1.932609e+02	4.129632e-02	
20.000000	0.000000	203.300799	12.825593	7.017455e-01	3.837135e-02	1.882098e+02	4.728391e-02	
20.000000	4.000000	172.050179	24.904633	6.580508e-01	3.321022e-02	1.980352e+02	4.373587e-02	
20.000000	8.000000	170.851014	729.414762	6.411743e-01	2.859788e-02	1.977198e+02	4.434645e-02	
20.000000	12.000000	166.474595	165.043080	6.286003e-01	2.620591e-02	1.976928e+02	4.668090e-02	
20.000000	16.000000	164.940700	9.412855	6.148424e-01	2.830305e-02	1.978164e+02	4.486405e-02	
20.000000	20.000000	161.057958	27.735319	7.121035e-01	3.730875e-02	1.979550e+02	5.019309e-02	
20.000000	24.000000	159.558769	8.152248	7.480964e-01	3.062348e-02	1.986408e+02	5.311247e-02	
20.000000	28.000000	159.555897	21.811233	6.615162e-01	3.988531e-02	1.986130e+02	4.665787e-02	
20.000000	32.000000	159.575893	175.068002	6.258448e-01	3.102857e-02	1.983635e+02	4.192823e-02	
20.000000	36.000000	159.539669	6.808731	6.175448e-01	3.001789e-02	1.988929e+02	4.188266e-02	
20.000000	40.000000	160.894086	6.766105	6.774560e-01	3.728529e-02	1.993083e+02	4.551090e-02	
20.000000	44.000000	165.802054	6.045212	6.360586e-01	3.140199e-02	1.993733e+02	4.272058e-02	
20.000000	48.000000	172.054739	198.101514	6.294192e-01	3.119860e-02	1.991387e+02	4.153675e-02	
20.000000	52.000000	184.550114	7.152699	5.821303e-01	2.706297e-02	1.983720e+02	3.912854e-02	
20.000000	56.000000	203.295359	6.585843	5.481831e-01	2.838153e-02	1.968929e+02	3.580798e-02	
20.000000	60.000000	219.702903	1097.721793	6.886213e-01	3.460671e-02	1.939690e+02	4.583062e-02	
24.000000	0.000000	207.680670	9.999998	7.258438e-01	3.764488e-02	1.892039e+02	4.891350e-02	
24.000000	4.000000	173.749666	32.858687	7.199817e-01	3.416394e-02	1.975498e+02	5.276162e-02	
24.000000	8.000000	172.384939	16.887860	6.272389e-01	3.072271e-02	1.973493e+02	4.210272e-02	
24.000000	12.000000	171.329310	11.572954	5.967348e-01	3.072690e-02	1.975927e+02	4.069055e-02	
24.000000	16.000000	167.263614	9.380366	6.233790e-01	3.257308e-02	1.979427e+02	4.175290e-02	
24.000000	20.000000	165.805901	10.459604	6.247122e-01	2.847296e-02	1.978008e+02	4.609492e-02	
24.000000	24.000000	164.115393	5.499829	5.907355e-01	2.959189e-02	1.975639e+02	4.014704e-02	
24.000000	28.000000	161.310806	9.896184	6.261248e-01	3.113550e-02	1.980501e+02	4.182519e-02	
24.000000	32.000000	161.243762	65.956418	5.418205e-01	2.457684e-02	1.983975e+02	3.695632e-02	
24.000000	36.000000	161.547096	9.720535	6.294983e-01	2.642186e-02	1.986542e+02	4.439920e-02	
24.000000	40.000000	163.790237	5.154968	7.129840e-01	3.535067e-02	1.988412e+02	4.949926e-02	
24.000000	44.000000	166.465053	5.754045	6.161606e-01	2.587933e-02	1.997177e+02	4.543706e-02	
24.000000	48.000000	172.695555	5.690387	7.316200e-01	3.691675e-02	1.995855e+02	4.851147e-02	
24.000000	52.000000	184.556299	5.651718	6.813406e-01	3.440970e-02	1.989823e+02	4.540237e-02	
24.000000	56.000000	203.301890	8.965538	6.025673e-01	2.770457e-02	1.971988e+02	4.122476e-02	
24.000000	60.000000	222.820018	20.873429	5.934283e-01	2.851083e-02	1.947466e+02	3.939381e-02	
28.000000	0.000000	214.090029	11.141845	6.750414e-01	3.091479e-02	1.902433e+02	4.890079e-02	
28.000000	4.000000	178.300370	25.677762	6.695873e-01	3.721865e-02	1.974887e+02	4.583436e-02	
28.000000	8.000000	176.709113	18.400025	6.605157e-01	3.406240e-02	1.970839e+02	4.408771e-02	
28.000000	12.000000	173.253768	18.991205	6.501283e-01	2.940583e-02	1.973294e+02	4.362688e-02	
28.000000	16.000000	171.205920	14.528696	7.226697e-01	4.825358e-02	1.977814e+02	5.706260e-02	
28.000000	20.000000	167.060951	260.992038	7.110483e-01	3.546142e-02	1.977265e+02	4.880577e-02	
28.000000	24.000000	165.807901	30.262041	6.284118e-01	2.703008e-02	1.976317e+02	4.356840e-02	
28.000000	28.000000	165.798442	17.801164	8.026836e-01	7.656848e-02	1.979368e+02	8.236269e-02	
28.000000	32.000000	165.080625	8.780248	6.684702e-01	2.875219e-02	1.984395e+02	4.801581e-02	
28.000000	36.000000	165.801940	8.201330	6.694164e-01	3.239211e-02	1.988101e+02	4.503439e-02	
28.000000	40.000000	165.801849	44.926907	6.142476e-01	3.037664e-02	1.990904e+02	4.043222e-02	
28.000000	44.000000	170.449741	64.541427	6.231698e-01	3.039227e-02	1.991644e+02	4.123365e-02	
28.000000	48.000000	176.550978	5.967716	6.490603e-01	3.226454e-02	1.991836e+02	4.306211e-02	
28.000000	52.000000	186.594904	33.772088	6.344729e-01	3.230085e-02	1.990307e+02	4.224925e-02	
28.000000	56.000000	203.305048	9.971485	6.295489e-01	3.380571e-02	1.970567e+02	4.306629e-02	
28.000000	60.000000	227.408574	19.015639	6.034802e-01	2.966034e-02	1.944791e+02	4.087126e-02	
32.000000	0.000000	220.365169	653.798356	6.988249e-01	3.390553e-02	1.907849e+02	4.632921e-02	
32.000000	4.000000	182.634160	51.034022	5.450595e-01	3.469126e-02	1.970232e+02	3.933818e-02	
32.000000	8.000000	179.183698	704.665435	6.187516e-01	3.123435e-02	1.969525e+02	4.069270e-02	
32.000000	12.000000	178.295194	26.798799	6.153967e-01	2.889146e-02	1.964297e+02	4.156622e-02	
32.000000	16.000000	173.540767	32.657254	6.523808e-01	2.880804e-02	1.972844e+02	4.617181e-02	
32.000000	20.000000	170.839498	21.675399	6.536031e-01	2.849397e-02	1.974276e+02	4.579026e-02	
32.000000	24.000000	169.670467	983.740124	6.982166e-01	3.291877e-02	1.975436e+02	5.097046e-02	
32.000000	28.000000	167.277968	862.551448	6.112109e-01	2.985619e-02	1.978979e+02	4.104462e-02	
32.000000	32.000000	167.157586	577.604188	6.377554e-01	3.106134e-02	1.978651e+02	4.233480e-02	
32.000000	36.000000	167.178687	113.065082	6.034712e-01	2.866487e-02	1.982677e+02	4.018645e-02	
32.000000	40.000000	169.074505	186.554008	6.642778e-01	3.327680e-02	1.989386e+02	4.399877e-02	
32.000000	44.000000	172.059850	68.980461	6.595657e-01	3.802834e-02	1.993234e+02	4.459850e-02	
32.000000	48.000000	178.304760	59.179292	6.749871e-01	2.990876e-02	1.994699e+02	4.837290e-02	
32.000000	52.000000	190.110235	7.503455	6.784922e-01	3.477236e-02	1.990897e+02	4.507644e-02	
32.000000	56.000000	204.662354	691.425954	6.400446e-01	2.846192e-02	1.977465e+02	4.493867e-02	
32.000000	60.000000	228.810416	14.319994	6.428264e-01	3.226632e-02	1.949870e+02	4.296711e-02	
36.000000	0.000000	228.306177	15.939739	6.944000e-01	3.497627e-02	1.910646e+02	4.645667e-02	
36.000000	4.000000	185.943389	38.496572	6.267578e-01	3.237646e-02	1.968397e+02	4.133898e-02	
36.000000	8.000000	185.052565	39.390651	5.631440e-01	2.923966e-02	1.963509e+02	3.807486e-02	
36.000000	12.000000	182.602281	901.705006	6.210662e-01	2.815857e-02	1.967819e+02	4.338841e-02	
36.000000	16.000000	178.305356	28.357552	6.323778e-01	2.719342e-02	1.966123e+02	4.292246e-02	
36.000000	20.000000	175.795972	40.729921	6.728514e-01	3.738054e-02	1.970280e+02	4.842096e-02	
36.000000	24.000000	172.351472	10.793078	6.603216e-01	3.904522e-02	1.975147e+02	4.623146e-02	
36.000000	28.000000	172.058301	36.914026	6.277931e-01	2.803417e-02	1.977721e+02	4.440195e-02	
36.000000	32.000000	172.042940	18.905565	5.509666e-01	2.960601e-02	1.981225e+02	4.426386e-02	
36.000000	36.000000	170.192365	15.910514	6.562615e-01	3.064706e-02	1.984700e+02	4.355416e-02	
36.000000	40.000000	172.245310	61.273239	5.886171e-01	2.945091e-02	1.986032e+02	4.030613e-02	
36.000000	44.000000	175.952903	164.590667	6.242238e-01	3.179462e-02	1.990694e+02	4.122084e-02	
36.000000	48.000000	179.861054	916.357218	6.682995e-01	3.334300e-02	1.992202e+02	4.459939e-02	
36.000000	52.000000	191.332144	24.248421	7.029332e-01	3.532764e-02	1.988931e+02	4.718793e-02	
36.000000	56.000000	208.010734	107.466633	5.733443e-01	2.612382e-02	1.977946e+02	4.100899e-02	
36.000000	60.000000	232.187719	1066.043174	7.056344e-01	4.276518e-02	1.957064e+02	5.243217e-02	
40.000000	0.000000	235.117115	18.526935	6.437127e-01	3.274692e-02	1.918920e+02	4.888905e-02	
40.000000	4.000000	192.201017	656.410606	6.370603e-01	3.561736e-02	1.962681e+02	4.284494e-02	
40.000000	8.000000	190.804257	30.581837	6.392675e-01	3.436262e-02	1.961069e+02	4.316937e-02	
40.000000	12.000000	187.916435	45.416784	6.251285e-01	2.952537e-02	1.962088e+02	4.181341e-02	
40.000000	16.000000	182.808690	22.915955	5.438808e-01	2.601231e-02	1.962504e+02	3.624161e-02	
40.000000	20.000000	179.634830	30.707590	6.251495e-01	3.218693e-02	1.969994e+02	4.236320e-02	
40.000000	24.000000	177.131281	32.855003	5.896624e-01	3.587506e-02	1.970854e+02	4.209350e-02	
40.000000	28.000000	176.581509	12.021802	6.434722e-01	3.157207e-02	1.971046e+02	4.265963e-02	
40.000000	32.000000	176.209833	58.788272	6.964810e-01	3.112469e-02	1.976687e+02	5.408127e-02	
40.000000	36.000000	175.880737	46.347300	6.186485e-01	3.079145e-02	1.979568e+02	4.093887e-02	
40.000000	40.000000	176.560289	6.223029	5.861804e-01	2.914573e-02	1.988513e+02	3.846058e-02	
40.000000	44.000000	178.300749	35.135716	6.525648e-01	3.430431e-02	1.990825e+02	4.397039e-02	
40.000000	48.000000	183.850815	33.922874	6.687236e-01	3.275262e-02	1.992605e+02	4.491405e-02	
40.000000	52.000000	195.115766	949.430690	5.765947e-01	3.255099e-02	1.988789e+02	3.851994e-02	
40.000000	56.000000	209.552059	17.867621	5.857345e-01	2.578312e-02	1.982853e+02	3.980534e-02	
40.000000	60.000000	234.545211	13.092267	6.408459e-01	2.724710e-02	1.964110e+02	4.329839e-02	
44.000000	0.000000	247.053103	12.596439	6.197954e-01	2.808128e-02	1.927960e+02	4.433598e-02	
44.000000	4.000000	200.165347	43.420396	6.511884e-01	3.107314e-02	1.961481e+02	4.616088e-02	
44.000000	8.000000	198.012375	39.283436	7.031160e-01	3.089474e-02	1.955042e+02	4.658611e-02	
44.000000	12.000000	195.226146	861.403946	6.702535e-01	2.889286e-02	1.956404e+02	4.503072e-02	
44.000000	16.000000	189.796415	35.005379	7.112652e-01	3.841545e-02	1.956419e+02	5.257526e-02	
44.000000	20.000000	185.921184	45.064039	6.106240e-01	3.349878e-02	1.962893e+02	4.094490e-02	
44.000000	24.000000	182.896472	24.440893	6.942002e-01	3.380005e-02	1.967090e+02	4.747940e-02	
44.000000	28.000000	182.106068	976.022895	6.731039e-01	3.355424e-02	1.971210e+02	4.483324e-02	
44.000000	32.000000	180.182682	939.187105	6.728410e-01	3.232209e-02	1.972482e+02	4.553058e-02	
44.000000	36.000000	179.715683	672.490409	6.335968e-01	3.018088e-02	1.978554e+02	4.289782e-02	
44.000000	40.000000	180.378383	874.401318	6.619069e-01	3.237030e-02	1.983987e+02	4.508727e-02	
44.000000	44.000000	182.793077	199.909859	6.296041e-01	2.700310e-02	1.986646e+02	4.472644e-02	
44.000000	48.000000	188.959225	46.726108	6.426150e-01	3.652547e-02	1.991500e+02	4.409485e-02	
44.000000	52.000000	197.060098	25.838721	6.200816e-01	2.926346e-02	1.986996e+02	4.150027e-02	
44.000000	56.000000	213.063119	25.873926	7.605248e-01	4.114446e-02	1.980550e+02	5.154572e-02	
44.000000	60.000000	235.630336	17.773410	6.270158e-01	3.180215e-02	1.969117e+02	4.588679e-02	
48.000000	0.000000	259.548401	15.828851	7.176807e-01	3.295718e-02	1.935898e+02	5.375387e-02	
48.000000	4.000000	209.995576	39.227909	6.067752e-01	3.747037e-02	1.951534e+02	4.285353e-02	
48.000000	8.000000	207.865392	810.419403	6.660846e-01	3.360049e-02	1.950221e+02	4.436141e-02	
48.000000	12.000000	204.169900	101.911191	6.511884e-01	3.107314e-02	1.951481e+02	4.616089e-02	
48.000000	16.000000	198.384607	44.666483	7.010594e-01	3.807031e-02	1.955213e+02	4.907887e-02	
48.000000	20.000000	194.477917	966.041916	6.569927e-01	2.925627e-02	1.957435e+02	4.959518e-02	
48.000000	24.000000	191.650592	47.471693	7.057778e-01	3.125946e-02	1.963300e+02	4.669284e-02	
48.000000	28.000000	189.080688	24.482621	5.928769e-01	2.661470e-02	1.963380e+02	3.995835e-02	
48.000000	32.000000	187.916438	46.933041	5.929378e-01	2.566387e-02	1.967165e+02	4.076649e-02	
48.000000	36.000000	186.129261	52.091497	6.499274e-01	2.866653e-02	1.972680e+02	4.663936e-02	
48.000000	40.000000	186.410638	0.433710	6.594022e-01	2.592338e-02	1.976062e+02	4.611596e-02	
48.000000	44.000000	189.230065	10.130063	6.349833e-01	3.687951e-02	1.983167e+02	4.305995e-02	
48.000000	48.000000	192.421700	911.942860	6.294490e-01	2.647233e-02	1.986533e+02	4.380794e-02	
48.000000	52.000000	202.410239	8.094991	6.128590e-01	3.466407e-02	1.987179e+02	4.252502e-02	
48.000000	56.000000	215.802523	19.591197	6.725147e-01	3.491836e-02	1.978900e+02	5.208202e-02	
48.000000	60.000000	239.187464	16.466185	6.149416e-01	2.786154e-02	1.967682e+02	4.193005e-02	
52.000000	0.000000	271.076618	19.527872	6.532625e-01	3.782114e-02	1.945000e+02	4.549201e-02	
52.000000	4.000000	224.834653	68.951639	6.467981e-01	3.387837e-02	1.943533e+02	4.334807e-02	
52.000000	8.000000	222.892883	54.453174	6.353540e-01	3.841385e-02	1.941109e+02	4.580251e-02	
52.000000	12.000000	217.535348	825.757239	6.726271e-01	2.934993e-02	1.944257e+02	4.448878e-02	
52.000000	16.000000	211.694219	64.530611	6.568217e-01	4.123805e-02	1.946783e+02	4.612563e-02	
52.000000	20.000000	205.642147	952.953072	6.607668e-01	3.258987e-02	1.950947e+02	4.408778e-02	
52.000000	24.000000	202.379501	34.274735	6.508414e-01	3.207228e-02	1.955120e+02	4.467035e-02	
52.000000	28.000000	199.834652	66.542509	6.473042e-01	3.197789e-02	1.959215e+02	4.282892e-02	
52.000000	32.000000	198.207038	48.745490	6.199897e-01	3.264380e-02	1.964525e+02	4.182427e-02	
52.000000	36.000000	196.057780	33.433234	6.076171e-01	2.794375e-02	1.967658e+02	4.090556e-02	
52.000000	40.000000	196.025947	23.282612	6.875767e-01	4.678610e-02	1.972464e+02	5.139200e-02	
52.000000	44.000000	197.590027	59.939491	5.931002e-01	3.055588e-02	1.979831e+02	3.952159e-02	
52.000000	48.000000	201.652872	8.375334	5.368103e-01	2.711214e-02	1.981389e+02	3.706905e-02	
52.000000	52.000000	209.553031	19.551780	6.011413e-01	2.564899e-02	1.987223e+02	4.238522e-02	
52.000000	56.000000	222.055593	31.439414	6.603186e-01	3.368906e-02	1.982231e+02	4.404639e-02	
52.000000	60.000000	244.757481	1002.201627	5.857829e-01	2.995273e-02	1.969810e+02	3.825098e-02	
56.000000	0.000000	278.300951	18.071660	6.090872e-01	3.318806e-02	1.949112e+02	4.113422e-02	
56.000000	4.000000	258.035402	781.193463	6.673288e-01	3.448079e-02	1.934498e+02	4.544392e-02	
56.000000	8.000000	254.113586	310.416391	6.233239e-01	2.795474e-02	1.932184e+02	4.405199e-02	
56.000000	12.000000	247.386047	197.849592	6.652693e-01	3.121063e-02	1.932841e+02	4.533267e-02	
56.000000	16.000000	239.744044	133.022877	6.719884e-01	3.308547e-02	1.938086e+02	5.491397e-02	
56.000000	20.000000	230.418909	863.624770	6.267120e-01	2.971655e-02	1.943188e+02	4.201085e-02	
56.000000	24.000000	225.197726	86.608527	6.117743e-01	2.626516e-02	1.946804e+02	4.213887e-02	
56.000000	28.000000	221.136384	543.675573	6.143910e-01	2.898227e-02	1.951568e+02	4.170836e-02	
56.000000	32.000000	217.110098	715.434778	5.964924e-01	2.560876e-02	1.952718e+02	4.181259e-02	
56.000000	36.000000	214.167472	53.335796	6.170806e-01	3.218225e-02	1.959900e+02	4.223640e-02	
56.000000	40.000000	211.204596	61.220384	7.087158e-01	4.200629e-02	1.964063e+02	4.707035e-02	
56.000000	44.000000	210.974720	50.556731	6.440874e-01	3.012734e-02	1.972417e+02	4.347980e-02	
56.000000	48.000000	214.126423	38.329203	6.402521e-01	4.144223e-02	1.980703e+02	5.028427e-02	
56.000000	52.000000	220.361294	528.828128	5.330159e-01	2.961499e-02	1.979020e+02	3.997534e-02	
56.000000	56.000000	232.892474	784.421588	6.783898e-01	4.490236e-02	1.977407e+02	4.995531e-02	
56.000000	60.000000	252.440841	26.208162	6.881651e-01	3.356658e-02	1.967729e+02	4.664153e-02	
60.000000	0.000000	286.057896	26.776123	6.780143e-01	3.256527e-02	1.953252e+02	4.625200e-02	
60.000000	4.000000	594.065399	609.069559	2.435850e+02	1.311260e+02	2.405407e+02	1.948380e+02	
60.000000	8.000000	562.412124	771.629658	6.616630e-01	3.408370e-02	1.969180e+02	4.421539e-02	
60.000000	12.000000	523.963462	765.247018	7.018436e-01	3.749342e-02	1.972326e+02	4.709464e-02	
60.000000	16.000000	478.354052	735.444864	6.552632e-01	3.265572e-02	1.975929e+02	4.433973e-02	
60.000000	20.000000	426.885170	799.690995	6.426935e-01	3.044854e-02	1.986775e+02	4.328825e-02	
60.000000	24.000000	388.459631	774.394133	7.412707e-01	3.852052e-02	1.989133e+02	5.106268e-02	
60.000000	28.000000	357.735245	774.674543	6.240241e-01	3.217661e-02	1.989185e+02	4.567186e-02	
60.000000	32.000000	328.154089	343.488467	6.759696e-01	3.223151e-02	1.985267e+02	4.789495e-02	
60.000000	36.000000	295.856112	321.915880	6.638185e-01	2.574108e-02	1.976035e+02	4.665099e-02	
60.000000	40.000000	272.283068	734.017594	6.396457e-01	3.209159e-02	1.971262e+02	4.225297e-02	
60.000000	44.000000	257.238702	758.705868	6.274328e-01	3.120871e-02	1.970432e+02	4.127416e-02	
60.000000	48.000000	249.829033	126.900362	6.258814e-01	2.708172e-02	1.973720e+02	4.305866e-02	
60.000000	52.000000	250.181822	112.419337	7.339336e-01	3.706420e-02	1.973105e+02	5.123867e-02	
60.000000	56.000000	258.113697	658.263978	6.555511e-01	3.311271e-02	1.971226e+02	4.343037e-02	
60.000000	60.000000	274.933268	67.195433	6.624729e-01	3.221558e-02	1.968808e+02	4.469005e-02	
0.000000	0.000000	306.084652	970.791697	7.049337e-01	4.754525e-02	1.956283e+02	5.117107e-02	
