0.000000	4.000000	134.557840	100.733430	5.781212e-01	2.982006e-02	4.391744e+02	3.789705e-02	
0.000000	8.000000	134.546321	2.815224	5.735387e-01	3.101314e-02	4.390262e+02	3.805962e-02	
0.000000	12.000000	131.784459	223.003972	5.891223e-01	2.559769e-02	4.392741e+02	4.049434e-02	
0.000000	16.000000	128.298846	2.024236	6.023079e-01	3.110610e-02	4.397346e+02	4.000408e-02	
0.000000	20.000000	128.293204	155.708085	6.093515e-01	3.732554e-02	4.398131e+02	4.300930e-02	
0.000000	24.000000	128.301968	1.718163	5.474446e-01	2.614291e-02	4.398203e+02	3.725575e-02	
0.000000	28.000000	128.300121	1.541544	5.119373e-01	2.975167e-02	4.399253e+02	3.496445e-02	
0.000000	32.000000	128.245135	1.261762	5.708502e-01	5.763414e-02	4.401190e+02	5.697551e-02	
0.000000	36.000000	128.305852	243.436270	6.218620e-01	3.095330e-02	4.402609e+02	4.129623e-02	
0.000000	40.000000	132.403886	12.134145	5.820749e-01	2.797429e-02	4.405164e+02	3.944353e-02	
0.000000	44.000000	137.632719	956.092932	5.323823e-01	2.507139e-02	4.403238e+02	3.645591e-02	
0.000000	48.000000	147.043768	2.342373	6.022133e-01	3.052005e-02	4.398497e+02	3.956846e-02	
0.000000	52.000000	159.550651	4.579726	5.714647e-01	2.986422e-02	4.381654e+02	3.738309e-02	
0.000000	56.000000	159.545141	4.481891	5.662082e-01	2.630339e-02	4.333296e+02	3.798877e-02	
0.000000	60.000000	148.409971	694.896736	5.697595e-01	2.688644e-02	4.265658e+02	3.904065e-02	
4.000000	0.000000	140.809802	8.285643	5.856010e-01	3.145783e-02	4.212798e+02	4.006292e-02	
4.000000	4.000000	134.556000	3.050521	5.680145e-01	3.080085e-02	4.389631e+02	3.951164e-02	
4.000000	8.000000	134.554850	2.709365	5.718370e-01	3.093582e-02	4.389157e+02	4.361868e-02	
4.000000	12.000000	134.545292	2.357367	5.683208e-01	2.559282e-02	4.392226e+02	3.906131e-02	
4.000000	16.000000	129.634829	3.085838	6.256928e-01	3.390069e-02	4.394382e+02	4.318111e-02	
4.000000	20.000000	128.302276	1.932537	5.535428e-01	2.483578e-02	4.395142e+02	3.801665e-02	
4.000000	24.000000	128.306590	41.767206	6.131101e-01	3.434069e-02	4.397036e+02	4.247636e-02	
4.000000	28.000000	128.319344	228.476997	5.778514e-01	2.593027e-02	4.397125e+02	3.895454e-02	
4.000000	32.000000	128.293584	20.261078	5.855942e-01	2.571189e-02	4.397776e+02	4.256671e-02	
4.000000	36.000000	128.296847	1.243052	6.011210e-01	2.556485e-02	4.402748e+02	4.246492e-02	
4.000000	40.000000	134.567756	1.062555	5.852240e-01	2.898927e-02	4.404015e+02	4.006292e-02	
4.000000	44.000000	140.809325	1.495463	5.384590e-01	2.761788e-02	4.402498e+02	3.563237e-02	
4.000000	48.000000	147.317079	77.984992	5.445405e-01	2.853112e-02	4.398728e+02	3.527647e-02	
4.000000	52.000000	161.142660	6.063396	5.673956e-01	2.565350e-02	4.382522e+02	3.821063e-02	
4.000000	56.000000	165.811166	54.152034	6.657297e-01	4.275446e-02	4.337374e+02	4.837851e-02	
4.000000	60.000000	153.305640	5.124442	5.629218e-01	2.844292e-02	4.272423e+02	3.717295e-02	
8.000000	0.000000	140.798672	5.113007	5.676295e-01	2.638737e-02	4.215328e+02	3.884947e-02	
8.000000	4.000000	140.168317	153.127744	5.931016e-01	3.120429e-02	4.386533e+02	4.036430e-02	
8.000000	8.000000	135.857860	67.279912	6.223187e-01	3.672388e-02	4.387480e+02	4.369386e-02	
8.000000	12.000000	134.577906	2.698579	5.697659e-01	3.393495e-02	4.390187e+02	4.105917e-02	
8.000000	16.000000	134.550291	2.027945	5.755656e-01	2.870768e-02	4.393351e+02	3.852621e-02	
8.000000	20.000000	129.874350	216.202318	5.839818e-01	2.820088e-02	4.394860e+02	3.992550e-02	
8.000000	24.000000	128.313216	1.810633	6.080102e-01	2.750664e-02	4.396201e+02	4.107023e-02	
8.000000	28.000000	128.320721	1.669953	5.895084e-01	3.164905e-02	4.397110e+02	4.038642e-02	
8.000000	32.000000	128.301789	1.195029	6.168915e-01	3.035569e-02	4.399082e+02	4.264015e-02	
8.000000	36.000000	131.813119	146.908647	4.687299e-01	3.471088e-02	4.400194e+02	2.838590e-02	
8.000000	40.000000	134.555438	145.977498	5.517831e-01	2.774984e-02	4.402890e+02	3.746540e-02	
8.000000	44.000000	140.801902	1.762436	5.308930e-01	2.905957e-02	4.400821e+02	3.391808e-02	
8.000000	48.000000	148.804408	73.603583	6.035680e-01	2.596168e-02	4.396886e+02	4.147990e-02	
8.000000	52.000000	165.057224	12.045604	5.681387e-01	3.646229e-02	4.380951e+02	4.059997e-02	
8.000000	56.000000	166.178706	6.589766	5.424987e-01	2.819685e-02	4.342195e+02	3.555136e-02	
8.000000	60.000000	157.834229	6.566021	5.859325e-01	2.985245e-02	4.280274e+02	3.812421e-02	
12.000000	0.000000	147.054138	4.590178	5.924353e-01	3.054845e-02	4.216455e+02	4.058705e-02	
12.000000	4.000000	140.804255	4.800063	6.445441e-01	3.308964e-02	4.385384e+02	4.410395e-02	
12.000000	8.000000	140.026579	2.866906	6.210590e-01	3.389042e-02	4.383766e+02	4.290634e-02	
12.000000	12.000000	135.089134	2.371207	5.757511e-01	3.022529e-02	4.389578e+02	3.747131e-02	
12.000000	16.000000	134.554153	201.146167	5.653121e-01	2.598428e-02	4.392806e+02	3.788945e-02	
12.000000	20.000000	134.577883	1.970892	5.978008e-01	3.023883e-02	4.394295e+02	4.098993e-02	
12.000000	24.000000	132.993098	10.349509	5.934149e-01	2.940861e-02	4.395141e+02	4.067219e-02	
12.000000	28.000000	131.869418	22.548086	5.613769e-01	2.651432e-02	4.396150e+02	3.783660e-02	
12.000000	32.000000	132.803430	32.888640	5.504805e-01	2.597672e-02	4.397440e+02	3.674836e-02	
12.000000	36.000000	134.554259	1.512812	5.483634e-01	2.974255e-02	4.400082e+02	3.510523e-02	
12.000000	40.000000	134.544331	1.562727	5.636861e-01	2.612775e-02	4.403023e+02	3.775776e-02	
12.000000	44.000000	140.804548	3.054830	5.091297e-01	3.114591e-02	4.400042e+02	3.216709e-02	
12.000000	48.000000	152.266807	2.129894	5.317237e-01	2.303364e-02	4.395672e+02	3.680439e-02	
12.000000	52.000000	165.801285	6.689395	5.936365e-01	2.812210e-02	4.382317e+02	3.947255e-02	
12.000000	56.000000	172.049907	2.546885	5.836520e-01	2.969254e-02	4.349491e+02	3.850605e-02	
12.000000	60.000000	159.552210	6.012719	6.150459e-01	3.122206e-02	4.290819e+02	4.044099e-02	
16.000000	0.000000	147.055671	4.941883	5.585133e-01	2.982658e-02	4.220311e+02	3.601328e-02	
16.000000	4.000000	141.121294	3.376535	5.507487e-01	2.713278e-02	4.383073e+02	3.747661e-02	
16.000000	8.000000	140.800540	163.495421	5.782277e-01	2.556692e-02	4.382635e+02	3.925710e-02	
16.000000	12.000000	140.805926	2.591509	5.657031e-01	2.673278e-02	4.384059e+02	3.874062e-02	
16.000000	16.000000	134.554143	1.918970	5.598474e-01	2.587710e-02	4.391916e+02	3.889826e-02	
16.000000	20.000000	134.554138	25.997388	6.145552e-01	3.582688e-02	4.392484e+02	4.292047e-02	
16.000000	24.000000	134.551740	1.567970	6.152045e-01	2.950834e-02	4.394522e+02	4.155585e-02	
16.000000	28.000000	134.557913	1.753380	6.038390e-01	2.892921e-02	4.395558e+02	4.028889e-02	
16.000000	32.000000	134.577211	1.336084	6.225562e-01	3.765351e-02	4.397866e+02	4.378164e-02	
16.000000	36.000000	134.549733	93.566176	5.888325e-01	3.089265e-02	4.399318e+02	4.263841e-02	
16.000000	40.000000	135.791242	93.698594	5.219491e-01	2.482771e-02	4.402960e+02	3.524521e-02	
16.000000	44.000000	140.814806	1.906097	5.433245e-01	3.187338e-02	4.401255e+02	3.555762e-02	
16.000000	48.000000	153.335963	2.331669	5.812209e-01	2.969259e-02	4.396687e+02	3.971318e-02	
16.000000	52.000000	165.805587	6.004026	6.534149e-01	2.695929e-02	4.385284e+02	4.330799e-02	
16.000000	56.000000	177.269399	3.004620	5.789779e-01	2.855793e-02	4.354160e+02	3.903015e-02	
16.000000	60.000000	165.805715	5.148536	5.887037e-01	3.360999e-02	4.297766e+02	4.048693e-02	
20.000000	0.000000	153.310120	8.597371	5.573013e-01	2.615781e-02	4.224037e+02	3.769033e-02	
20.000000	4.000000	146.250910	3.766909	6.422755e-01	3.209744e-02	4.380522e+02	4.237560e-02	
20.000000	8.000000	141.966169	4.820721	6.322584e-01	3.123092e-02	4.379391e+02	4.229798e-02	
20.000000	12.000000	140.799688	167.332372	5.990058e-01	3.043738e-02	4.382344e+02	3.953799e-02	
20.000000	16.000000	139.948665	2.013934	6.016501e-01	2.994399e-02	4.386649e+02	4.017342e-02	
20.000000	20.000000	135.953638	44.073921	5.729974e-01	2.673592e-02	4.391838e+02	4.294496e-02	
20.000000	24.000000	134.555543	2.378201	5.883654e-01	3.111338e-02	4.391608e+02	3.868117e-02	
20.000000	28.000000	134.554967	22.775626	6.590743e-01	3.906080e-02	4.394220e+02	4.615688e-02	
20.000000	32.000000	134.544313	91.594518	5.899798e-01	2.903821e-02	4.395213e+02	4.001568e-02	
20.000000	36.000000	134.555445	1.800532	5.957919e-01	3.023340e-02	4.399915e+02	3.891898e-02	
20.000000	40.000000	140.801960	1.814096	5.567439e-01	2.992582e-02	4.399585e+02	3.587080e-02	
20.000000	44.000000	145.174599	171.160690	5.653863e-01	3.014808e-02	4.402246e+02	3.733867e-02	
20.000000	48.000000	153.305652	194.445432	5.526625e-01	2.593533e-02	4.398066e+02	3.763168e-02	
20.000000	52.000000	165.804708	13.473214	6.435893e-01	3.803622e-02	4.386787e+02	4.526001e-02	
20.000000	56.000000	178.284576	7.941988	6.067544e-01	3.496628e-02	4.357552e+02	4.215470e-02	
20.000000	60.000000	172.055719	4.407275	5.654357e-01	2.771230e-02	4.306588e+02	3.849943e-02	
24.000000	0.000000	159.555337	5.461262	6.334830e-01	3.494481e-02	4.234381e+02	4.374009e-02	
24.000000	4.000000	147.051889	6.266053	6.289267e-01	3.043072e-02	4.378854e+02	4.364616e-02	
24.000000	8.000000	147.050471	3.635918	6.099190e-01	3.551890e-02	4.377604e+02	4.251514e-02	
24.000000	12.000000	142.596114	3.535811	5.762737e-01	2.856605e-02	4.381160e+02	4.071154e-02	
24.000000	16.000000	140.811010	81.165275	6.408415e-01	3.108659e-02	4.384993e+02	4.268019e-02	
24.000000	20.000000	140.802524	2.376194	5.935356e-01	2.877771e-02	4.385304e+02	4.011090e-02	
24.000000	24.000000	138.701910	47.131754	5.872365e-01	2.875449e-02	4.388718e+02	4.270892e-02	
24.000000	28.000000	136.057954	30.136242	5.858842e-01	3.336199e-02	4.391073e+02	3.964614e-02	
24.000000	32.000000	136.908563	953.398147	6.096122e-01	2.781428e-02	4.392264e+02	4.132941e-02	
24.000000	36.000000	138.939787	2.046318	5.586726e-01	2.552949e-02	4.394483e+02	3.828534e-02	
24.000000	40.000000	140.807881	28.531651	6.088896e-01	2.892163e-02	4.398525e+02	4.118547e-02	
24.000000	44.000000	147.054139	2.442408	5.228190e-01	2.992349e-02	4.400357e+02	3.348042e-02	
24.000000	48.000000	153.307300	2.780365	5.984163e-01	3.194199e-02	4.396826e+02	4.101506e-02	
24.000000	52.000000	165.801181	5.048371	5.920179e-01	3.912952e-02	4.388908e+02	4.225607e-02	
24.000000	56.000000	184.558068	16.024095	5.517541e-01	2.584370e-02	4.362274e+02	3.687568e-02	
24.000000	60.000000	176.642469	853.769021	5.381300e-01	2.688600e-02	4.312786e+02	3.650720e-02	
28.000000	0.000000	160.919312	654.205945	5.901621e-01	2.867395e-02	4.245164e+02	3.993661e-02	
28.000000	4.000000	151.319973	79.929063	6.044799e-01	2.948649e-02	4.374747e+02	4.075034e-02	
28.000000	8.000000	147.578410	4.504384	6.504108e-01	3.791597e-02	4.373983e+02	4.544921e-02	
28.000000	12.000000	147.053772	4.248088	6.046112e-01	2.816580e-02	4.378317e+02	4.353336e-02	
28.000000	16.000000	143.048702	33.510497	5.828088e-01	2.957242e-02	4.380718e+02	3.801142e-02	
28.000000	20.000000	140.804162	2.692385	5.522795e-01	2.536057e-02	4.384836e+02	3.787620e-02	
28.000000	24.000000	140.792563	175.917301	6.051391e-01	2.855400e-02	4.387365e+02	4.034542e-02	
28.000000	28.000000	140.795147	2.530065	5.809374e-01	2.909266e-02	4.388858e+02	4.237488e-02	
28.000000	32.000000	140.798856	2.288787	6.063526e-01	3.229516e-02	4.390101e+02	4.165029e-02	
28.000000	36.000000	140.804210	52.016636	5.305523e-01	3.020881e-02	4.392065e+02	3.491469e-02	
28.000000	40.000000	141.241309	2.171964	6.252277e-01	3.635724e-02	4.397234e+02	4.368290e-02	
28.000000	44.000000	147.050066	130.075999	5.568660e-01	3.244522e-02	4.400326e+02	3.794429e-02	
28.000000	48.000000	154.861054	195.832518	5.867233e-01	3.007451e-02	4.398172e+02	3.854135e-02	
28.000000	52.000000	166.964081	7.773650	5.600894e-01	3.736325e-02	4.391128e+02	4.017101e-02	
28.000000	56.000000	185.029724	13.403927	6.084301e-01	2.890859e-02	4.368484e+02	4.097104e-02	
28.000000	60.000000	181.574505	5.076083	6.091008e-01	2.870373e-02	4.322728e+02	4.065145e-02	
32.000000	0.000000	165.800680	7.201975	5.606619e-01	2.684054e-02	4.256363e+02	3.832314e-02	
32.000000	4.000000	153.305678	6.009385	6.119727e-01	2.772668e-02	4.372148e+02	4.207122e-02	
32.000000	8.000000	153.305621	4.560377	6.152806e-01	3.210085e-02	4.370077e+02	4.224538e-02	
32.000000	12.000000	148.296004	140.548039	6.528037e-01	3.449675e-02	4.375676e+02	4.496486e-02	
32.000000	16.000000	147.046846	4.149505	6.257401e-01	2.921920e-02	4.381675e+02	4.321564e-02	
32.000000	20.000000	146.179887	2.702591	6.293885e-01	2.891740e-02	4.384911e+02	4.177462e-02	
32.000000	24.000000	142.190964	134.196010	6.385558e-01	3.748454e-02	4.386312e+02	4.391986e-02	
32.000000	28.000000	141.171958	2.872735	6.041902e-01	2.585370e-02	4.387467e+02	4.484605e-02	
32.000000	32.000000	141.271438	2.446024	5.898852e-01	3.700203e-02	4.389111e+02	5.603573e-02	
32.000000	36.000000	142.083130	3.287643	5.868978e-01	3.028095e-02	4.392208e+02	3.866825e-02	
32.000000	40.000000	147.045142	2.761695	5.271526e-01	2.703022e-02	4.398503e+02	3.503849e-02	
32.000000	44.000000	148.439806	33.524834	5.287597e-01	3.164382e-02	4.400340e+02	3.441854e-02	
32.000000	48.000000	159.548240	2.915832	5.831272e-01	3.265493e-02	4.399902e+02	4.176065e-02	
32.000000	52.000000	171.179090	4.914556	5.846499e-01	2.938897e-02	4.393646e+02	3.991003e-02	
32.000000	56.000000	190.805896	6.836156	5.644376e-01	2.964605e-02	4.372664e+02	3.831859e-02	
32.000000	60.000000	189.070333	408.261799	6.072594e-01	2.922490e-02	4.327055e+02	4.046121e-02	
36.000000	0.000000	173.178635	542.672064	5.553493e-01	2.940126e-02	4.269567e+02	3.618210e-02	
36.000000	4.000000	158.498704	5.716886	6.055528e-01	3.152660e-02	4.369178e+02	3.998780e-02	
36.000000	8.000000	154.773855	198.970563	5.033974e-01	2.988351e-02	4.370695e+02	3.309475e-02	
36.000000	12.000000	153.305369	175.001404	5.458918e-01	2.603619e-02	4.372206e+02	3.642756e-02	
36.000000	16.000000	149.933269	206.818510	5.797393e-01	2.689502e-02	4.376373e+02	3.895313e-02	
36.000000	20.000000	147.055840	2.991953	5.610607e-01	3.082844e-02	4.382363e+02	3.728643e-02	
36.000000	24.000000	147.055022	171.373201	5.890790e-01	2.608880e-02	4.383122e+02	3.972202e-02	
36.000000	28.000000	147.057832	3.246114	6.892791e-01	3.913327e-02	4.386475e+02	4.952051e-02	
36.000000	32.000000	146.199088	2.509065	6.007432e-01	3.219791e-02	4.388563e+02	3.985631e-02	
36.000000	36.000000	147.053787	2.848399	6.271047e-01	3.455333e-02	4.392354e+02	4.206322e-02	
36.000000	40.000000	147.063618	2.885861	5.563056e-01	2.566395e-02	4.396013e+02	3.762167e-02	
36.000000	44.000000	153.305933	3.294665	5.717004e-01	2.783000e-02	4.398312e+02	3.779864e-02	
36.000000	48.000000	159.555447	169.932721	6.145732e-01	3.072415e-02	4.400538e+02	4.154366e-02	
36.000000	52.000000	172.052065	39.297643	5.863026e-01	2.859772e-02	4.395467e+02	4.007730e-02	
36.000000	56.000000	190.810552	9.208168	6.689568e-01	4.037970e-02	4.375148e+02	4.692460e-02	
36.000000	60.000000	197.048167	9.336273	6.217523e-01	2.885629e-02	4.337578e+02	5.506754e-02	
40.000000	0.000000	182.824206	5.807159	5.497760e-01	2.980558e-02	4.280951e+02	3.540609e-02	
40.000000	4.000000	161.325132	58.047528	5.983719e-01	2.982928e-02	4.365213e+02	4.055403e-02	
40.000000	8.000000	159.551707	5.273882	6.807705e-01	3.069085e-02	4.364688e+02	4.565971e-02	
40.000000	12.000000	158.540732	5.362463	6.441015e-01	4.195618e-02	4.368171e+02	4.733805e-02	
40.000000	16.000000	153.308845	4.159854	6.215549e-01	2.593777e-02	4.373114e+02	4.456888e-02	
40.000000	20.000000	152.435673	3.798051	5.419032e-01	2.522503e-02	4.376470e+02	3.714078e-02	
40.000000	24.000000	150.066732	944.432931	5.962389e-01	3.216716e-02	4.379975e+02	4.146974e-02	
40.000000	28.000000	147.531122	64.049822	6.648188e-01	3.305104e-02	4.384176e+02	4.522491e-02	
40.000000	32.000000	147.765174	82.554642	6.483435e-01	3.566411e-02	4.386045e+02	4.464069e-02	
40.000000	36.000000	147.688536	2.855108	5.434302e-01	3.640114e-02	4.390312e+02	4.043690e-02	
40.000000	40.000000	151.655573	372.241167	6.129745e-01	2.576638e-02	4.392995e+02	4.347006e-02	
40.000000	44.000000	153.809605	2.964374	5.793505e-01	2.731607e-02	4.395868e+02	3.907130e-02	
40.000000	48.000000	162.500000	84.108793	5.850787e-01	2.899867e-02	4.397112e+02	3.889201e-02	
40.000000	52.000000	172.112392	4.441028	6.334139e-01	3.480842e-02	4.394904e+02	4.378095e-02	
40.000000	56.000000	192.150863	11.995642	5.368235e-01	2.903833e-02	4.377804e+02	3.601274e-02	
40.000000	60.000000	203.812690	6.429018	6.230243e-01	3.351931e-02	4.344291e+02	4.287927e-02	
44.000000	0.000000	190.805348	5.870588	5.286498e-01	2.912302e-02	4.291396e+02	3.388888e-02	
44.000000	4.000000	167.374350	208.950506	5.815662e-01	2.890895e-02	4.358715e+02	3.805090e-02	
44.000000	8.000000	165.798798	43.329228	6.325154e-01	2.629016e-02	4.356893e+02	4.744376e-02	
44.000000	12.000000	162.976123	81.672172	6.372924e-01	2.960863e-02	4.362153e+02	4.319927e-02	
44.000000	16.000000	159.551975	198.514774	5.921319e-01	3.503932e-02	4.369496e+02	4.859355e-02	
44.000000	20.000000	157.295006	35.388756	6.399371e-01	2.911499e-02	4.373016e+02	4.309159e-02	
44.000000	24.000000	153.839553	3.236752	6.118422e-01	3.297227e-02	4.376259e+02	4.179422e-02	
44.000000	28.000000	153.304855	4.184217	6.598225e-01	2.918848e-02	4.376968e+02	4.670089e-02	
44.000000	32.000000	153.337489	52.568706	5.914224e-01	3.316770e-02	4.380698e+02	4.032708e-02	
44.000000	36.000000	153.305536	197.496044	6.167334e-01	3.296335e-02	4.385053e+02	4.179244e-02	
44.000000	40.000000	153.300331	2.972256	5.889390e-01	3.378582e-02	4.390777e+02	4.053638e-02	
44.000000	44.000000	159.555528	4.138749	5.822280e-01	2.811986e-02	4.395025e+02	3.949776e-02	
44.000000	48.000000	165.811394	3.337032	6.142545e-01	3.246819e-02	4.394196e+02	4.226957e-02	
44.000000	52.000000	177.274723	4.121898	5.954516e-01	3.317038e-02	4.393282e+02	4.024922e-02	
44.000000	56.000000	197.059365	5.793262	6.060366e-01	3.558909e-02	4.382564e+02	4.119363e-02	
44.000000	60.000000	215.808097	15.841213	5.359117e-01	3.011933e-02	4.349999e+02	3.436187e-02	
48.000000	0.000000	203.310473	5.782689	5.470817e-01	3.264325e-02	4.300375e+02	4.081370e-02	
48.000000	4.000000	177.093206	168.041923	6.079125e-01	3.244853e-02	4.351093e+02	4.048389e-02	
48.000000	8.000000	173.353974	379.161899	5.488079e-01	3.027218e-02	4.351652e+02	3.578441e-02	
48.000000	12.000000	170.478351	7.706618	6.189845e-01	3.188256e-02	4.355106e+02	4.143265e-02	
48.000000	16.000000	165.801910	202.021429	6.161440e-01	2.817256e-02	4.362527e+02	4.158521e-02	
48.000000	20.000000	163.870741	845.556817	6.518091e-01	3.800875e-02	4.365735e+02	4.470787e-02	
48.000000	24.000000	160.256740	3.794948	5.977816e-01	3.355253e-02	4.371959e+02	4.012656e-02	
48.000000	28.000000	159.548722	202.644905	5.986112e-01	2.972265e-02	4.375119e+02	4.054619e-02	
48.000000	32.000000	159.574367	209.729330	6.237421e-01	2.802009e-02	4.377854e+02	4.442059e-02	
48.000000	36.000000	159.551564	4.202536	5.963500e-01	3.655174e-02	4.381704e+02	4.173152e-02	
48.000000	40.000000	159.546106	182.947654	5.843577e-01	3.013083e-02	4.388283e+02	5.188418e-02	
48.000000	44.000000	164.084233	565.345124	5.515944e-01	3.120797e-02	4.390323e+02	3.635458e-02	
48.000000	48.000000	171.201307	4.371565	5.462939e-01	2.464187e-02	4.394101e+02	3.750270e-02	
48.000000	52.000000	179.678183	4.327431	5.993867e-01	2.852738e-02	4.392585e+02	3.986772e-02	
48.000000	56.000000	198.329734	131.660169	6.030121e-01	2.659890e-02	4.383451e+02	4.076513e-02	
48.000000	60.000000	222.780258	6.096433	6.395427e-01	2.952273e-02	4.357965e+02	4.395831e-02	
52.000000	0.000000	215.801917	5.830212	6.226114e-01	3.499586e-02	4.313240e+02	4.322977e-02	
52.000000	4.000000	188.499526	223.031104	5.767370e-01	2.613711e-02	4.341979e+02	4.249999e-02	
52.000000	8.000000	184.547899	10.837671	6.017199e-01	3.017605e-02	4.340471e+02	3.973282e-02	
52.000000	12.000000	179.935387	106.953367	6.472791e-01	2.806732e-02	4.345872e+02	4.517942e-02	
52.000000	16.000000	176.525514	803.935583	5.894105e-01	2.701218e-02	4.353593e+02	3.962302e-02	
52.000000	20.000000	172.060156	0.249605	5.957208e-01	2.886631e-02	4.361413e+02	3.951750e-02	
52.000000	24.000000	170.335859	5.319550	6.067365e-01	2.759949e-02	4.363774e+02	4.056023e-02	
52.000000	28.000000	167.361054	31.346646	5.802035e-01	2.789104e-02	4.365376e+02	3.974944e-02	
52.000000	32.000000	167.055027	4.334783	6.533495e-01	3.267485e-02	4.369569e+02	4.332448e-02	
52.000000	36.000000	166.584144	42.966519	5.538062e-01	2.743214e-02	4.373112e+02	3.706724e-02	
52.000000	40.000000	167.054382	40.619148	5.774597e-01	3.088900e-02	4.381342e+02	3.781370e-02	
52.000000	44.000000	171.240554	4.839608	5.866547e-01	2.941455e-02	4.386415e+02	3.932624e-02	
52.000000	48.000000	177.379404	4.181526	6.662176e-01	5.031570e-02	4.389385e+02	5.547948e-02	
52.000000	52.000000	185.388170	263.708322	5.196570e-01	2.930082e-02	4.391986e+02	3.394148e-02	
52.000000	56.000000	203.305786	5.229086	6.366049e-01	2.670881e-02	4.383609e+02	4.505850e-02	
52.000000	60.000000	230.054408	18.523058	5.493229e-01	2.580361e-02	4.363139e+02	3.687456e-02	
56.000000	0.000000	234.551890	5.810584	6.097832e-01	3.217711e-02	4.326086e+02	4.193962e-02	
56.000000	4.000000	208.413335	37.218544	5.600338e-01	3.044748e-02	4.329293e+02	4.078459e-02	
56.000000	8.000000	204.687416	7.927546	5.879551e-01	2.776230e-02	4.328443e+02	4.055802e-02	
56.000000	12.000000	198.839454	892.461594	5.972967e-01	2.773361e-02	4.333801e+02	3.986373e-02	
56.000000	16.000000	192.959933	90.034335	6.212566e-01	2.957147e-02	4.344532e+02	4.193900e-02	
56.000000	20.000000	189.243068	679.795652	5.776928e-01	2.994127e-02	4.349958e+02	3.759826e-02	
56.000000	24.000000	185.210114	273.533815	6.508741e-01	3.193416e-02	4.356115e+02	4.396805e-02	
56.000000	28.000000	182.802840	5.839752	5.706445e-01	2.976131e-02	4.359453e+02	3.864994e-02	
56.000000	32.000000	180.850327	52.117387	6.247939e-01	3.304168e-02	4.363450e+02	4.174530e-02	
56.000000	36.000000	179.632420	49.292896	6.493227e-01	3.817397e-02	4.366357e+02	4.552001e-02	
56.000000	40.000000	179.089137	4.292610	5.912951e-01	2.985028e-02	4.374343e+02	3.992574e-02	
56.000000	44.000000	180.575656	52.057955	5.892499e-01	3.174124e-02	4.380057e+02	4.030464e-02	
56.000000	48.000000	185.812421	446.813038	6.681664e-01	3.961852e-02	4.385020e+02	4.555665e-02	
56.000000	52.000000	195.926775	3.930553	6.175471e-01	2.775201e-02	4.387863e+02	4.309481e-02	
56.000000	56.000000	210.870745	77.272887	6.193629e-01	3.397893e-02	4.383038e+02	4.147203e-02	
56.000000	60.000000	239.665151	8.705963	6.113032e-01	2.693095e-02	4.366408e+02	4.154913e-02	
60.000000	0.000000	264.936004	7.287380	6.529369e-01	3.356838e-02	4.335573e+02	4.447605e-02	
60.000000	4.000000	305.640443	270.543976	5.575550e-01	2.623492e-02	4.315483e+02	3.791111e-02	
60.000000	8.000000	296.067209	675.660955	5.928686e-01	2.861679e-02	4.314602e+02	4.004278e-02	
60.000000	12.000000	281.669869	178.590557	5.764908e-01	2.795910e-02	4.318674e+02	3.954177e-02	
60.000000	16.000000	266.131892	134.763585	6.296708e-01	3.178766e-02	4.330277e+02	4.152110e-02	
60.000000	20.000000	254.314271	152.101877	6.623285e-01	3.367217e-02	4.340748e+02	4.401398e-02	
60.000000	24.000000	244.906728	259.767522	6.032774e-01	2.965080e-02	4.348145e+02	3.971930e-02	
60.000000	28.000000	237.215848	850.101655	5.984407e-01	2.778870e-02	4.352156e+02	4.014748e-02	
60.000000	32.000000	229.631128	93.962547	6.314719e-01	3.446508e-02	4.354810e+02	4.352771e-02	
60.000000	36.000000	221.640426	218.162079	6.099295e-01	3.109399e-02	4.359592e+02	4.010355e-02	
60.000000	40.000000	214.243086	383.880107	6.170679e-01	3.419075e-02	4.363225e+02	4.149566e-02	
60.000000	44.000000	211.059409	9.543641	5.834185e-01	3.021047e-02	4.370570e+02	3.794046e-02	
60.000000	48.000000	210.796317	493.188700	5.611913e-01	2.716702e-02	4.374365e+02	3.804160e-02	
60.000000	52.000000	216.944650	40.056542	6.307301e-01	3.158833e-02	4.377855e+02	4.169764e-02	
60.000000	56.000000	229.708906	4.487077	6.224215e-01	2.896899e-02	4.375692e+02	4.215028e-02	
60.000000	60.000000	255.773869	58.762984	6.485031e-01	2.956491e-02	4.366669e+02	4.340737e-02	
0.000000	0.000000	297.587503	26.140935	6.112796e-01	2.886083e-02	4.345660e+02	4.115993e-02	
