0.000000	4.000000	139.197955	4.242612	5.313237e-01	3.232464e-02	1.809616e+02	3.565832e-02	
0.000000	8.000000	135.387958	22.423997	7.301896e+02	4.084449e+02	-3.051971e+02	1.040528e+03	
0.000000	12.000000	132.799378	3.662541	7.440895e+00	4.414436e+02	1.879791e+02	9.867311e+01	
0.000000	16.000000	132.797933	4.264554	4.476675e+02	3.179482e+02	-1.308987e+03	4.968754e+02	
0.000000	20.000000	133.337627	41.156534	6.083318e-01	2.946655e-02	1.811696e+02	4.087831e-02	
0.000000	24.000000	133.884123	3.414016	1.849277e+00	2.304673e+02	1.826158e+02	1.000000e+00	
0.000000	28.000000	134.837964	3.681482	5.666094e-01	2.565072e-02	1.812108e+02	3.850714e-02	
0.000000	32.000000	139.635170	1.799232	3.466243e+02	2.617619e+02	-7.231186e+02	2.740056e+02	
0.000000	36.000000	142.297694	70.411079	6.753119e+02	5.923482e+02	-1.075425e+03	1.164306e+03	
0.000000	40.000000	149.505383	3.316305	2.860562e+01	5.059439e+00	3.086979e+02	1.762974e+00	
0.000000	44.000000	153.295138	5.799762	5.408386e-01	2.630303e-02	4.453160e+02	3.629285e-02	
0.000000	48.000000	164.751796	5.064125	5.988173e-01	2.869078e-02	4.425581e+02	4.038147e-02	
0.000000	52.000000	153.311001	10.321397	6.849125e-01	3.394775e-02	4.371905e+02	4.593957e-02	
0.000000	56.000000	143.048702	5.835162	5.896020e-01	3.054809e-02	4.299272e+02	4.226736e-02	
0.000000	60.000000	134.545170	6.695730	5.950703e-01	2.571315e-02	4.247589e+02	4.345781e-02	
4.000000	0.000000	128.307903	6.424820	6.047133e-01	3.158465e-02	4.252933e+02	4.030674e-02	
4.000000	4.000000	139.037399	5.925685	8.779801e+02	8.323166e+02	2.589303e+03	1.259883e+03	
4.000000	8.000000	139.009185	4.292164	2.737093e+01	1.292136e+00	3.132290e+02	4.907205e-01	
4.000000	12.000000	137.077965	51.975894	5.479158e-01	4.433292e-02	1.809723e+02	4.229399e-02	
4.000000	16.000000	133.479843	4.246694	4.890814e-01	3.372989e-02	1.810163e+02	3.250784e-02	
4.000000	20.000000	132.936799	3.513127	5.513343e-01	2.809825e-02	1.811380e+02	4.145793e-02	
4.000000	24.000000	134.755688	4.147341	6.749127e+00	2.534688e+02	1.999831e+02	2.656926e+00	
4.000000	28.000000	139.203356	3.187518	4.819243e-01	3.659239e-02	1.809878e+02	3.238955e-02	
4.000000	32.000000	139.118347	4.668202	5.231432e-01	3.056409e-02	1.810798e+02	3.403747e-02	
4.000000	36.000000	145.199421	2.579389	4.837509e-01	3.106785e-02	1.811296e+02	3.065530e-02	
4.000000	40.000000	150.132719	2.791139	2.147015e+01	5.400625e-01	3.176154e+02	7.365716e-01	
4.000000	44.000000	154.463095	7.022058	6.095810e-01	2.900347e-02	4.454381e+02	4.112290e-02	
4.000000	48.000000	165.804215	4.171842	6.376642e-01	3.023070e-02	4.428407e+02	4.294239e-02	
4.000000	52.000000	159.555606	10.938178	6.475918e-01	3.342914e-02	4.379964e+02	4.444139e-02	
4.000000	56.000000	147.051705	5.302217	6.333374e-01	3.794794e-02	4.309673e+02	5.251552e-02	
4.000000	60.000000	134.890323	265.329768	6.342666e-01	3.079445e-02	4.248952e+02	4.258933e-02	
8.000000	0.000000	134.543280	4.903911	5.895541e-01	3.109851e-02	4.252422e+02	3.901149e-02	
8.000000	4.000000	138.814613	5.760233	2.725813e+01	1.466664e+00	3.058963e+02	1.304421e+00	
8.000000	8.000000	137.400161	12.646235	8.773240e+01	8.815867e+01	2.648907e+02	9.967516e+01	
8.000000	12.000000	138.545000	3.850730	3.058863e+01	6.083322e+00	3.050467e+02	2.935882e+00	
8.000000	16.000000	140.638948	3.605942	5.232503e+02	2.370509e+02	1.942412e+03	1.407504e+03	
8.000000	20.000000	145.957511	53.365522	5.874026e+02	5.995853e+02	2.001345e+03	1.823602e+03	
8.000000	24.000000	139.155259	3.014577	2.109861e+01	2.903079e-01	3.103622e+02	5.190462e-01	
8.000000	28.000000	139.207233	2.429398	7.476034e+02	4.181423e+02	2.278211e+03	1.171846e+01	
8.000000	32.000000	139.198532	3.073603	6.738836e+02	4.544646e+02	1.888766e+03	8.240198e+02	
8.000000	36.000000	145.299216	3.196215	8.534765e+02	4.273257e+02	1.071192e+02	7.757025e+02	
8.000000	40.000000	149.494540	5.280604	1.993275e+01	2.765517e-01	3.152788e+02	4.448194e-01	
8.000000	44.000000	157.564613	12.246868	5.811169e-01	2.793305e-02	4.455188e+02	3.981678e-02	
8.000000	48.000000	166.444018	6.715267	6.199870e-01	3.153480e-02	4.431429e+02	4.088411e-02	
8.000000	52.000000	159.889018	7.145688	6.171880e-01	2.669145e-02	4.386005e+02	4.008735e-02	
8.000000	56.000000	151.730706	605.487916	6.315770e-01	2.795712e-02	4.314028e+02	4.326434e-02	
8.000000	60.000000	140.804138	7.325070	6.188895e-01	3.070816e-02	4.248879e+02	4.072564e-02	
12.000000	0.000000	134.554881	5.523811	6.059211e-01	3.304359e-02	4.252658e+02	4.053499e-02	
12.000000	4.000000	139.118086	960.895246	4.582377e+02	2.299941e+02	-1.129778e+03	1.389906e+03	
12.000000	8.000000	136.570850	5.060207	1.275291e+03	9.325623e+02	4.447115e+02	2.266012e+03	
12.000000	12.000000	138.119414	19.221580	7.395833e+02	5.264480e+02	2.261159e+03	3.157666e+03	
12.000000	16.000000	138.429150	3.856116	9.367396e+01	9.670162e+01	2.487382e+02	1.363382e+02	
12.000000	20.000000	138.522404	3.070292	4.073223e+02	1.168920e+02	-1.145198e+03	7.282384e+02	
12.000000	24.000000	138.833572	3.567698	5.669708e+02	1.425895e+02	-1.536830e+03	1.000784e+03	
12.000000	28.000000	139.025280	151.157248	1.117734e+03	9.360607e+02	5.540470e+01	8.908792e+02	
12.000000	32.000000	139.503757	5.271468	2.869327e+01	1.726102e+00	3.068753e+02	1.537285e+00	
12.000000	36.000000	145.449741	3.979631	2.197588e+01	3.755631e-01	3.132821e+02	3.967661e-01	
12.000000	40.000000	149.380586	4.901518	1.308350e+03	1.287757e+03	-2.670016e+02	1.133750e+04	
12.000000	44.000000	158.773872	5.352172	5.987086e-01	2.973075e-02	4.453258e+02	3.994343e-02	
12.000000	48.000000	171.319103	8.567733	6.273432e-01	3.130097e-02	4.431445e+02	4.129207e-02	
12.000000	52.000000	165.804616	4.260133	6.614807e-01	3.126090e-02	4.388289e+02	4.674208e-02	
12.000000	56.000000	153.299821	6.859368	5.403552e-01	3.901945e-02	4.320861e+02	3.999561e-02	
12.000000	60.000000	141.108627	9.426420	5.969650e-01	3.017525e-02	4.253918e+02	4.002626e-02	
16.000000	0.000000	135.772777	861.651076	6.154287e-01	3.382873e-02	4.246658e+02	4.253764e-02	
16.000000	4.000000	142.638864	4.922193	6.763484e+02	3.146973e+02	2.531910e+03	2.047067e+03	
16.000000	8.000000	141.059138	120.527136	1.985449e+01	3.433260e-01	3.147697e+02	6.156358e-01	
16.000000	12.000000	134.888857	4.649662	6.631784e+02	3.160958e+02	1.740939e+03	1.224140e+03	
16.000000	16.000000	138.211940	4.401238	1.299964e+03	6.536445e+02	1.509849e+03	1.446854e+03	
16.000000	20.000000	138.091437	4.814304	2.147477e+01	3.679614e-01	3.113555e+02	5.421747e-01	
16.000000	24.000000	138.476359	4.028554	3.618965e+01	5.521952e+00	3.150791e+02	8.806764e-01	
16.000000	28.000000	138.357702	3.535437	9.829570e-01	2.408252e+00	4.469232e+02	4.522150e+00	
16.000000	32.000000	145.458840	79.484863	2.859567e+01	3.524653e+00	3.204405e+02	2.004780e+00	
16.000000	36.000000	145.381841	2.967639	1.892452e+01	3.151598e-01	3.132691e+02	5.115372e-01	
16.000000	40.000000	149.900161	3.602601	2.340804e+01	9.098036e-01	3.103043e+02	8.754787e-01	
16.000000	44.000000	159.736147	6.557987	2.636238e+00	1.428015e+02	4.512673e+02	2.094648e+02	
16.000000	48.000000	172.051713	7.369818	6.068612e-01	2.609427e-02	4.436793e+02	4.169300e-02	
16.000000	52.000000	172.053387	7.839164	5.603420e-01	3.352857e-02	4.398792e+02	5.287862e-02	
16.000000	56.000000	159.575744	8.826374	6.141319e-01	2.879678e-02	4.334298e+02	4.137822e-02	
16.000000	60.000000	147.055353	7.057877	5.607396e-01	2.614697e-02	4.263244e+02	3.762068e-02	
20.000000	0.000000	140.806302	6.020554	6.814682e-01	3.124050e-02	4.247268e+02	4.839254e-02	
20.000000	4.000000	142.416428	9.185717	2.072751e+01	6.716561e-01	3.160620e+02	8.129994e-01	
20.000000	8.000000	142.245120	5.780059	8.579508e+02	7.646118e+02	2.987494e+03	2.120157e+03	
20.000000	12.000000	142.452453	4.146352	5.255559e+02	1.596170e+02	2.244751e+03	9.330063e+02	
20.000000	16.000000	140.542358	1085.232250	2.741248e+01	1.402506e+00	3.074681e+02	1.397507e+00	
20.000000	20.000000	139.423987	65.964091	1.190587e+03	7.999708e+02	-2.183831e+01	9.224897e+02	
20.000000	24.000000	139.922901	73.921487	2.417937e+01	9.066652e-01	3.082475e+02	8.642328e-01	
20.000000	28.000000	145.291094	3.996035	1.085616e+03	9.181397e+02	-6.725991e+02	2.634480e+03	
20.000000	32.000000	145.535919	4.019730	4.997206e+02	2.032545e+02	1.976601e+03	1.247298e+03	
20.000000	36.000000	152.912795	4.119322	5.048440e-01	3.178279e-02	1.808381e+02	3.470905e-02	
20.000000	40.000000	158.035686	72.703171	4.129376e+01	6.740199e+00	3.269696e+02	5.114584e+00	
20.000000	44.000000	159.954003	11.151233	5.426070e-01	3.004931e-02	4.459454e+02	3.695605e-02	
20.000000	48.000000	172.055869	8.024887	5.862459e-01	2.991350e-02	4.440338e+02	3.817001e-02	
20.000000	52.000000	172.695556	10.747210	6.265667e-01	3.396480e-02	4.405523e+02	4.324180e-02	
20.000000	56.000000	163.522404	1117.109516	6.828482e-01	3.325868e-02	4.341779e+02	5.210446e-02	
20.000000	60.000000	152.452147	5.635621	5.726838e-01	3.010342e-02	4.271878e+02	3.760610e-02	
24.000000	0.000000	141.255756	7.391457	6.187523e-01	3.378373e-02	4.245638e+02	4.179887e-02	
24.000000	4.000000	146.163731	6.159267	7.032093e+02	2.433549e+02	2.633304e+03	1.480235e+03	
24.000000	8.000000	142.043213	5.995373	2.935789e+02	2.582810e+02	1.156208e+03	7.295748e+02	
24.000000	12.000000	142.081148	18.953138	1.804696e+01	2.384615e-01	3.132463e+02	4.551365e-01	
24.000000	16.000000	142.397719	3.478809	6.085231e+02	2.022725e+02	2.510693e+03	1.255447e+03	
24.000000	20.000000	142.944219	3.514538	6.575953e+02	3.379593e+02	2.499853e+03	2.133685e+03	
24.000000	24.000000	143.520157	3.702251	9.939105e+02	1.081363e+03	2.959787e+03	7.855063e+03	
24.000000	28.000000	143.947726	4.852066	2.346616e+01	9.019925e-01	3.106201e+02	6.687519e-01	
24.000000	32.000000	144.972212	4.011741	2.000134e+01	2.139526e-01	3.120058e+02	4.010440e-01	
24.000000	36.000000	151.679020	3.783784	1.998828e+01	2.933358e-01	3.102457e+02	4.415178e-01	
24.000000	40.000000	156.382719	4.127324	1.302735e+03	1.193739e+03	-1.480726e+03	3.390760e+04	
24.000000	44.000000	160.390636	4.428501	5.497847e-01	3.194952e-02	4.459547e+02	4.057571e-02	
24.000000	48.000000	173.413303	948.708345	5.669640e-01	2.575711e-02	4.442553e+02	3.820139e-02	
24.000000	52.000000	178.297839	5.854390	6.566801e-01	4.157818e-02	4.410884e+02	4.998547e-02	
24.000000	56.000000	165.795171	10.484192	6.689479e-01	3.784452e-02	4.352695e+02	4.509026e-02	
24.000000	60.000000	154.029325	9.658975	6.167957e-01	2.908669e-02	4.284589e+02	4.105127e-02	
28.000000	0.000000	147.057911	7.738233	5.809643e-01	2.805905e-02	4.245608e+02	3.970287e-02	
28.000000	4.000000	147.358265	18.780090	2.461551e+02	2.351790e+02	1.039546e+03	1.471756e+02	
28.000000	8.000000	147.575442	5.689017	5.389469e-01	2.479368e-02	4.453634e+02	3.669610e-02	
28.000000	12.000000	144.011687	23.871461	2.202500e+00	1.012556e+02	4.493491e+02	6.847073e+01	
28.000000	16.000000	142.084131	4.804946	6.322988e-01	2.824971e-02	4.456097e+02	4.421184e-02	
28.000000	20.000000	142.050259	5.579329	2.320386e+01	1.382361e+00	3.144523e+02	6.774708e-01	
28.000000	24.000000	142.575132	4.300648	1.228852e+03	1.061121e+03	2.209485e+03	1.540044e+03	
28.000000	28.000000	142.682682	5.374644	2.146504e+01	5.800846e-01	3.127232e+02	5.184624e-01	
28.000000	32.000000	150.969454	26.454842	3.301534e+01	3.463419e+00	3.030504e+02	2.512375e+00	
28.000000	36.000000	151.052567	4.485197	7.598762e+02	9.389818e+02	2.151201e+03	3.188936e+03	
28.000000	40.000000	156.332954	6.165659	8.412907e+02	1.081830e+03	-1.606814e+03	5.521707e+03	
28.000000	44.000000	162.544982	1115.479169	3.115563e+02	6.823554e+01	1.512368e+03	3.950400e+02	
28.000000	48.000000	177.435316	8.400552	5.105387e-01	2.811289e-02	4.441256e+02	3.318344e-02	
28.000000	52.000000	184.552539	6.341599	6.420561e-01	2.897275e-02	4.414354e+02	4.410337e-02	
28.000000	56.000000	172.049418	8.980929	6.154018e-01	3.619557e-02	4.362435e+02	4.195805e-02	
28.000000	60.000000	159.555573	6.937966	6.172612e-01	3.330377e-02	4.293816e+02	4.257261e-02	
32.000000	0.000000	150.905096	1129.230743	6.348194e-01	3.395674e-02	4.242204e+02	4.235554e-02	
32.000000	4.000000	150.505460	1081.120942	6.218186e-01	3.091383e-02	4.450653e+02	4.232011e-02	
32.000000	8.000000	147.466504	7.025765	1.741480e+02	1.047422e+02	6.251795e+02	1.248022e+02	
32.000000	12.000000	147.057881	21.133488	5.709750e-01	3.018700e-02	4.452525e+02	3.788579e-02	
32.000000	16.000000	147.694103	5.007104	3.009926e+02	2.598371e+02	9.120412e+02	2.353166e+02	
32.000000	20.000000	146.146764	4.671048	3.346079e+00	1.529221e+02	4.387123e+02	2.009073e+02	
32.000000	24.000000	146.914524	4.113679	2.911321e+00	3.562502e+02	4.389627e+02	3.895211e+02	
32.000000	28.000000	148.611950	4.111111	5.910135e-01	3.135312e-02	4.458629e+02	4.453154e-02	
32.000000	32.000000	149.436881	6.800292	1.311232e+03	1.204286e+03	2.921862e+03	1.355049e+03	
32.000000	36.000000	153.883169	117.954473	7.912158e+02	1.043538e+03	-1.898466e+03	6.578900e+03	
32.000000	40.000000	156.492334	5.761791	4.864975e+02	4.003416e+02	-1.016549e+03	2.263466e+03	
32.000000	44.000000	167.134828	6.217958	6.060972e-01	2.853369e-02	4.456523e+02	4.295341e-02	
32.000000	48.000000	178.298498	11.804845	6.206931e-01	3.354162e-02	4.444004e+02	4.282417e-02	
32.000000	52.000000	190.814436	11.032398	5.554936e-01	2.944594e-02	4.419249e+02	3.865742e-02	
32.000000	56.000000	178.305461	10.039437	6.344560e-01	3.197359e-02	4.370478e+02	4.190515e-02	
32.000000	60.000000	165.800126	5.971395	6.157735e-01	3.239002e-02	4.304482e+02	4.227507e-02	
36.000000	0.000000	153.303147	6.559840	6.055234e-01	2.960733e-02	4.241979e+02	4.000515e-02	
36.000000	4.000000	153.305590	11.625829	6.049850e-01	2.793567e-02	4.448035e+02	4.157972e-02	
36.000000	8.000000	153.297430	8.282517	6.682292e-01	4.030702e-02	4.444656e+02	4.688335e-02	
36.000000	12.000000	151.275945	855.622264	6.345536e-01	3.211659e-02	4.446978e+02	4.231152e-02	
36.000000	16.000000	147.346679	5.612264	3.239880e+00	1.431132e+02	4.519974e+02	1.679366e+02	
36.000000	20.000000	147.052658	6.247749	5.935079e-01	3.074583e-02	4.452471e+02	3.933750e-02	
36.000000	24.000000	148.328779	6.332204	2.621778e+02	7.278024e+01	8.831727e+02	2.693564e+02	
36.000000	28.000000	148.412355	4.933832	6.096438e+02	2.210022e+02	2.262597e+03	1.441707e+03	
36.000000	32.000000	147.124155	63.451389	1.255567e+03	1.127328e+03	-1.660744e+02	1.481729e+03	
36.000000	36.000000	157.030155	5.862306	2.263263e+01	8.279837e-01	3.096002e+02	6.149020e-01	
36.000000	40.000000	162.655488	4.690646	5.111270e+01	1.561258e+01	2.919504e+02	1.325991e+01	
36.000000	44.000000	167.159971	4.745246	7.546237e+02	7.620702e+02	2.745131e+03	2.433758e+03	
36.000000	48.000000	178.308696	7.556127	5.938785e-01	2.881909e-02	4.447288e+02	3.944039e-02	
36.000000	52.000000	197.045952	8.875431	5.765769e-01	2.814899e-02	4.424827e+02	3.920106e-02	
36.000000	56.000000	185.756902	836.291034	6.146135e-01	3.367068e-02	4.382034e+02	4.113351e-02	
36.000000	60.000000	172.606841	131.610511	6.545375e-01	3.253895e-02	4.319428e+02	4.441487e-02	
40.000000	0.000000	159.560519	6.238227	5.918196e-01	3.131097e-02	4.250264e+02	3.949878e-02	
40.000000	4.000000	159.552713	10.300188	6.367569e-01	2.829715e-02	4.444174e+02	4.360235e-02	
40.000000	8.000000	157.929020	15.173410	6.005911e-01	2.947435e-02	4.443076e+02	4.000371e-02	
40.000000	12.000000	153.741395	7.228023	5.679826e-01	2.755987e-02	4.444704e+02	3.844145e-02	
40.000000	16.000000	153.757326	8.610075	1.729995e+02	9.368831e+01	4.126458e+02	1.399833e+02	
40.000000	20.000000	153.291625	5.163870	4.776344e-01	3.267376e-02	4.449820e+02	2.929065e-02	
40.000000	24.000000	152.166319	192.458059	6.429574e-01	3.494156e-02	4.453860e+02	4.331291e-02	
40.000000	28.000000	153.781121	4.806031	5.830881e-01	2.917295e-02	4.454170e+02	4.083747e-02	
40.000000	32.000000	154.532520	40.019978	2.065975e+01	3.096358e-01	3.130471e+02	4.342202e-01	
40.000000	36.000000	156.603535	42.399120	4.900367e+02	3.494514e+02	-1.077156e+03	1.978495e+03	
40.000000	40.000000	162.589713	4.690066	4.602141e+02	2.453224e+02	-1.224878e+03	1.638210e+03	
40.000000	44.000000	172.146592	6.671960	3.263855e+01	5.786912e+00	3.101254e+02	2.070450e+00	
40.000000	48.000000	183.642208	6.550743	5.837083e-01	3.724177e-02	4.450077e+02	4.659172e-02	
40.000000	52.000000	198.507202	973.691009	5.554782e-01	3.050967e-02	4.430171e+02	3.632920e-02	
40.000000	56.000000	197.055020	12.450267	6.503900e-01	4.308972e-02	4.392068e+02	4.710609e-02	
40.000000	60.000000	183.705137	6.540291	5.860319e-01	2.993273e-02	4.330381e+02	3.813248e-02	
44.000000	0.000000	170.120739	6.457632	6.550328e-01	3.492092e-02	4.262521e+02	4.375067e-02	
44.000000	4.000000	165.801776	12.402629	6.082753e-01	3.021781e-02	4.439422e+02	4.028757e-02	
44.000000	8.000000	161.594898	1023.586432	5.632147e-01	2.801680e-02	4.438782e+02	3.761850e-02	
44.000000	12.000000	159.558091	23.493939	6.102848e-01	2.972863e-02	4.441079e+02	4.066346e-02	
44.000000	16.000000	158.415942	6.865806	6.182547e-01	2.923085e-02	4.444772e+02	4.111953e-02	
44.000000	20.000000	156.605463	12.664752	5.435396e-01	2.858693e-02	4.448687e+02	3.518300e-02	
44.000000	24.000000	154.897719	9.113417	6.035265e-01	3.054610e-02	4.449872e+02	3.974616e-02	
44.000000	28.000000	155.538060	191.249650	2.458747e+02	1.832371e+02	6.240422e+02	1.846855e+02	
44.000000	32.000000	159.441549	5.233048	6.439659e-01	3.149642e-02	4.455646e+02	4.667177e-02	
44.000000	36.000000	161.735648	7.799587	1.118475e+03	1.075571e+03	3.692723e+03	3.346366e+03	
44.000000	40.000000	168.488314	6.646294	1.323534e+03	1.002154e+03	3.140705e+02	1.324698e+03	
44.000000	44.000000	173.332526	6.000788	2.037538e+01	3.998841e-01	3.116011e+02	4.869857e-01	
44.000000	48.000000	184.555614	8.462174	5.932792e-01	2.959795e-02	4.451839e+02	3.902995e-02	
44.000000	52.000000	203.301177	10.020207	5.795059e-01	2.702532e-02	4.433763e+02	3.896841e-02	
44.000000	56.000000	205.418916	11.046843	6.267545e-01	3.131029e-02	4.399481e+02	4.121157e-02	
44.000000	60.000000	190.804138	9.385131	5.654328e-01	2.791761e-02	4.343357e+02	3.783408e-02	
48.000000	0.000000	178.293409	8.152470	5.713983e-01	2.724876e-02	4.276287e+02	3.843248e-02	
48.000000	4.000000	172.059804	23.429210	5.768788e-01	2.863769e-02	4.433728e+02	3.879994e-02	
48.000000	8.000000	170.450989	9.290973	5.782807e-01	3.035428e-02	4.432197e+02	3.818073e-02	
48.000000	12.000000	167.047401	9.894330	5.421861e-01	2.473510e-02	4.436039e+02	3.720289e-02	
48.000000	16.000000	164.968342	13.267788	5.884965e-01	2.772509e-02	4.438031e+02	3.930153e-02	
48.000000	20.000000	163.227917	141.792489	5.907273e-01	3.092325e-02	4.443561e+02	3.969829e-02	
48.000000	24.000000	161.057958	103.249683	5.938785e-01	2.881909e-02	4.447288e+02	3.944039e-02	
48.000000	28.000000	160.857531	28.440096	6.264912e-01	3.008157e-02	4.451477e+02	4.180978e-02	
48.000000	32.000000	162.019202	1035.819802	5.891998e-01	3.075614e-02	4.454422e+02	4.013611e-02	
48.000000	36.000000	167.038233	6.986920	7.280316e+02	7.288945e+02	2.147345e+03	7.100406e+02	
48.000000	40.000000	172.745360	170.175556	7.595705e+02	3.197854e+02	2.857405e+03	2.069789e+03	
48.000000	44.000000	179.861950	7.242474	4.437512e+02	1.222003e+02	2.025178e+03	8.368416e+02	
48.000000	48.000000	190.797641	5.654425	5.481362e-01	2.852837e-02	4.451832e+02	3.576555e-02	
48.000000	52.000000	208.743662	8.941402	6.083837e-01	3.100543e-02	4.440688e+02	3.995195e-02	
48.000000	56.000000	219.903886	9.113068	6.095648e-01	3.043412e-02	4.411549e+02	4.011373e-02	
48.000000	60.000000	204.145050	10.348991	6.512667e-01	3.506729e-02	4.361643e+02	4.369817e-02	
52.000000	0.000000	190.798363	11.420979	6.176085e-01	3.164334e-02	4.295996e+02	4.147262e-02	
52.000000	4.000000	185.042054	29.756177	6.030854e-01	3.196922e-02	4.430913e+02	4.003433e-02	
52.000000	8.000000	182.602281	30.309780	5.319840e-01	3.997502e-02	4.429369e+02	5.304198e-02	
52.000000	12.000000	178.300649	38.687424	6.041890e-01	3.218346e-02	4.429842e+02	4.233575e-02	
52.000000	16.000000	174.661385	1018.628611	6.245239e-01	3.394662e-02	4.435947e+02	4.304230e-02	
52.000000	20.000000	172.575347	35.866137	5.934634e-01	3.005341e-02	4.440553e+02	3.872529e-02	
52.000000	24.000000	172.053784	31.370770	5.820744e-01	2.761930e-02	4.444319e+02	3.929464e-02	
52.000000	28.000000	170.978346	8.050981	5.760456e-01	2.780242e-02	4.448593e+02	3.905965e-02	
52.000000	32.000000	170.837627	7.849401	6.154287e-01	3.382921e-02	4.453342e+02	4.253885e-02	
52.000000	36.000000	172.636824	192.761212	2.464186e+02	2.371503e+02	1.044014e+03	1.969364e+02	
52.000000	40.000000	177.566493	67.986870	5.246090e+02	1.435558e+02	2.273235e+03	9.696387e+02	
52.000000	44.000000	185.630026	6.467162	8.670346e+02	7.897697e+02	-2.067514e+03	1.047375e+03	
52.000000	48.000000	195.558010	5.943206	6.004250e-01	3.437682e-02	4.457627e+02	4.147962e-02	
52.000000	52.000000	213.992799	15.472302	5.845308e-01	2.687768e-02	4.443542e+02	3.926947e-02	
52.000000	56.000000	234.586515	16.816634	5.794382e-01	2.827817e-02	4.422256e+02	3.828751e-02	
52.000000	60.000000	222.055344	9.374966	6.105401e-01	3.134898e-02	4.379824e+02	4.058483e-02	
56.000000	0.000000	207.956868	8.685101	6.290100e-01	3.304227e-02	4.318073e+02	4.180127e-02	
56.000000	4.000000	211.610264	946.096914	5.777374e-01	3.006357e-02	4.421982e+02	3.792597e-02	
56.000000	8.000000	207.641563	30.543118	5.800662e-01	3.587501e-02	4.420094e+02	4.456989e-02	
56.000000	12.000000	203.337222	32.452921	5.551852e-01	3.019188e-02	4.422460e+02	3.690002e-02	
56.000000	16.000000	198.458701	29.569353	6.339929e-01	3.097417e-02	4.429104e+02	4.320752e-02	
56.000000	20.000000	193.520157	64.406489	6.099975e-01	3.249494e-02	4.433548e+02	4.093095e-02	
56.000000	24.000000	191.550976	10.315824	5.697595e-01	2.688644e-02	4.435658e+02	3.904065e-02	
56.000000	28.000000	187.270156	1000.470271	6.271386e-01	3.124788e-02	4.439525e+02	4.123669e-02	
56.000000	32.000000	185.052192	19.965637	6.344081e-01	3.043969e-02	4.446531e+02	4.251359e-02	
56.000000	36.000000	184.559380	8.989537	6.151270e-01	3.128841e-02	4.451906e+02	4.062816e-02	
56.000000	40.000000	186.562270	994.839956	5.954759e-01	2.859286e-02	4.455537e+02	4.017335e-02	
56.000000	44.000000	191.974831	9.056314	6.218896e-01	2.988411e-02	4.456835e+02	4.177923e-02	
56.000000	48.000000	203.802576	42.652119	5.760288e-01	2.887012e-02	4.453062e+02	3.848133e-02	
56.000000	52.000000	222.046985	11.453614	5.887995e-01	2.887741e-02	4.444718e+02	4.034371e-02	
56.000000	56.000000	247.052560	20.368341	5.990298e-01	3.152817e-02	4.426552e+02	4.111940e-02	
56.000000	60.000000	251.601231	911.133195	6.174636e-01	2.621728e-02	4.393221e+02	4.288521e-02	
60.000000	0.000000	234.552058	18.036578	5.265881e-01	3.475574e-02	4.339349e+02	4.473404e-02	
60.000000	4.000000	334.968713	791.960653	6.073964e-01	3.196442e-02	4.407910e+02	4.027130e-02	
60.000000	8.000000	322.994155	756.772664	6.507818e-01	3.295180e-02	4.409107e+02	4.751447e-02	
60.000000	12.000000	306.231132	239.803101	6.265482e-01	2.875664e-02	4.412844e+02	4.227914e-02	
60.000000	16.000000	289.466116	755.583671	6.120599e-01	3.092558e-02	4.419956e+02	4.033130e-02	
60.000000	20.000000	274.878610	787.375711	5.850164e-01	2.654622e-02	4.426627e+02	3.923833e-02	
60.000000	24.000000	264.425951	779.624244	5.780057e-01	3.411196e-02	4.430703e+02	4.018538e-02	
60.000000	28.000000	252.819716	170.433786	5.857751e-01	2.872604e-02	4.434343e+02	4.012005e-02	
60.000000	32.000000	238.915267	809.813994	5.943523e-01	3.030507e-02	4.440318e+02	3.873874e-02	
60.000000	36.000000	227.165838	230.383716	6.197791e-01	3.024859e-02	4.444515e+02	4.142446e-02	
60.000000	40.000000	220.291094	56.897349	5.800662e-01	3.587503e-02	4.450094e+02	4.456991e-02	
60.000000	44.000000	219.530177	64.837097	5.756034e-01	3.173412e-02	4.452304e+02	3.833687e-02	
60.000000	48.000000	225.016645	985.743879	6.228287e-01	2.966462e-02	4.452014e+02	4.144326e-02	
60.000000	52.000000	239.851709	36.156103	6.385313e-01	3.621485e-02	4.446104e+02	4.439969e-02	
60.000000	56.000000	265.804263	27.780548	6.451902e-01	2.975054e-02	4.433265e+02	4.381396e-02	
60.000000	60.000000	300.856068	1044.918854	5.816413e-01	3.551824e-02	4.410695e+02	4.164906e-02	
0.000000	0.000000	291.500398	22.100934	7.032788e-01	3.520593e-02	4.370914e+02	4.757950e-02	
