0.000000	4.000000	151.314613	93.574830	5.240552e-01	3.119985e-02	4.430862e+02	3.346169e-02	
0.000000	8.000000	147.054264	2.837963	5.995533e-01	3.166747e-02	4.430438e+02	4.000745e-02	
0.000000	12.000000	147.042936	4.433128	5.956268e-01	3.005757e-02	4.434409e+02	4.045991e-02	
0.000000	16.000000	142.660638	34.368706	6.005394e-01	3.390192e-02	4.437449e+02	4.148432e-02	
0.000000	20.000000	140.797743	15.903190	5.579867e-01	3.388703e-02	4.438477e+02	3.769873e-02	
0.000000	24.000000	140.805836	148.232643	5.502644e-01	2.594435e-02	4.437950e+02	3.705125e-02	
0.000000	28.000000	140.803391	2.067972	5.793613e-01	3.170746e-02	4.439530e+02	4.232793e-02	
0.000000	32.000000	140.798046	1.800806	4.805626e-01	3.280029e-02	4.440764e+02	2.932432e-02	
0.000000	36.000000	140.805419	4.662639	5.517674e-01	2.686656e-02	4.443213e+02	3.760362e-02	
0.000000	40.000000	144.736854	30.120482	5.731348e-01	2.739422e-02	4.446138e+02	3.861676e-02	
0.000000	44.000000	148.487650	55.474116	5.090864e-01	2.660244e-02	4.447919e+02	3.356706e-02	
0.000000	48.000000	159.554164	30.710526	5.252015e-01	2.295402e-02	4.446061e+02	3.637559e-02	
0.000000	52.000000	178.322781	5.420185	5.659473e-01	2.730638e-02	4.433685e+02	3.868243e-02	
0.000000	56.000000	190.803559	4.837586	6.106765e-01	3.024198e-02	4.399174e+02	4.191924e-02	
0.000000	60.000000	178.301043	8.590541	5.497708e-01	2.849547e-02	4.341790e+02	3.586541e-02	
4.000000	0.000000	165.808794	5.432077	5.482235e-01	2.678110e-02	4.296883e+02	3.733360e-02	
4.000000	4.000000	153.302079	6.366311	5.686514e-01	3.158559e-02	4.428599e+02	5.173115e-02	
4.000000	8.000000	151.586697	806.239975	5.295357e-01	2.920502e-02	4.429076e+02	3.382094e-02	
4.000000	12.000000	147.055772	3.305721	6.162191e-01	3.523391e-02	4.432769e+02	4.288146e-02	
4.000000	16.000000	146.162255	2.372301	5.734953e-01	2.703746e-02	4.435094e+02	3.931539e-02	
4.000000	20.000000	142.210619	130.720912	5.891821e-01	3.007625e-02	4.436408e+02	4.033554e-02	
4.000000	24.000000	140.804593	2.540760	5.591337e-01	2.622944e-02	4.436083e+02	3.829688e-02	
4.000000	28.000000	140.800904	75.564582	5.062096e-01	3.495636e-02	4.439017e+02	3.244672e-02	
4.000000	32.000000	140.805591	2.224517	5.653641e-01	2.986508e-02	4.439415e+02	3.655370e-02	
4.000000	36.000000	141.318312	109.430311	4.992307e-01	2.886541e-02	4.441166e+02	3.185053e-02	
4.000000	40.000000	147.057876	1.302314	5.620307e-01	2.604915e-02	4.444340e+02	3.855377e-02	
4.000000	44.000000	151.615171	32.790064	5.608558e-01	2.741993e-02	4.443357e+02	3.825576e-02	
4.000000	48.000000	159.550421	2.228623	5.296221e-01	2.259640e-02	4.444806e+02	3.685453e-02	
4.000000	52.000000	178.305012	5.245220	4.761396e-01	2.905903e-02	4.431724e+02	3.184527e-02	
4.000000	56.000000	191.325362	164.240897	5.854037e-01	2.857537e-02	4.402527e+02	3.878146e-02	
4.000000	60.000000	183.558658	7.046693	6.056762e-01	3.011223e-02	4.348627e+02	3.980690e-02	
8.000000	0.000000	172.043634	5.694919	5.690820e-01	2.658711e-02	4.296198e+02	3.834309e-02	
8.000000	4.000000	153.800681	5.014891	5.843603e-01	3.633323e-02	4.428511e+02	4.061454e-02	
8.000000	8.000000	153.303628	6.028746	5.670309e-01	3.004909e-02	4.427382e+02	3.851427e-02	
8.000000	12.000000	148.458906	68.881745	5.216320e-01	3.077134e-02	4.429639e+02	3.305390e-02	
8.000000	16.000000	147.055437	209.464255	5.507794e-01	2.461863e-02	4.434810e+02	3.794175e-02	
8.000000	20.000000	146.174652	2.419018	5.473017e-01	2.704655e-02	4.436938e+02	3.665048e-02	
8.000000	24.000000	143.158563	50.057763	5.542317e-01	2.580289e-02	4.436133e+02	3.798371e-02	
8.000000	28.000000	142.162354	15.193878	5.311300e-01	3.208303e-02	4.438471e+02	3.512966e-02	
8.000000	32.000000	142.343100	8.842229	5.119373e-01	2.975167e-02	4.439253e+02	3.496445e-02	
8.000000	36.000000	146.186195	1.893782	5.715765e-01	3.021534e-02	4.442710e+02	3.889538e-02	
8.000000	40.000000	147.053665	217.300531	5.358111e-01	2.374675e-02	4.444308e+02	3.683334e-02	
8.000000	44.000000	153.300079	1.871523	5.547304e-01	2.500035e-02	4.444953e+02	3.816980e-02	
8.000000	48.000000	159.955315	57.567668	5.535428e-01	2.483578e-02	4.445142e+02	3.801665e-02	
8.000000	52.000000	178.298868	7.590487	5.205987e-01	2.358193e-02	4.433452e+02	3.599208e-02	
8.000000	56.000000	197.051889	149.000978	5.777552e-01	2.835506e-02	4.407701e+02	3.816530e-02	
8.000000	60.000000	186.011881	109.602557	6.131761e-01	3.302951e-02	4.356371e+02	4.226609e-02	
12.000000	0.000000	172.055356	5.301008	5.242352e-01	3.583291e-02	4.299362e+02	3.629855e-02	
12.000000	4.000000	157.588782	107.027343	5.957989e-01	3.482086e-02	4.427903e+02	4.119577e-02	
12.000000	8.000000	153.299120	4.131434	5.963433e-01	3.137743e-02	4.426645e+02	4.090899e-02	
12.000000	12.000000	153.301895	3.899029	5.490903e-01	2.639335e-02	4.428360e+02	3.822455e-02	
12.000000	16.000000	148.316539	83.629122	5.415183e-01	2.549596e-02	4.433389e+02	3.705316e-02	
12.000000	20.000000	147.058505	216.837036	5.611783e-01	2.574686e-02	4.434670e+02	3.853690e-02	
12.000000	24.000000	147.056929	2.739501	5.415183e-01	2.549716e-02	4.436611e+02	3.705420e-02	
12.000000	28.000000	147.045137	2.456622	5.629954e-01	2.691858e-02	4.436269e+02	3.849860e-02	
12.000000	32.000000	146.190080	2.208769	5.297489e-01	2.637832e-02	4.437872e+02	3.505881e-02	
12.000000	36.000000	147.055755	2.658167	5.103554e-01	3.083279e-02	4.439963e+02	3.216642e-02	
12.000000	40.000000	147.048142	2.378822	5.958931e-01	2.983639e-02	4.444530e+02	4.084930e-02	
12.000000	44.000000	153.300918	20.112724	5.751793e-01	2.766936e-02	4.444155e+02	3.937687e-02	
12.000000	48.000000	163.499525	910.072425	4.979516e-01	2.645479e-02	4.442256e+02	3.375765e-02	
12.000000	52.000000	178.301983	6.048603	5.415801e-01	2.568570e-02	4.432947e+02	3.630256e-02	
12.000000	56.000000	197.586642	22.126655	5.609423e-01	3.793334e-02	4.410880e+02	3.868562e-02	
12.000000	60.000000	190.805431	6.809548	5.765533e-01	3.026099e-02	4.359914e+02	3.776635e-02	
16.000000	0.000000	178.311470	12.644199	5.158911e-01	2.891805e-02	4.301712e+02	3.328272e-02	
16.000000	4.000000	159.555753	40.954675	5.769197e-01	2.745879e-02	4.424884e+02	3.906568e-02	
16.000000	8.000000	157.859426	5.265780	6.066186e-01	3.148377e-02	4.424576e+02	4.096851e-02	
16.000000	12.000000	153.298714	3.759606	4.547586e-01	3.604996e-02	4.429457e+02	2.676814e-02	
16.000000	16.000000	152.447202	3.361198	5.397581e-01	4.843589e-02	4.430386e+02	4.157827e-02	
16.000000	20.000000	147.780440	2.899007	5.216586e-01	2.373881e-02	4.433476e+02	3.570140e-02	
16.000000	24.000000	147.055329	20.567225	5.472647e-01	2.562014e-02	4.436419e+02	3.747339e-02	
16.000000	28.000000	147.057326	199.533792	5.689156e-01	2.770334e-02	4.436361e+02	3.887297e-02	
16.000000	32.000000	147.055417	231.439899	4.864975e-01	3.099503e-02	4.438530e+02	3.175344e-02	
16.000000	36.000000	147.059691	2.322156	5.248181e-01	3.018909e-02	4.440159e+02	3.312925e-02	
16.000000	40.000000	150.831084	923.132311	5.935740e-01	2.774402e-02	4.442063e+02	3.973607e-02	
16.000000	44.000000	153.305056	2.782938	5.309335e-01	2.449437e-02	4.443423e+02	3.648540e-02	
16.000000	48.000000	164.949877	2.887256	5.194561e-01	2.696878e-02	4.441807e+02	3.409593e-02	
16.000000	52.000000	178.302136	4.369114	6.221958e-01	3.314489e-02	4.435189e+02	4.277013e-02	
16.000000	56.000000	202.424591	5.413312	5.278004e-01	2.931455e-02	4.411004e+02	3.367210e-02	
16.000000	60.000000	197.045328	11.289696	5.498889e-01	3.426346e-02	4.370899e+02	3.754040e-02	
20.000000	0.000000	183.698881	7.395677	5.485088e-01	2.971103e-02	4.310041e+02	3.510093e-02	
20.000000	4.000000	160.936219	72.501696	5.994177e-01	2.922108e-02	4.422940e+02	3.988410e-02	
20.000000	8.000000	159.553772	6.555461	5.618664e-01	2.925128e-02	4.422710e+02	3.813132e-02	
20.000000	12.000000	157.851232	42.466372	5.892581e-01	2.987899e-02	4.424555e+02	3.954163e-02	
20.000000	16.000000	153.306302	3.835909	6.107264e-01	3.725070e-02	4.427894e+02	4.279033e-02	
20.000000	20.000000	152.274159	2.974085	5.639732e-01	2.921050e-02	4.429373e+02	3.701659e-02	
20.000000	24.000000	149.917046	97.472856	5.378248e-01	2.759050e-02	4.432720e+02	3.576920e-02	
20.000000	28.000000	148.298410	351.217243	5.378033e-01	2.351885e-02	4.434473e+02	3.721331e-02	
20.000000	32.000000	148.419318	81.717028	5.553347e-01	2.639351e-02	4.436413e+02	3.796840e-02	
20.000000	36.000000	150.446453	950.804075	5.601662e-01	2.781560e-02	4.436839e+02	3.748006e-02	
20.000000	40.000000	153.305921	3.180945	4.866270e-01	3.355214e-02	4.440698e+02	3.010809e-02	
20.000000	44.000000	157.564613	28.842580	4.955793e-01	2.389273e-02	4.442884e+02	3.408158e-02	
20.000000	48.000000	165.801733	209.318976	5.747687e-01	2.963489e-02	4.440630e+02	3.729920e-02	
20.000000	52.000000	179.155317	6.313817	5.786711e-01	2.782163e-02	4.434437e+02	3.963638e-02	
20.000000	56.000000	203.307846	9.604079	5.474824e-01	2.426514e-02	4.414952e+02	3.776434e-02	
20.000000	60.000000	203.305812	13.856718	5.879721e-01	2.734469e-02	4.376133e+02	3.946099e-02	
24.000000	0.000000	189.052328	718.860712	6.091087e-01	3.134554e-02	4.314953e+02	4.174344e-02	
24.000000	4.000000	165.791801	25.598858	5.581611e-01	2.579010e-02	4.417968e+02	3.815734e-02	
24.000000	8.000000	162.946451	89.077690	6.355288e-01	4.249897e-02	4.418596e+02	4.731274e-02	
24.000000	12.000000	159.551539	140.258636	5.196099e-01	2.910128e-02	4.421630e+02	3.346544e-02	
24.000000	16.000000	157.155096	230.567232	5.797314e-01	2.754544e-02	4.425541e+02	3.919831e-02	
24.000000	20.000000	153.294483	3.633587	5.881926e-01	3.290024e-02	4.427578e+02	4.036600e-02	
24.000000	24.000000	153.343999	43.536770	5.398429e-01	3.195968e-02	4.430987e+02	3.525700e-02	
24.000000	28.000000	153.302124	3.486828	4.837368e-01	3.167954e-02	4.431340e+02	3.051516e-02	
24.000000	32.000000	152.213400	3.144170	5.159380e-01	2.441661e-02	4.433023e+02	3.546063e-02	
24.000000	36.000000	153.305157	3.462892	5.284134e-01	2.284289e-02	4.435726e+02	3.671395e-02	
24.000000	40.000000	153.299862	2.839846	5.048231e-01	3.361109e-02	4.440939e+02	3.234568e-02	
24.000000	44.000000	159.555732	3.449379	5.499549e-01	2.596502e-02	4.443537e+02	3.761743e-02	
24.000000	48.000000	165.798570	3.013016	5.348046e-01	2.775896e-02	4.442357e+02	3.526742e-02	
24.000000	52.000000	182.709225	175.364755	5.608235e-01	2.600846e-02	4.435754e+02	3.846590e-02	
24.000000	56.000000	203.310797	7.205065	5.206138e-01	3.441268e-02	4.419431e+02	4.245112e-02	
24.000000	60.000000	209.552080	7.329332	5.746774e-01	2.700544e-02	4.384084e+02	3.877625e-02	
28.000000	0.000000	192.893932	13.992779	5.501392e-01	2.486937e-02	4.324289e+02	3.784206e-02	
28.000000	4.000000	167.568618	7.210060	5.985304e-01	2.574703e-02	4.417288e+02	4.197577e-02	
28.000000	8.000000	165.798878	6.378698	5.642896e-01	2.676453e-02	4.415742e+02	3.852957e-02	
28.000000	12.000000	163.174343	91.694841	5.687457e-01	2.910172e-02	4.418953e+02	3.700179e-02	
28.000000	16.000000	159.542270	164.352366	5.296759e-01	2.285838e-02	4.424372e+02	3.679540e-02	
28.000000	20.000000	157.424868	41.019919	5.553347e-01	2.639351e-02	4.426413e+02	3.796840e-02	
28.000000	24.000000	154.570229	3.666888	5.242797e-01	3.083130e-02	4.428331e+02	3.457784e-02	
28.000000	28.000000	153.302218	3.746378	5.228190e-01	2.992293e-02	4.429643e+02	3.347960e-02	
28.000000	32.000000	153.296714	3.372186	5.633923e-01	2.841807e-02	4.432605e+02	3.731724e-02	
28.000000	36.000000	154.116438	3.543389	5.369810e-01	2.376993e-02	4.435862e+02	3.709683e-02	
28.000000	40.000000	156.869418	244.636094	5.651207e-01	2.575564e-02	4.437986e+02	3.941683e-02	
28.000000	44.000000	159.554653	3.480062	5.598328e-01	2.938393e-02	4.440998e+02	3.621416e-02	
28.000000	48.000000	167.844781	232.473012	5.082242e-01	3.030826e-02	4.441151e+02	3.208579e-02	
28.000000	52.000000	184.556007	4.307533	5.534949e-01	2.649304e-02	4.436323e+02	3.792070e-02	
28.000000	56.000000	204.070818	9.436150	5.796219e-01	2.919786e-02	4.421396e+02	3.790527e-02	
28.000000	60.000000	215.804136	20.349524	6.017991e-01	2.557720e-02	4.387288e+02	4.281880e-02	
32.000000	0.000000	201.236274	921.064409	4.643108e-01	3.225832e-02	4.331128e+02	2.862118e-02	
32.000000	4.000000	172.047131	8.806806	5.788845e-01	2.866087e-02	4.414061e+02	3.906928e-02	
32.000000	8.000000	170.320102	7.610921	6.059119e-01	3.011646e-02	4.412199e+02	4.004729e-02	
32.000000	12.000000	166.319542	5.205284	6.094571e-01	2.973555e-02	4.415298e+02	4.117095e-02	
32.000000	16.000000	163.522414	366.557953	6.065780e-01	3.218323e-02	4.419492e+02	4.423753e-02	
32.000000	20.000000	159.551278	120.311459	5.756033e-01	2.845469e-02	4.423734e+02	3.864184e-02	
32.000000	24.000000	158.340147	4.267879	6.526120e-01	3.932703e-02	4.426793e+02	4.607680e-02	
32.000000	28.000000	157.837649	3.815942	5.939471e-01	2.561434e-02	4.427202e+02	4.102812e-02	
32.000000	32.000000	157.941632	18.064591	5.465658e-01	2.946918e-02	4.429654e+02	3.511152e-02	
32.000000	36.000000	157.932352	25.842571	5.834219e-01	2.619143e-02	4.433102e+02	3.929077e-02	
32.000000	40.000000	159.554257	207.408127	5.636119e-01	2.899944e-02	4.437151e+02	3.830143e-02	
32.000000	44.000000	163.833577	857.167879	5.081319e-01	3.059797e-02	4.439417e+02	3.170348e-02	
32.000000	48.000000	172.054281	4.148776	5.654395e-01	2.793418e-02	4.441595e+02	3.721998e-02	
32.000000	52.000000	184.551944	187.165043	5.886335e-01	3.430904e-02	4.437953e+02	4.058081e-02	
32.000000	56.000000	207.674613	16.443620	5.842681e-01	3.171532e-02	4.422659e+02	3.996310e-02	
32.000000	60.000000	222.049856	6.339486	6.147581e-01	3.219117e-02	4.395189e+02	4.227247e-02	
36.000000	0.000000	209.552264	9.976193	5.637235e-01	2.911364e-02	4.340709e+02	3.679020e-02	
36.000000	4.000000	177.086164	24.505622	5.679781e-01	2.852297e-02	4.407301e+02	3.767360e-02	
36.000000	8.000000	173.743764	118.215190	6.027531e-01	2.886139e-02	4.408577e+02	4.042684e-02	
36.000000	12.000000	171.160618	9.094450	5.771253e-01	2.870357e-02	4.413451e+02	3.859051e-02	
36.000000	16.000000	166.438983	5.009617	6.025642e-01	2.881553e-02	4.415971e+02	4.037285e-02	
36.000000	20.000000	164.086340	580.593766	4.875803e-01	3.888415e-02	4.420094e+02	3.550800e-02	
36.000000	24.000000	160.974720	61.460704	5.481362e-01	2.852837e-02	4.421832e+02	3.576555e-02	
36.000000	28.000000	160.960839	4.108648	5.998545e-01	2.769085e-02	4.423924e+02	4.029974e-02	
36.000000	32.000000	160.090500	24.113649	5.646946e-01	3.028945e-02	4.427520e+02	3.830229e-02	
36.000000	36.000000	160.234816	34.638865	5.806604e-01	3.085166e-02	4.430726e+02	3.807274e-02	
36.000000	40.000000	161.367355	78.251929	6.328363e-01	3.476347e-02	4.434713e+02	4.374169e-02	
36.000000	44.000000	165.804757	208.774850	5.852818e-01	2.873332e-02	4.437609e+02	3.871735e-02	
36.000000	48.000000	172.059753	3.299941	5.325290e-01	2.914979e-02	4.440685e+02	3.430873e-02	
36.000000	52.000000	185.798020	140.555237	5.223425e-01	2.899398e-02	4.437997e+02	3.482456e-02	
36.000000	56.000000	209.554721	6.693659	5.822280e-01	2.811986e-02	4.425025e+02	3.949776e-02	
36.000000	60.000000	228.906259	6.531311	5.403298e-01	3.111249e-02	4.399478e+02	3.500806e-02	
40.000000	0.000000	215.794831	6.485398	6.169250e-01	2.990337e-02	4.348913e+02	4.165547e-02	
40.000000	4.000000	182.997498	27.914819	6.216185e-01	3.331441e-02	4.404907e+02	4.207304e-02	
40.000000	8.000000	179.680655	6.498747	5.843569e-01	2.723974e-02	4.403813e+02	3.929395e-02	
40.000000	12.000000	176.689822	746.672782	5.988289e-01	3.059637e-02	4.405940e+02	4.107000e-02	
40.000000	16.000000	171.162666	56.786914	6.567366e-01	4.064150e-02	4.412381e+02	4.563068e-02	
40.000000	20.000000	167.638862	5.469994	5.606619e-01	2.684055e-02	4.416363e+02	3.832314e-02	
40.000000	24.000000	165.801986	19.664399	5.551263e-01	2.699735e-02	4.418462e+02	4.064825e-02	
40.000000	28.000000	165.805588	0.079273	5.655761e-01	3.046016e-02	4.420338e+02	3.691465e-02	
40.000000	32.000000	164.053307	32.970746	5.538054e-01	2.810933e-02	4.422600e+02	3.669206e-02	
40.000000	36.000000	164.595188	0.740457	6.270735e-01	3.635887e-02	4.427102e+02	4.386056e-02	
40.000000	40.000000	165.798338	213.501542	5.637634e-01	2.853726e-02	4.432996e+02	3.827065e-02	
40.000000	44.000000	169.817320	119.046482	5.444043e-01	2.669893e-02	4.436978e+02	3.704232e-02	
40.000000	48.000000	176.746232	99.619407	5.624130e-01	2.577665e-02	4.437543e+02	3.784624e-02	
40.000000	52.000000	190.800021	4.108204	5.360839e-01	2.347714e-02	4.434938e+02	3.703516e-02	
40.000000	56.000000	209.555235	14.167675	5.376971e-01	2.748314e-02	4.427397e+02	3.635704e-02	
40.000000	60.000000	234.540959	8.715807	5.952280e-01	3.232481e-02	4.403395e+02	4.009010e-02	
44.000000	0.000000	228.305375	20.883930	6.139432e-01	3.301588e-02	4.356165e+02	4.192122e-02	
44.000000	4.000000	190.000354	33.672001	6.473803e-01	3.730114e-02	4.395869e+02	4.511493e-02	
44.000000	8.000000	186.040440	746.838127	6.208701e-01	2.631753e-02	4.396684e+02	4.304007e-02	
44.000000	12.000000	182.926011	21.444407	5.549106e-01	3.467844e-02	4.400467e+02	3.937036e-02	
44.000000	16.000000	178.297564	52.619650	6.052960e-01	3.128057e-02	4.405801e+02	4.156177e-02	
44.000000	20.000000	173.257061	252.863061	5.884965e-01	2.772283e-02	4.411969e+02	3.929850e-02	
44.000000	24.000000	172.052003	212.042675	5.728767e-01	2.701168e-02	4.414718e+02	3.927023e-02	
44.000000	28.000000	170.465368	5.685286	6.349624e-01	3.629285e-02	4.416565e+02	4.388371e-02	
44.000000	32.000000	170.321818	4.671993	5.196736e-01	3.108008e-02	4.420443e+02	3.297423e-02	
44.000000	36.000000	169.986276	38.395997	5.217911e-01	2.414175e-02	4.423267e+02	3.592733e-02	
44.000000	40.000000	170.424017	6.316337	6.338231e-01	4.414656e-02	4.428995e+02	4.842134e-02	
44.000000	44.000000	172.603394	4.459280	5.488011e-01	2.483405e-02	4.434194e+02	3.774680e-02	
44.000000	48.000000	179.608163	4.697094	5.362272e-01	2.531164e-02	4.436962e+02	3.598283e-02	
44.000000	52.000000	191.206720	4.897681	5.426546e-01	2.339676e-02	4.434669e+02	3.611413e-02	
44.000000	56.000000	211.367357	996.140986	6.489465e-01	3.849995e-02	4.426600e+02	4.564650e-02	
44.000000	60.000000	240.804544	17.859849	6.063033e-01	2.912549e-02	4.405483e+02	4.082433e-02	
48.000000	0.000000	240.805911	9.950902	6.226114e-01	3.499537e-02	4.366760e+02	4.322850e-02	
48.000000	4.000000	198.455149	826.995680	6.590225e-01	3.477938e-02	4.390736e+02	4.454059e-02	
48.000000	8.000000	195.835475	34.682083	5.679939e-01	2.992992e-02	4.390168e+02	3.679640e-02	
48.000000	12.000000	191.546766	37.853836	5.778186e-01	2.674652e-02	4.393277e+02	3.862208e-02	
48.000000	16.000000	185.791434	545.656437	6.218537e-01	3.047480e-02	4.400866e+02	4.138929e-02	
48.000000	20.000000	182.506269	45.751074	6.262966e-01	3.301587e-02	4.405647e+02	4.267608e-02	
48.000000	24.000000	179.113642	6.320665	5.710955e-01	3.366265e-02	4.408627e+02	5.585667e-02	
48.000000	28.000000	177.133395	33.486571	5.657276e-01	3.030956e-02	4.410038e+02	3.730680e-02	
48.000000	32.000000	176.681042	724.704122	5.229735e-01	2.214412e-02	4.414465e+02	3.643230e-02	
48.000000	36.000000	175.711956	924.576665	5.750908e-01	2.767527e-02	4.418539e+02	3.864215e-02	
48.000000	40.000000	177.052795	662.878078	5.371671e-01	2.542229e-02	4.423031e+02	3.610553e-02	
48.000000	44.000000	178.840514	33.688725	5.744175e-01	3.163155e-02	4.428306e+02	3.796940e-02	
48.000000	48.000000	184.552480	4.297950	5.542317e-01	2.580224e-02	4.433867e+02	3.798321e-02	
48.000000	52.000000	197.055598	6.075972	5.464783e-01	2.504810e-02	4.433862e+02	3.752579e-02	
48.000000	56.000000	215.804717	26.418650	5.554346e-01	2.620817e-02	4.428188e+02	3.860537e-02	
48.000000	60.000000	244.749526	23.194014	5.558284e-01	2.934407e-02	4.410497e+02	3.614352e-02	
52.000000	0.000000	259.544251	8.816752	6.504684e-01	3.899925e-02	4.376749e+02	4.591842e-02	
52.000000	4.000000	214.243250	205.631977	5.976185e-01	2.887709e-02	4.378751e+02	4.023309e-02	
52.000000	8.000000	210.843297	15.761840	6.098259e-01	3.154255e-02	4.380220e+02	4.069152e-02	
52.000000	12.000000	204.685197	43.751315	5.821340e-01	2.901767e-02	4.383639e+02	3.898825e-02	
52.000000	16.000000	198.338133	363.623930	5.816290e-01	2.602374e-02	4.392078e+02	4.290678e-02	
52.000000	20.000000	192.575123	50.063944	5.851569e-01	2.555909e-02	4.397353e+02	4.021625e-02	
52.000000	24.000000	190.805413	2.898791	5.368942e-01	3.541711e-02	4.400391e+02	3.835940e-02	
52.000000	28.000000	188.034460	933.492891	6.242790e-01	2.720684e-02	4.403756e+02	4.279339e-02	
52.000000	32.000000	185.811362	32.669007	5.724600e-01	3.341809e-02	4.409271e+02	4.718174e-02	
52.000000	36.000000	185.316036	42.489264	5.231549e-01	2.572662e-02	4.412518e+02	3.481001e-02	
52.000000	40.000000	185.028834	251.325388	5.852978e-01	3.004131e-02	4.419535e+02	3.808305e-02	
52.000000	44.000000	185.974491	801.964374	5.782083e-01	2.769906e-02	4.424978e+02	3.924818e-02	
52.000000	48.000000	191.675444	5.972812	5.654395e-01	2.793553e-02	4.428405e+02	3.722150e-02	
52.000000	52.000000	203.304269	164.051398	5.437790e-01	3.006458e-02	4.428905e+02	4.330737e-02	
52.000000	56.000000	220.903951	7.435839	5.994812e-01	2.762215e-02	4.427912e+02	4.035228e-02	
52.000000	60.000000	248.403743	0.013637	6.026513e-01	3.081867e-02	4.415659e+02	4.135367e-02	
56.000000	0.000000	279.528725	8.631464	5.892280e-01	2.841052e-02	4.384648e+02	3.982766e-02	
56.000000	4.000000	242.820845	103.911270	5.976573e-01	2.863288e-02	4.367373e+02	3.972278e-02	
56.000000	8.000000	237.466577	914.261853	5.456133e-01	3.011340e-02	4.367774e+02	3.605466e-02	
56.000000	12.000000	229.792213	96.383331	5.826278e-01	2.993000e-02	4.371879e+02	3.828095e-02	
56.000000	16.000000	220.718972	75.789328	5.546748e-01	2.610377e-02	4.381779e+02	3.860033e-02	
56.000000	20.000000	213.549776	478.435270	5.987817e-01	2.853628e-02	4.387959e+02	5.139410e-02	
56.000000	24.000000	210.791971	253.500254	5.931833e-01	3.183989e-02	4.392981e+02	4.068964e-02	
56.000000	28.000000	206.020155	80.625507	6.459904e-01	3.175876e-02	4.396166e+02	4.354464e-02	
56.000000	32.000000	203.537602	9.716509	6.080453e-01	3.685076e-02	4.398831e+02	5.950265e-02	
56.000000	36.000000	201.216128	16.156213	6.751371e-01	4.331878e-02	4.406942e+02	4.876561e-02	
56.000000	40.000000	198.357528	744.382174	5.871412e-01	3.218077e-02	4.412611e+02	4.022551e-02	
56.000000	44.000000	198.557956	817.755091	5.961864e-01	3.082886e-02	4.420942e+02	3.909758e-02	
56.000000	48.000000	203.992760	40.062175	5.715614e-01	2.681668e-02	4.424129e+02	3.860969e-02	
56.000000	52.000000	213.795404	0.723225	5.725461e-01	2.571150e-02	4.427391e+02	3.872175e-02	
56.000000	56.000000	229.684786	7.062370	5.576403e-01	2.563074e-02	4.424292e+02	3.828017e-02	
56.000000	60.000000	257.424869	72.820489	6.368209e-01	2.992993e-02	4.416709e+02	4.289822e-02	
60.000000	0.000000	298.295676	571.418240	5.900715e-01	2.780657e-02	4.394091e+02	3.973024e-02	
60.000000	4.000000	401.828456	723.268239	6.164628e-01	3.261602e-02	4.355615e+02	4.242859e-02	
60.000000	8.000000	384.938533	750.222785	6.304462e-01	3.557670e-02	4.356481e+02	4.382028e-02	
60.000000	12.000000	362.115442	705.849355	5.674054e-01	2.862197e-02	4.362149e+02	3.736416e-02	
60.000000	16.000000	332.758375	715.522022	6.041257e-01	2.575726e-02	4.372907e+02	4.229350e-02	
60.000000	20.000000	310.385448	702.304082	6.374717e-01	2.831021e-02	4.382395e+02	4.577777e-02	
60.000000	24.000000	295.823953	759.057045	6.212346e-01	2.861213e-02	4.387569e+02	5.449720e-02	
60.000000	28.000000	283.741062	275.508660	5.916386e-01	2.860364e-02	4.392577e+02	3.925539e-02	
60.000000	32.000000	271.705304	733.132672	5.988173e-01	2.869017e-02	4.394419e+02	4.038050e-02	
60.000000	36.000000	258.257958	320.298356	6.204628e-01	3.281859e-02	4.398687e+02	4.129038e-02	
60.000000	40.000000	245.184294	154.521978	6.359551e-01	3.212670e-02	4.405187e+02	4.330763e-02	
60.000000	44.000000	236.970115	833.590142	6.074085e-01	3.185691e-02	4.409432e+02	4.044071e-02	
60.000000	48.000000	235.108456	501.629876	5.812205e-01	3.018237e-02	4.413287e+02	3.887951e-02	
60.000000	52.000000	238.948893	253.610719	5.965992e-01	3.017138e-02	4.415799e+02	4.090023e-02	
60.000000	56.000000	251.652461	11.890689	6.611146e-01	3.925333e-02	4.414414e+02	4.628145e-02	
60.000000	60.000000	276.370741	832.447499	5.500770e-01	3.356625e-02	4.410099e+02	3.930229e-02	
0.000000	0.000000	320.064616	49.289122	6.578709e-01	3.064626e-02	4.394300e+02	4.352945e-02	
