0.000000	4.000000	140.794861	3.705602	5.584088e-01	2.822954e-02	3.132939e+02	3.794921e-02	
0.000000	8.000000	140.039149	3.682940	5.368235e-01	2.903828e-02	3.127804e+02	3.601282e-02	
0.000000	12.000000	139.004991	126.813694	5.035715e-01	2.047772e-02	3.125203e+02	3.589877e-02	
0.000000	16.000000	138.814613	124.363348	5.577086e-01	2.536170e-02	3.125284e+02	3.833370e-02	
0.000000	20.000000	134.976073	3.960782	5.500442e-01	2.791701e-02	3.127319e+02	3.659350e-02	
0.000000	24.000000	134.554142	57.913266	5.257202e-01	2.699221e-02	3.131575e+02	3.475705e-02	
0.000000	28.000000	132.929035	178.393371	5.664069e-01	2.819384e-02	3.136734e+02	3.861433e-02	
0.000000	32.000000	129.188844	2.554744	5.104556e-01	3.307938e-02	3.140470e+02	3.795531e-02	
0.000000	36.000000	129.643852	92.252044	5.273124e-01	2.348553e-02	3.146211e+02	3.656989e-02	
0.000000	40.000000	134.587691	1.030037	5.225869e-01	2.453837e-02	3.153139e+02	3.552384e-02	
0.000000	44.000000	140.116209	1.025839	5.201574e-01	2.300167e-02	3.153948e+02	3.604679e-02	
0.000000	48.000000	153.279398	2.227924	5.565802e-01	2.545954e-02	3.144430e+02	3.832117e-02	
0.000000	52.000000	161.628315	210.197562	6.088718e-01	3.261822e-02	3.106422e+02	4.200568e-02	
0.000000	56.000000	147.048990	5.715712	5.304150e-01	2.662838e-02	3.021792e+02	3.512027e-02	
0.000000	60.000000	134.542515	7.140895	5.018772e-01	3.231381e-02	2.950930e+02	3.162891e-02	
4.000000	0.000000	128.306347	4.274811	5.327297e-01	2.918873e-02	2.960709e+02	3.436136e-02	
4.000000	4.000000	140.805536	77.595135	4.328969e-01	2.870332e-02	3.131822e+02	3.114696e-02	
4.000000	8.000000	140.805556	162.319072	5.979514e-01	3.011474e-02	3.125378e+02	4.108937e-02	
4.000000	12.000000	140.803531	6.700328	5.014474e-01	2.171707e-02	3.123649e+02	3.534993e-02	
4.000000	16.000000	140.805622	4.207397	5.109107e-01	2.330600e-02	3.123354e+02	3.523827e-02	
4.000000	20.000000	139.089425	59.480497	5.630703e-01	2.594867e-02	3.124858e+02	3.874465e-02	
4.000000	24.000000	134.542961	2.603397	5.244346e-01	3.038539e-02	3.129779e+02	3.322026e-02	
4.000000	28.000000	134.552003	2.381089	5.418216e-01	2.386603e-02	3.135478e+02	3.742913e-02	
4.000000	32.000000	132.956869	1.637860	5.373710e-01	3.082609e-02	3.140356e+02	3.692300e-02	
4.000000	36.000000	132.949776	18.286112	5.743160e-01	2.749794e-02	3.145708e+02	3.941922e-02	
4.000000	40.000000	134.504693	1.468906	4.770853e-01	3.063229e-02	3.151442e+02	3.023218e-02	
4.000000	44.000000	140.768724	1.446284	5.130400e-01	2.393455e-02	3.153128e+02	3.501610e-02	
4.000000	48.000000	153.279413	2.603005	5.316273e-01	2.300442e-02	3.144467e+02	3.698830e-02	
4.000000	52.000000	172.085700	3.635788	5.275487e-01	2.941187e-02	3.111029e+02	3.372801e-02	
4.000000	56.000000	150.492818	6.419329	4.761821e-01	2.648207e-02	3.032128e+02	3.281108e-02	
4.000000	60.000000	135.054412	5.081027	5.308353e-01	4.600892e-02	2.950150e+02	3.843521e-02	
8.000000	0.000000	131.479843	1153.525219	4.692650e-01	3.727958e-02	2.960363e+02	2.951023e-02	
8.000000	4.000000	141.071627	5.101588	4.650160e-01	3.188250e-02	3.131039e+02	2.867769e-02	
8.000000	8.000000	141.312992	4.439968	4.888492e-01	1.972250e-02	3.124321e+02	3.531061e-02	
8.000000	12.000000	140.804975	4.743516	5.248018e-01	2.664963e-02	3.122781e+02	3.524239e-02	
8.000000	16.000000	140.802167	4.586544	5.946131e-01	3.210272e-02	3.122972e+02	4.090288e-02	
8.000000	20.000000	140.802170	5.627382	5.741713e-01	2.969439e-02	3.127012e+02	3.913612e-02	
8.000000	24.000000	136.704028	76.641971	5.169731e-01	3.006587e-02	3.130895e+02	3.271988e-02	
8.000000	28.000000	134.547488	36.687206	4.964764e-01	2.318236e-02	3.136984e+02	3.466674e-02	
8.000000	32.000000	134.551962	2.332982	4.779467e-01	5.586920e-02	3.140541e+02	3.524405e-02	
8.000000	36.000000	134.563432	2.122263	5.743160e-01	2.749794e-02	3.145708e+02	3.941922e-02	
8.000000	40.000000	134.554672	9.286861	4.916420e-01	2.429947e-02	3.152670e+02	3.417098e-02	
8.000000	44.000000	140.768708	19.494937	4.893400e-01	2.514121e-02	3.152448e+02	3.370458e-02	
8.000000	48.000000	153.279414	167.328172	5.958931e-01	2.983632e-02	3.145470e+02	4.084907e-02	
8.000000	52.000000	170.266751	2.759776	5.196630e-01	2.315535e-02	3.116366e+02	3.613694e-02	
8.000000	56.000000	153.305633	5.545178	5.177773e-01	3.079326e-02	3.041409e+02	3.325076e-02	
8.000000	60.000000	140.795915	4.865252	4.969827e-01	2.631832e-02	2.952286e+02	3.383335e-02	
12.000000	0.000000	134.545138	7.610115	5.129282e-01	2.836100e-02	2.961065e+02	3.376538e-02	
12.000000	4.000000	146.052973	4.821373	4.677878e-01	2.911648e-02	3.131574e+02	3.041106e-02	
12.000000	8.000000	145.498990	4.164960	5.389867e-01	2.517041e-02	3.126567e+02	3.693036e-02	
12.000000	12.000000	145.152220	3.707399	5.322191e-01	2.381663e-02	3.123843e+02	3.683338e-02	
12.000000	16.000000	142.596114	5.874345	5.089293e-01	2.221282e-02	3.123667e+02	3.562918e-02	
12.000000	20.000000	140.796178	4.127028	5.333948e-01	2.291547e-02	3.125048e+02	3.704098e-02	
12.000000	24.000000	140.806278	3.171832	5.362117e-01	3.791210e-02	3.129277e+02	3.595303e-02	
12.000000	28.000000	135.782727	64.134101	4.995854e-01	2.119645e-02	3.136160e+02	3.540386e-02	
12.000000	32.000000	134.551938	9.709657	4.758495e-01	3.322834e-02	3.140069e+02	2.917541e-02	
12.000000	36.000000	134.555126	218.310590	5.507487e-01	2.713337e-02	3.146927e+02	3.747680e-02	
12.000000	40.000000	135.412373	84.201290	5.030158e-01	3.102263e-02	3.150779e+02	3.135974e-02	
12.000000	44.000000	140.807597	1.825325	5.560736e-01	3.017853e-02	3.150480e+02	3.597199e-02	
12.000000	48.000000	153.305111	2.163216	5.225870e-01	2.251772e-02	3.145876e+02	3.640394e-02	
12.000000	52.000000	172.563487	5.908343	4.570243e-01	3.588060e-02	3.120487e+02	2.693171e-02	
12.000000	56.000000	159.555654	11.171109	4.903314e-01	3.348563e-02	3.050617e+02	3.053781e-02	
12.000000	60.000000	140.800177	4.451398	5.123934e-01	2.232269e-02	2.953765e+02	3.589751e-02	
16.000000	0.000000	134.587717	4.741226	4.820791e-01	4.123652e-02	2.959591e+02	2.983409e-02	
16.000000	4.000000	147.052070	24.544304	4.420699e-01	3.173841e-02	3.131498e+02	3.055051e-02	
16.000000	8.000000	147.046094	6.168485	5.852504e-01	2.841358e-02	3.125141e+02	4.009917e-02	
16.000000	12.000000	147.044115	6.306459	5.509258e-01	2.819221e-02	3.122742e+02	3.742009e-02	
16.000000	16.000000	147.045219	3.928634	5.394877e-01	3.196832e-02	3.121649e+02	3.600124e-02	
16.000000	20.000000	145.365393	3.456434	5.404308e-01	2.721962e-02	3.122742e+02	3.662692e-02	
16.000000	24.000000	140.804145	3.462218	5.542317e-01	2.566367e-02	3.125996e+02	3.810168e-02	
16.000000	28.000000	140.789177	2.732492	5.140223e-01	2.247668e-02	3.133725e+02	3.586401e-02	
16.000000	32.000000	135.931475	2.766207	5.365171e-01	2.894977e-02	3.138836e+02	3.458545e-02	
16.000000	36.000000	135.923771	72.145512	5.937194e-01	3.001392e-02	3.144014e+02	4.068521e-02	
16.000000	40.000000	139.784947	222.527448	5.540634e-01	2.816811e-02	3.148715e+02	3.625713e-02	
16.000000	44.000000	145.458843	31.406506	5.038368e-01	2.710996e-02	3.151897e+02	3.299809e-02	
16.000000	48.000000	153.896361	3.352998	5.443405e-01	2.445647e-02	3.145856e+02	3.748752e-02	
16.000000	52.000000	182.292298	802.350860	5.432459e-01	2.868747e-02	3.121339e+02	3.523148e-02	
16.000000	56.000000	163.005460	4.770571	5.335794e-01	2.623787e-02	3.057129e+02	3.628520e-02	
16.000000	60.000000	147.051920	6.261065	5.264444e-01	2.335367e-02	2.956207e+02	3.645055e-02	
20.000000	0.000000	140.795141	3.973276	5.014496e-01	2.700706e-02	2.957821e+02	3.380885e-02	
20.000000	4.000000	147.473299	94.054998	5.538886e-01	2.602320e-02	3.128116e+02	3.804363e-02	
20.000000	8.000000	147.664079	53.729264	5.179851e-01	2.591264e-02	3.122408e+02	3.447169e-02	
20.000000	12.000000	147.568349	4.593757	5.249271e-01	3.028990e-02	3.119820e+02	3.322785e-02	
20.000000	16.000000	147.055360	4.691187	4.621932e-01	3.624028e-02	3.119572e+02	2.775233e-02	
20.000000	20.000000	147.056993	5.231355	4.851702e-01	3.012949e-02	3.121107e+02	3.054237e-02	
20.000000	24.000000	144.630737	200.054073	5.564186e-01	2.532093e-02	3.124527e+02	3.824091e-02	
20.000000	28.000000	140.861136	31.157687	5.330512e-01	2.946678e-02	3.130548e+02	3.474703e-02	
20.000000	32.000000	140.825972	2.306749	4.906574e-01	2.132259e-02	3.136479e+02	3.494181e-02	
20.000000	36.000000	140.264507	2.120202	5.365465e-01	2.728933e-02	3.141322e+02	3.736750e-02	
20.000000	40.000000	140.803708	178.076127	5.712396e-01	3.644203e-02	3.148739e+02	3.945059e-02	
20.000000	44.000000	147.021833	1.998679	5.623055e-01	5.500846e-02	3.150959e+02	5.206008e-02	
20.000000	48.000000	157.802061	40.782090	5.455749e-01	2.475515e-02	3.145997e+02	3.751804e-02	
20.000000	52.000000	178.300176	9.219751	5.436744e-01	2.471131e-02	3.123907e+02	3.738240e-02	
20.000000	56.000000	165.803951	7.459823	6.467979e-01	4.082976e-02	3.067690e+02	4.680142e-02	
20.000000	60.000000	148.540775	10.021535	5.358191e-01	2.511805e-02	2.963336e+02	3.670189e-02	
24.000000	0.000000	140.805591	4.937379	5.130040e-01	2.544619e-02	2.957313e+02	3.508221e-02	
24.000000	4.000000	153.305905	5.518292	5.658587e-01	2.847122e-02	3.126873e+02	3.854047e-02	
24.000000	8.000000	153.338147	5.342991	4.979785e-01	3.222267e-02	3.118987e+02	3.127900e-02	
24.000000	12.000000	152.517287	285.918084	4.860740e-01	2.688821e-02	3.118025e+02	3.213404e-02	
24.000000	16.000000	151.568524	85.649014	5.247899e-01	2.818664e-02	3.117785e+02	3.527459e-02	
24.000000	20.000000	147.457660	71.994545	4.793529e-01	3.731595e-02	3.120186e+02	3.205788e-02	
24.000000	24.000000	147.045224	51.574175	5.508278e-01	2.584723e-02	3.123672e+02	3.780061e-02	
24.000000	28.000000	142.596111	43.177609	5.497263e-01	3.308670e-02	3.128944e+02	4.932589e-02	
24.000000	32.000000	140.806378	2.793979	4.990214e-01	2.104547e-02	3.134022e+02	3.533016e-02	
24.000000	36.000000	140.803696	48.588501	5.083645e-01	3.132502e-02	3.140082e+02	3.215308e-02	
24.000000	40.000000	140.800690	2.801703	5.273124e-01	2.348553e-02	3.146211e+02	3.656989e-02	
24.000000	44.000000	147.051889	13.991870	5.153821e-01	3.218997e-02	3.150079e+02	3.390776e-02	
24.000000	48.000000	159.558285	2.372620	5.098209e-01	2.088842e-02	3.145000e+02	3.604416e-02	
24.000000	52.000000	178.302071	9.164691	5.398400e-01	2.409079e-02	3.124093e+02	3.723195e-02	
24.000000	56.000000	172.055634	5.210791	4.616102e-01	2.249848e-02	3.072841e+02	3.353249e-02	
24.000000	60.000000	153.302065	6.373711	4.931837e-01	2.353683e-02	2.972867e+02	3.439122e-02	
28.000000	0.000000	147.085683	5.273537	5.028618e-01	2.037851e-02	2.954797e+02	3.579702e-02	
28.000000	4.000000	153.926008	6.363586	4.837993e-01	2.580322e-02	3.122286e+02	3.333137e-02	
28.000000	8.000000	153.883969	6.405015	5.662754e-01	2.718156e-02	3.116180e+02	3.881751e-02	
28.000000	12.000000	152.097812	5.545867	5.418312e-01	2.398983e-02	3.114425e+02	3.749497e-02	
28.000000	16.000000	153.305670	7.857621	5.296759e-01	2.285924e-02	3.115628e+02	3.679650e-02	
28.000000	20.000000	152.441127	4.446691	5.149696e-01	2.516662e-02	3.117293e+02	3.471175e-02	
28.000000	24.000000	148.346050	75.804642	5.461089e-01	2.610744e-02	3.121874e+02	3.685542e-02	
28.000000	28.000000	147.054624	2.971986	5.094244e-01	2.831283e-02	3.127988e+02	3.408246e-02	
28.000000	32.000000	144.939199	18.746415	4.994482e-01	2.369229e-02	3.133028e+02	3.448477e-02	
28.000000	36.000000	142.365879	32.708764	5.353336e-01	3.122984e-02	3.138263e+02	3.568084e-02	
28.000000	40.000000	145.304471	2.032664	5.341247e-01	2.345371e-02	3.144183e+02	3.696392e-02	
28.000000	44.000000	148.384828	5.879006	5.746033e-01	3.878343e-02	3.149102e+02	4.041151e-02	
28.000000	48.000000	159.554224	217.208740	5.636799e-01	2.652371e-02	3.145898e+02	3.870358e-02	
28.000000	52.000000	178.803460	8.744086	5.620528e-01	2.601151e-02	3.127297e+02	3.772976e-02	
28.000000	56.000000	178.336407	4.311005	5.236245e-01	2.703994e-02	3.081679e+02	3.453474e-02	
28.000000	60.000000	159.552223	6.307489	5.246066e-01	2.500421e-02	2.983040e+02	3.590649e-02	
32.000000	0.000000	147.491361	7.654444	4.849905e-01	3.070902e-02	2.951507e+02	3.175199e-02	
32.000000	4.000000	159.574935	5.695940	5.514924e-01	2.829814e-02	3.121407e+02	3.592011e-02	
32.000000	8.000000	158.583978	5.745849	5.312694e-01	2.314470e-02	3.114229e+02	3.683626e-02	
32.000000	12.000000	158.504357	4.664749	5.249480e-01	2.457262e-02	3.113219e+02	3.612999e-02	
32.000000	16.000000	157.921725	5.073076	4.516533e-01	2.815044e-02	3.111863e+02	3.172494e-02	
32.000000	20.000000	154.697003	7.497669	5.362174e-01	2.387984e-02	3.114038e+02	3.710735e-02	
32.000000	24.000000	153.302074	5.039952	5.853144e-01	3.546931e-02	3.118292e+02	4.057521e-02	
32.000000	28.000000	148.440853	49.660534	5.681571e-01	2.738818e-02	3.126221e+02	3.884959e-02	
32.000000	32.000000	147.046033	21.479921	4.083353e-01	3.312040e-02	3.131589e+02	3.161742e-02	
32.000000	36.000000	147.051708	3.245988	5.499570e-01	3.021728e-02	3.137841e+02	3.700881e-02	
32.000000	40.000000	147.054186	23.887778	5.538758e-01	2.572971e-02	3.143653e+02	3.740939e-02	
32.000000	44.000000	153.313278	2.112539	5.621616e-01	3.138155e-02	3.147853e+02	3.812091e-02	
32.000000	48.000000	159.994222	3.347871	5.445087e-01	2.555772e-02	3.146515e+02	3.727230e-02	
32.000000	52.000000	181.940575	19.543102	4.920419e-01	6.106154e-02	3.130946e+02	4.410338e-02	
32.000000	56.000000	184.553226	4.695063	5.282710e-01	2.869909e-02	3.088982e+02	3.760019e-02	
32.000000	60.000000	165.806004	6.101879	5.331115e-01	2.662790e-02	2.998325e+02	3.553477e-02	
36.000000	0.000000	153.308361	7.656994	4.941881e-01	3.521276e-02	2.949863e+02	3.499502e-02	
36.000000	4.000000	161.508535	127.841523	4.625857e-01	3.556627e-02	3.119637e+02	2.764816e-02	
36.000000	8.000000	161.402364	100.103338	4.863444e-01	2.619133e-02	3.112219e+02	3.322889e-02	
36.000000	12.000000	159.345635	82.358948	5.240552e-01	3.119993e-02	3.110862e+02	3.346170e-02	
36.000000	16.000000	157.863697	432.180584	5.348166e-01	3.220253e-02	3.111109e+02	3.494518e-02	
36.000000	20.000000	157.754874	171.797896	4.530649e-01	2.293996e-02	3.112679e+02	3.356056e-02	
36.000000	24.000000	156.316732	209.734255	5.185962e-01	2.196229e-02	3.115687e+02	3.629039e-02	
36.000000	28.000000	153.337222	104.693645	5.708979e-01	3.068895e-02	3.122561e+02	3.891034e-02	
36.000000	32.000000	149.966578	59.881138	5.212527e-01	2.869668e-02	3.129036e+02	3.596800e-02	
36.000000	36.000000	148.297817	4.008674	5.112552e-01	2.287319e-02	3.136526e+02	3.567823e-02	
36.000000	40.000000	149.613889	67.327468	5.547430e-01	2.583467e-02	3.142186e+02	3.735878e-02	
36.000000	44.000000	153.304600	2.801343	5.481489e-01	2.606281e-02	3.146565e+02	3.755061e-02	
36.000000	48.000000	164.934690	2.994056	5.474673e-01	2.439064e-02	3.144666e+02	3.783059e-02	
36.000000	52.000000	184.555373	4.660083	5.172286e-01	2.818451e-02	3.131977e+02	3.370239e-02	
36.000000	56.000000	191.994817	92.504258	5.178924e-01	2.180827e-02	3.095190e+02	3.630439e-02	
36.000000	60.000000	173.297804	15.100375	4.530238e-01	3.636466e-02	3.010610e+02	2.664532e-02	
40.000000	0.000000	159.551894	13.045429	5.969574e-01	3.079401e-02	2.946269e+02	4.093515e-02	
40.000000	4.000000	167.138053	10.630594	4.891947e-01	1.954804e-02	3.114579e+02	3.546137e-02	
40.000000	8.000000	163.625032	8.961040	5.302265e-01	3.032445e-02	3.108165e+02	3.525417e-02	
40.000000	12.000000	161.775314	10.262699	5.693252e-01	2.758232e-02	3.106226e+02	3.901190e-02	
40.000000	16.000000	161.628332	44.293163	5.402137e-01	2.477222e-02	3.106290e+02	3.720217e-02	
40.000000	20.000000	163.528277	334.876220	4.865385e-01	3.296836e-02	3.109827e+02	3.138786e-02	
40.000000	24.000000	158.439879	6.242077	4.953690e-01	2.165298e-02	3.113652e+02	3.509256e-02	
40.000000	28.000000	157.615775	3.026960	5.122530e-01	2.824326e-02	3.118834e+02	3.353986e-02	
40.000000	32.000000	153.295159	0.001731	6.186542e-01	3.276601e-02	3.125332e+02	4.258506e-02	
40.000000	36.000000	153.304859	3.726122	4.560090e-01	2.517422e-02	3.132301e+02	3.241004e-02	
40.000000	40.000000	153.297347	22.782210	5.275487e-01	2.941187e-02	3.138971e+02	3.372769e-02	
40.000000	44.000000	158.485304	2.362365	5.731246e-01	2.730125e-02	3.144295e+02	3.925501e-02	
40.000000	48.000000	166.313796	3.670932	5.403775e-01	2.596182e-02	3.142585e+02	3.602354e-02	
40.000000	52.000000	184.550987	7.507433	5.318891e-01	2.548996e-02	3.133091e+02	3.641442e-02	
40.000000	56.000000	203.298479	6.040600	5.087342e-01	2.812954e-02	3.101358e+02	3.302767e-02	
40.000000	60.000000	184.545293	7.052292	5.943289e-01	2.991359e-02	3.025755e+02	4.082107e-02	
44.000000	0.000000	165.803797	12.876347	5.432481e-01	2.834501e-02	2.942507e+02	3.675475e-02	
44.000000	4.000000	171.261384	26.076284	5.140149e-01	2.650056e-02	3.112429e+02	3.477953e-02	
44.000000	8.000000	167.084773	9.739944	5.348774e-01	2.412973e-02	3.106201e+02	3.695271e-02	
44.000000	12.000000	166.410026	39.206470	5.103493e-01	2.600811e-02	3.102336e+02	3.402494e-02	
44.000000	16.000000	166.631584	3.121789	5.685056e-01	3.092747e-02	3.102422e+02	3.869514e-02	
44.000000	20.000000	165.130909	1.136252	5.167367e-01	2.314418e-02	3.103533e+02	3.594673e-02	
44.000000	24.000000	162.882677	8.433552	5.662859e-01	3.709176e-02	3.108916e+02	3.909822e-02	
44.000000	28.000000	160.856258	77.214463	5.195877e-01	2.261340e-02	3.116078e+02	3.627483e-02	
44.000000	32.000000	159.553954	3.577538	5.082145e-01	2.248737e-02	3.123521e+02	3.551048e-02	
44.000000	36.000000	157.963599	35.974371	4.845711e-01	3.177224e-02	3.131328e+02	3.062985e-02	
44.000000	40.000000	158.548864	2.618739	4.943462e-01	2.437490e-02	3.137338e+02	3.370934e-02	
44.000000	44.000000	159.987856	76.573627	5.479345e-01	2.606677e-02	3.142414e+02	3.662197e-02	
44.000000	48.000000	170.193698	2.058244	6.164732e-01	3.456645e-02	3.143055e+02	4.274773e-02	
44.000000	52.000000	188.959230	141.432546	5.718695e-01	2.724999e-02	3.134201e+02	3.916191e-02	
44.000000	56.000000	210.795559	21.236115	6.206931e-01	3.354133e-02	3.105996e+02	4.282348e-02	
44.000000	60.000000	192.163303	913.601779	5.016745e-01	3.019427e-02	3.038690e+02	3.171435e-02	
48.000000	0.000000	172.050542	6.469482	5.371434e-01	3.021269e-02	2.941961e+02	3.596290e-02	
48.000000	4.000000	179.219618	6.372531	5.262859e-01	2.240568e-02	3.104658e+02	3.676987e-02	
48.000000	8.000000	176.743096	7.096297	5.425551e-01	3.251261e-02	3.098425e+02	3.618227e-02	
48.000000	12.000000	175.805782	126.988812	5.488011e-01	2.483462e-02	3.095806e+02	3.774737e-02	
48.000000	16.000000	173.685316	38.968196	5.252940e-01	2.280743e-02	3.095921e+02	3.651033e-02	
48.000000	20.000000	170.980532	274.495993	5.457305e-01	3.169308e-02	3.098216e+02	3.660121e-02	
48.000000	24.000000	163.511042	3.613494	5.578901e-01	2.591273e-02	3.104057e+02	3.825123e-02	
48.000000	28.000000	169.591098	8.039193	5.043008e-01	3.304741e-02	3.110920e+02	3.206167e-02	
48.000000	32.000000	165.803895	51.064144	5.397940e-01	2.860736e-02	3.117632e+02	3.642341e-02	
48.000000	36.000000	164.155260	773.770270	5.561544e-01	2.585955e-02	3.126038e+02	3.812445e-02	
48.000000	40.000000	163.852287	834.371360	5.419176e-01	2.494778e-02	3.133670e+02	3.719905e-02	
48.000000	44.000000	165.802925	31.340574	4.802409e-01	2.834228e-02	3.138230e+02	3.124009e-02	
48.000000	48.000000	173.652841	57.502840	5.395212e-01	2.886242e-02	3.141463e+02	3.495927e-02	
48.000000	52.000000	191.499410	5.783278	4.910312e-01	2.186790e-02	3.133329e+02	3.479291e-02	
48.000000	56.000000	218.186881	15.972988	5.196799e-01	2.751665e-02	3.111358e+02	3.424575e-02	
48.000000	60.000000	209.559111	8.928233	4.870459e-01	2.852521e-02	3.051563e+02	3.136675e-02	
52.000000	0.000000	185.916458	19.328653	5.675442e-01	2.666515e-02	2.955614e+02	3.898866e-02	
52.000000	4.000000	188.795404	41.468464	5.609970e-01	2.641477e-02	3.098280e+02	4.053287e-02	
52.000000	8.000000	188.870740	9.648703	4.741900e-01	3.370317e-02	3.090999e+02	2.920811e-02	
52.000000	12.000000	188.190510	61.344796	5.168795e-01	3.727794e-02	3.089259e+02	3.366516e-02	
52.000000	16.000000	185.717191	34.064491	5.540401e-01	2.785576e-02	3.088590e+02	4.201194e-02	
52.000000	20.000000	182.815489	590.794122	5.857206e-01	3.128735e-02	3.090946e+02	3.857825e-02	
52.000000	24.000000	178.326205	52.149231	5.251980e-01	2.724084e-02	3.097560e+02	3.551175e-02	
52.000000	28.000000	171.950122	90.161275	5.581133e-01	2.537482e-02	3.105189e+02	3.836194e-02	
52.000000	32.000000	173.073438	851.944201	4.712361e-01	2.368895e-02	3.112619e+02	3.310147e-02	
52.000000	36.000000	172.052065	209.423564	5.300316e-01	3.141637e-02	3.120296e+02	3.445218e-02	
52.000000	40.000000	172.055665	3.627832	5.365709e-01	2.808532e-02	3.127579e+02	3.615534e-02	
52.000000	44.000000	173.288855	16.650696	5.094350e-01	2.406288e-02	3.133018e+02	3.482408e-02	
52.000000	48.000000	180.189918	230.873999	5.101730e-01	2.099318e-02	3.135201e+02	3.612723e-02	
52.000000	52.000000	197.050829	187.546333	4.923813e-01	2.074320e-02	3.133822e+02	3.517975e-02	
52.000000	56.000000	227.093481	10.295764	5.182608e-01	2.329923e-02	3.113495e+02	3.591217e-02	
52.000000	60.000000	228.299344	8.695658	6.010235e-01	2.589840e-02	3.063016e+02	4.145735e-02	
56.000000	0.000000	203.311090	7.316664	5.125189e-01	2.115222e-02	2.974751e+02	3.613052e-02	
56.000000	4.000000	219.582184	83.298367	5.071455e-01	2.805996e-02	3.088592e+02	3.281312e-02	
56.000000	8.000000	214.727202	35.548559	5.869488e-01	2.768309e-02	3.081704e+02	3.978400e-02	
56.000000	12.000000	214.553108	41.283957	5.119237e-01	3.036445e-02	3.079707e+02	3.211338e-02	
56.000000	16.000000	211.948971	88.696152	5.252092e-01	3.042077e-02	3.079178e+02	3.902104e-02	
56.000000	20.000000	207.424876	876.504162	5.824904e-01	3.401955e-02	3.081960e+02	4.000530e-02	
56.000000	24.000000	201.799279	34.220245	5.529974e-01	3.176184e-02	3.088850e+02	4.810501e-02	
56.000000	28.000000	192.271670	423.708637	5.381866e-01	3.037113e-02	3.098071e+02	3.594829e-02	
56.000000	32.000000	186.785778	55.912055	5.630703e-01	2.594867e-02	3.104858e+02	3.874465e-02	
56.000000	36.000000	186.126650	813.484638	5.451224e-01	2.468918e-02	3.114168e+02	3.721207e-02	
56.000000	40.000000	183.662992	34.113455	5.093916e-01	2.891421e-02	3.121889e+02	3.313897e-02	
56.000000	44.000000	185.306821	133.958310	4.695639e-01	3.467610e-02	3.129824e+02	2.855649e-02	
56.000000	48.000000	190.012307	39.732671	5.421998e-01	2.816184e-02	3.132517e+02	3.660700e-02	
56.000000	52.000000	206.300318	242.822227	4.657211e-01	3.194997e-02	3.131027e+02	2.876029e-02	
56.000000	56.000000	233.778409	14.682308	5.261691e-01	2.430144e-02	3.116639e+02	3.628582e-02	
56.000000	60.000000	257.795824	7.889196	5.129934e-01	2.141512e-02	3.075595e+02	3.609009e-02	
60.000000	0.000000	233.499805	10.573728	5.676093e-01	2.960147e-02	2.999666e+02	3.677529e-02	
60.000000	4.000000	414.845624	744.607005	5.921412e-01	4.147106e-02	3.091205e+02	4.553576e-02	
60.000000	8.000000	416.429083	787.641734	5.744498e-01	2.722178e-02	3.084811e+02	3.946096e-02	
60.000000	12.000000	411.154459	795.673975	5.135886e-01	2.357389e-02	3.083250e+02	3.553695e-02	
60.000000	16.000000	400.869865	775.975404	5.764896e-01	2.934805e-02	3.083260e+02	3.943536e-02	
60.000000	20.000000	383.806320	771.071537	6.030013e-01	3.193972e-02	3.086466e+02	4.152504e-02	
60.000000	24.000000	356.054588	813.644463	5.332736e-01	2.565224e-02	3.093054e+02	3.639064e-02	
60.000000	28.000000	318.255048	749.113644	5.674802e-01	2.608434e-02	3.102941e+02	3.803564e-02	
60.000000	32.000000	288.916662	785.539524	4.561099e-01	3.173062e-02	3.111335e+02	2.902230e-02	
60.000000	36.000000	258.287386	229.814488	5.147538e-01	2.369694e-02	3.116727e+02	3.523465e-02	
60.000000	40.000000	233.929498	106.966693	5.190001e-01	3.430145e-02	3.121122e+02	3.389030e-02	
60.000000	44.000000	221.212101	63.249894	5.396956e-01	2.383251e-02	3.124889e+02	3.719151e-02	
60.000000	48.000000	217.893927	7.864173	5.880520e-01	2.594856e-02	3.127015e+02	3.985983e-02	
60.000000	52.000000	227.644534	379.778964	6.016926e-01	3.093217e-02	3.125851e+02	4.137639e-02	
60.000000	56.000000	252.045269	63.774570	5.378033e-01	2.351895e-02	3.114473e+02	3.721343e-02	
60.000000	60.000000	301.678074	17.346203	5.595466e-01	2.842561e-02	3.087069e+02	3.811058e-02	
0.000000	0.000000	295.299184	258.319072	6.003878e-01	3.129566e-02	3.026317e+02	4.120845e-02	
