24.000000	32.000000	133.408038	6.362030	1.202970e+02	1.052660e+02	4.162645e+02	1.795780e+02	
24.000000	36.000000	134.544712	4.155719	5.875919e-01	3.319909e-02	4.493336e+02	3.970879e-02	
24.000000	40.000000	134.968336	3.976275	5.807154e-01	2.728321e-02	4.493994e+02	3.911073e-02	
24.000000	44.000000	140.806157	4.776782	5.198640e-01	2.651563e-02	4.492106e+02	3.431169e-02	
24.000000	48.000000	147.055875	2.404396	5.428493e-01	2.662939e-02	4.488459e+02	3.747836e-02	
24.000000	52.000000	159.551891	8.086609	5.670528e-01	2.845319e-02	4.477665e+02	3.740699e-02	
24.000000	56.000000	177.351709	7.401195	6.240847e-01	3.509781e-02	4.451926e+02	4.218521e-02	
24.000000	60.000000	178.307770	7.767800	5.620852e-01	2.916669e-02	4.400874e+02	3.642907e-02	
28.000000	0.000000	165.802020	7.345079	6.312206e-01	3.227229e-02	4.331262e+02	4.173774e-02	
28.000000	4.000000	147.051889	12.841396	5.725608e-01	2.847971e-02	4.476602e+02	3.836828e-02	
28.000000	8.000000	147.058941	6.098328	5.695466e-01	2.660108e-02	4.475141e+02	3.906193e-02	
28.000000	12.000000	143.783422	32.467351	5.569811e-01	2.973754e-02	4.477566e+02	3.766777e-02	
28.000000	16.000000	140.801035	6.323833	5.679637e-01	2.917256e-02	4.481088e+02	3.691755e-02	
28.000000	20.000000	140.795138	3.382146	5.614970e-01	2.618403e-02	4.483382e+02	3.772283e-02	
28.000000	24.000000	138.795404	962.783136	6.643377e-01	4.181888e-02	4.487070e+02	4.774519e-02	
28.000000	28.000000	135.060877	6.855071	5.896921e-01	3.040150e-02	4.489575e+02	4.007155e-02	
28.000000	32.000000	135.335394	4.755609	5.694618e-01	2.784886e-02	4.488647e+02	3.816923e-02	
28.000000	36.000000	135.913303	70.556406	6.255506e-01	3.414507e-02	4.491683e+02	4.198497e-02	
28.000000	40.000000	140.812579	2.985029	5.196799e-01	2.751769e-02	4.488642e+02	3.424646e-02	
28.000000	44.000000	141.190090	4.456850	5.714314e-01	3.569295e-02	4.490226e+02	4.293743e-02	
28.000000	48.000000	147.723531	68.016377	4.760761e-01	3.186457e-02	4.489349e+02	2.904643e-02	
28.000000	52.000000	159.549840	4.339725	5.553329e-01	2.659731e-02	4.478380e+02	3.987779e-02	
28.000000	56.000000	178.302080	9.795858	6.004806e-01	3.049440e-02	4.455544e+02	4.077369e-02	
28.000000	60.000000	184.560253	7.528613	6.188895e-01	3.070781e-02	4.411121e+02	4.072523e-02	
32.000000	0.000000	172.051126	6.249213	5.629149e-01	2.529400e-02	4.342891e+02	3.656836e-02	
32.000000	4.000000	150.261686	1067.986150	5.637536e-01	2.751640e-02	4.473451e+02	3.847833e-02	
32.000000	8.000000	147.413824	5.732543	5.853367e-01	2.924991e-02	4.473591e+02	3.916232e-02	
32.000000	12.000000	147.058873	15.279399	5.751465e-01	2.738614e-02	4.475517e+02	3.940444e-02	
32.000000	16.000000	145.459113	4.512006	5.985457e-01	2.909525e-02	4.478582e+02	4.482027e-02	
32.000000	20.000000	140.795532	4.222784	5.120512e-01	2.865477e-02	4.481794e+02	3.311537e-02	
32.000000	24.000000	140.804422	5.484782	5.539737e-01	2.599202e-02	4.482875e+02	3.705479e-02	
32.000000	28.000000	140.810447	4.613219	6.224215e-01	2.896728e-02	4.484308e+02	4.214760e-02	
32.000000	32.000000	140.807290	4.156780	5.867626e-01	2.877478e-02	4.485563e+02	4.019310e-02	
32.000000	36.000000	140.812474	4.565971	5.536035e-01	2.788142e-02	4.487215e+02	3.681540e-02	
32.000000	40.000000	140.805630	4.828288	5.557946e-01	2.941735e-02	4.489545e+02	3.623995e-02	
32.000000	44.000000	147.057966	3.119084	5.675173e-01	3.147959e-02	4.489252e+02	4.376112e-02	
32.000000	48.000000	153.302403	3.405936	5.578901e-01	2.591315e-02	4.485943e+02	3.825154e-02	
32.000000	52.000000	160.810196	701.517864	5.754029e-01	2.903898e-02	4.478821e+02	3.758417e-02	
32.000000	56.000000	178.305435	9.558553	5.663657e-01	3.020885e-02	4.457985e+02	3.726243e-02	
32.000000	60.000000	190.795253	10.584759	6.269887e-01	3.393042e-02	4.415980e+02	4.286846e-02	
36.000000	0.000000	178.324175	6.077216	5.499128e-01	2.590762e-02	4.352959e+02	3.682016e-02	
36.000000	4.000000	153.308295	7.609015	5.606063e-01	2.705263e-02	4.468404e+02	4.180778e-02	
36.000000	8.000000	153.295816	12.165802	5.140379e-01	2.221051e-02	4.466130e+02	3.594052e-02	
36.000000	12.000000	152.066298	75.641829	5.656223e-01	3.892358e-02	4.469222e+02	3.950451e-02	
36.000000	16.000000	147.058682	5.754835	5.854760e-01	2.855717e-02	4.474439e+02	4.001646e-02	
36.000000	20.000000	147.055412	5.308213	5.223885e-01	2.471056e-02	4.476918e+02	3.582580e-02	
36.000000	24.000000	145.050917	8.345039	5.191008e-01	3.101182e-02	4.479909e+02	3.371272e-02	
36.000000	28.000000	141.445557	6.233437	5.469542e-01	3.137763e-02	4.480805e+02	3.566409e-02	
36.000000	32.000000	141.312390	5.371739	6.082276e-01	2.922332e-02	4.481866e+02	4.022506e-02	
36.000000	36.000000	141.208291	7.218757	5.551362e-01	2.582756e-02	4.484420e+02	3.769187e-02	
36.000000	40.000000	145.311726	4.574779	5.548744e-01	2.716537e-02	4.486646e+02	3.783279e-02	
36.000000	44.000000	147.045270	3.990280	6.131761e-01	3.302951e-02	4.486371e+02	4.226608e-02	
36.000000	48.000000	153.302256	5.474287	5.935081e-01	3.602064e-02	4.481756e+02	4.134818e-02	
36.000000	52.000000	165.825269	6.020475	5.957106e-01	2.966528e-02	4.475281e+02	4.074818e-02	
36.000000	56.000000	179.865879	9.738466	5.867797e-01	2.998658e-02	4.460319e+02	3.830998e-02	
36.000000	60.000000	197.052151	7.140533	6.230083e-01	3.315180e-02	4.423492e+02	4.174382e-02	
40.000000	0.000000	185.939807	725.595093	6.063521e-01	3.225985e-02	4.363598e+02	4.071700e-02	
40.000000	4.000000	159.553069	14.051701	5.820749e-01	2.797418e-02	4.464836e+02	3.944323e-02	
40.000000	8.000000	157.963251	7.849390	5.838755e-01	3.050337e-02	4.461979e+02	3.745059e-02	
40.000000	12.000000	153.310530	6.308238	5.825088e-01	2.810893e-02	4.462173e+02	3.854388e-02	
40.000000	16.000000	153.305846	4.689437	6.104811e-01	2.777386e-02	4.467775e+02	4.156764e-02	
40.000000	20.000000	148.439807	89.825331	5.390515e-01	2.725964e-02	4.472683e+02	3.584091e-02	
40.000000	24.000000	147.052206	5.715782	5.874631e-01	2.617751e-02	4.476839e+02	3.953903e-02	
40.000000	28.000000	147.058904	6.834669	6.007838e-01	3.101188e-02	4.476082e+02	4.122531e-02	
40.000000	32.000000	147.055589	6.830576	5.551263e-01	2.699741e-02	4.478462e+02	4.064834e-02	
40.000000	36.000000	147.045169	6.231680	5.651415e-01	3.281933e-02	4.480207e+02	3.939449e-02	
40.000000	40.000000	147.055437	4.532472	5.915457e-01	3.410291e-02	4.482184e+02	4.079523e-02	
40.000000	44.000000	151.609159	68.783724	5.400154e-01	3.038962e-02	4.481562e+02	3.506487e-02	
40.000000	48.000000	157.960310	5.933434	5.785523e-01	2.761954e-02	4.481714e+02	3.847881e-02	
40.000000	52.000000	165.804288	6.756331	5.388457e-01	2.434233e-02	4.476145e+02	3.710319e-02	
40.000000	56.000000	184.552221	7.241794	5.653737e-01	2.837012e-02	4.462155e+02	3.720292e-02	
40.000000	60.000000	203.305382	7.292469	5.778731e-01	2.988113e-02	4.429916e+02	3.755563e-02	
44.000000	0.000000	197.050188	13.598579	6.181936e-01	3.304898e-02	4.374147e+02	4.259476e-02	
44.000000	4.000000	164.206867	354.303044	5.895091e-01	2.554261e-02	4.457575e+02	4.200329e-02	
44.000000	8.000000	161.111054	113.841113	5.629809e-01	2.619519e-02	4.456798e+02	3.775380e-02	
44.000000	12.000000	159.552256	12.399122	5.742017e-01	3.052512e-02	4.460509e+02	3.750449e-02	
44.000000	16.000000	157.709225	39.505731	6.439441e-01	3.453966e-02	4.464668e+02	4.356367e-02	
44.000000	20.000000	153.296615	5.046033	5.453864e-01	2.859113e-02	4.468388e+02	3.543247e-02	
44.000000	24.000000	153.308573	5.429715	5.678566e-01	2.782563e-02	4.471474e+02	3.764715e-02	
44.000000	28.000000	152.463975	98.225046	5.711243e-01	2.672450e-02	4.473896e+02	3.849842e-02	
44.000000	32.000000	151.679020	8.019559	6.157596e-01	2.898623e-02	4.474497e+02	4.100229e-02	
44.000000	36.000000	151.699741	104.494190	5.751465e-01	2.738614e-02	4.475517e+02	3.940444e-02	
44.000000	40.000000	153.324879	4.493888	5.411986e-01	2.637798e-02	4.478303e+02	3.659498e-02	
44.000000	44.000000	153.300890	5.383077	5.654949e-01	3.092320e-02	4.479250e+02	4.243081e-02	
44.000000	48.000000	159.541912	6.686420	5.319093e-01	3.219420e-02	4.480771e+02	3.466713e-02	
44.000000	52.000000	170.439041	5.812044	5.376330e-01	2.367061e-02	4.475400e+02	3.694405e-02	
44.000000	56.000000	184.551089	8.595779	6.192294e-01	2.991969e-02	4.464665e+02	4.178917e-02	
44.000000	60.000000	209.550025	12.401994	5.789076e-01	2.854568e-02	4.437523e+02	3.830030e-02	
48.000000	0.000000	208.670968	7.501635	6.626942e-01	2.758584e-02	4.384056e+02	4.690985e-02	
48.000000	4.000000	170.953285	21.798172	5.331560e-01	2.884117e-02	4.451614e+02	3.440847e-02	
48.000000	8.000000	170.321904	23.083522	5.831110e-01	3.420905e-02	4.452247e+02	3.953303e-02	
48.000000	12.000000	166.255223	7.298030	5.672252e-01	2.678905e-02	4.454154e+02	3.885339e-02	
48.000000	16.000000	164.025280	848.148054	5.918424e-01	2.889525e-02	4.457245e+02	3.930275e-02	
48.000000	20.000000	159.554485	7.569509	5.795153e-01	2.785966e-02	4.464531e+02	3.969878e-02	
48.000000	24.000000	158.422320	6.428537	5.942847e-01	3.532087e-02	4.468056e+02	4.124887e-02	
48.000000	28.000000	157.564613	40.573804	5.179982e-01	3.144504e-02	4.469972e+02	3.384426e-02	
48.000000	32.000000	155.175303	76.494586	5.448439e-01	3.030180e-02	4.471444e+02	3.528019e-02	
48.000000	36.000000	154.807958	8.920755	5.535671e-01	2.585753e-02	4.473374e+02	3.724900e-02	
48.000000	40.000000	157.865738	5.782020	5.646545e-01	2.614185e-02	4.475377e+02	3.874554e-02	
48.000000	44.000000	159.550114	20.022494	5.699982e-01	2.593349e-02	4.477132e+02	3.818136e-02	
48.000000	48.000000	165.824721	13.102086	5.789323e-01	2.877160e-02	4.476177e+02	3.896712e-02	
48.000000	52.000000	173.172342	104.293882	5.549501e-01	2.610098e-02	4.473727e+02	3.798724e-02	
48.000000	56.000000	190.808131	7.358252	6.282222e-01	3.132003e-02	4.463728e+02	4.212214e-02	
48.000000	60.000000	214.305573	506.839091	6.286966e-01	3.134532e-02	4.439827e+02	4.133555e-02	
52.000000	0.000000	222.052231	8.681938	6.197169e-01	2.906308e-02	4.398339e+02	4.220894e-02	
52.000000	4.000000	180.096114	32.890918	6.036284e-01	3.442791e-02	4.442500e+02	4.181287e-02	
52.000000	8.000000	178.295269	21.549647	5.628597e-01	3.025053e-02	4.440712e+02	3.649128e-02	
52.000000	12.000000	176.615393	817.875883	5.868372e-01	2.936185e-02	4.443874e+02	4.017166e-02	
52.000000	16.000000	172.087455	23.785442	5.390641e-01	2.633375e-02	4.451814e+02	3.606437e-02	
52.000000	20.000000	168.411385	236.423618	5.581725e-01	2.866539e-02	4.457236e+02	3.778861e-02	
52.000000	24.000000	165.798615	35.540629	4.819781e-01	3.726356e-02	4.460139e+02	3.277143e-02	
52.000000	28.000000	164.260188	470.695724	5.478020e-01	2.592028e-02	4.462821e+02	3.662310e-02	
52.000000	32.000000	164.226980	231.462387	5.485195e-01	2.553958e-02	4.463461e+02	3.700991e-02	
52.000000	36.000000	164.157633	778.886311	5.752060e-01	2.809036e-02	4.466214e+02	3.924626e-02	
52.000000	40.000000	164.152045	181.288212	5.400793e-01	3.000964e-02	4.468167e+02	3.524314e-02	
52.000000	44.000000	165.803037	7.288309	5.522540e-01	3.059689e-02	4.472114e+02	3.718308e-02	
52.000000	48.000000	172.041924	25.290436	6.079730e-01	3.206319e-02	4.473821e+02	4.180503e-02	
52.000000	52.000000	179.634695	6.644538	5.857206e-01	3.128748e-02	4.470946e+02	3.857844e-02	
52.000000	56.000000	196.170293	5.411329	6.206931e-01	3.354162e-02	4.464004e+02	4.282417e-02	
52.000000	60.000000	217.605543	20.084840	6.540373e-01	3.789735e-02	4.446080e+02	4.503919e-02	
56.000000	0.000000	240.805056	8.060095	6.157684e-01	2.782726e-02	4.407720e+02	4.218406e-02	
56.000000	4.000000	197.058507	20.224593	6.538174e-01	3.210060e-02	4.429237e+02	4.351322e-02	
56.000000	8.000000	194.845231	34.670341	6.215367e-01	3.917711e-02	4.428545e+02	4.378858e-02	
56.000000	12.000000	190.825456	30.193003	6.079006e-01	3.133664e-02	4.431861e+02	4.014202e-02	
56.000000	16.000000	185.797709	0.087278	5.762979e-01	4.093410e-02	4.441206e+02	4.395779e-02	
56.000000	20.000000	182.249631	55.024223	6.253386e-01	4.042313e-02	4.448414e+02	4.547641e-02	
56.000000	24.000000	179.055535	43.326910	5.504339e-01	2.838667e-02	4.452023e+02	3.597655e-02	
56.000000	28.000000	176.708851	549.449294	6.174401e-01	2.874343e-02	4.455636e+02	4.114142e-02	
56.000000	32.000000	175.197726	973.474626	5.987330e-01	2.772620e-02	4.458253e+02	4.163342e-02	
56.000000	36.000000	173.441655	125.327912	5.785500e-01	3.009992e-02	4.460973e+02	3.768044e-02	
56.000000	40.000000	173.846114	72.323590	6.392168e-01	2.779488e-02	4.464014e+02	4.425782e-02	
56.000000	44.000000	176.798227	460.606389	5.769415e-01	2.803010e-02	4.465985e+02	3.948086e-02	
56.000000	48.000000	181.382719	145.268625	5.670309e-01	3.004909e-02	4.467382e+02	3.851426e-02	
56.000000	52.000000	190.809988	6.881630	5.795059e-01	2.702621e-02	4.466237e+02	3.896959e-02	
56.000000	56.000000	203.301914	20.809818	5.663334e-01	2.788682e-02	4.461554e+02	3.735375e-02	
56.000000	60.000000	226.644919	594.589652	6.277909e-01	2.610882e-02	4.446924e+02	4.638037e-02	
60.000000	0.000000	259.554264	14.172621	5.080167e-01	3.939773e-02	4.420516e+02	3.705544e-02	
60.000000	4.000000	243.479408	95.896073	6.082942e-01	2.584425e-02	4.407369e+02	4.505921e-02	
60.000000	8.000000	239.857469	45.573171	6.212197e-01	2.627803e-02	4.407245e+02	4.776230e-02	
60.000000	12.000000	233.409364	15.513696	5.974590e-01	3.206547e-02	4.413979e+02	4.041529e-02	
60.000000	16.000000	224.706754	903.945454	5.846944e-01	2.967903e-02	4.421605e+02	3.833798e-02	
60.000000	20.000000	217.617357	72.241222	6.397677e-01	3.149707e-02	4.432137e+02	4.248502e-02	
60.000000	24.000000	212.533422	927.959224	5.536834e-01	3.168942e-02	4.438661e+02	3.636477e-02	
60.000000	28.000000	208.362667	46.039094	6.138477e-01	3.113424e-02	4.443817e+02	4.115579e-02	
60.000000	32.000000	205.686872	62.686591	6.144487e-01	3.343632e-02	4.446515e+02	4.240909e-02	
60.000000	36.000000	204.007270	43.754632	5.500393e-01	3.164298e-02	4.449525e+02	4.030824e-02	
60.000000	40.000000	201.557354	619.644632	5.739815e-01	2.586591e-02	4.452781e+02	3.866554e-02	
60.000000	44.000000	201.564047	18.275291	5.928686e-01	2.861678e-02	4.454602e+02	4.004277e-02	
60.000000	48.000000	204.113219	9.511266	5.880520e-01	2.594905e-02	4.457015e+02	3.986057e-02	
60.000000	52.000000	210.210926	9.175937	5.398708e-01	2.633827e-02	4.458225e+02	3.623093e-02	
60.000000	56.000000	222.532205	9.996885	5.658364e-01	2.618514e-02	4.455094e+02	3.883118e-02	
60.000000	60.000000	244.369414	49.305493	6.283768e-01	3.567880e-02	4.446606e+02	4.332932e-02	
0.000000	0.000000	279.629424	11.064966	7.007977e-01	4.704116e-02	4.423518e+02	5.097199e-02	
