0.000000	4.000000	134.574818	4.966153	5.227992e-01	2.199502e-02	3.024804e+02	3.654923e-02	
0.000000	8.000000	134.552223	7.626695	4.916647e-01	3.103291e-02	3.019533e+02	3.133569e-02	
0.000000	12.000000	134.555708	7.693964	5.276468e-01	2.446174e-02	3.016676e+02	3.625877e-02	
0.000000	16.000000	134.553474	4.200735	5.454544e-01	3.480027e-02	3.018783e+02	3.650538e-02	
0.000000	20.000000	134.555750	3.238239	5.577624e-01	2.975153e-02	3.019669e+02	3.589040e-02	
0.000000	24.000000	129.916428	66.434653	5.497934e-01	2.459170e-02	3.024620e+02	3.787215e-02	
0.000000	28.000000	128.896362	3.109478	5.471110e-01	2.601241e-02	3.027833e+02	3.657145e-02	
0.000000	32.000000	130.575657	52.478285	4.741728e-01	3.276288e-02	3.030913e+02	2.889995e-02	
0.000000	36.000000	134.539137	161.199208	5.290705e-01	2.561005e-02	3.032956e+02	3.608557e-02	
0.000000	40.000000	140.803157	1.323487	5.464844e-01	2.423992e-02	3.035333e+02	3.769512e-02	
0.000000	44.000000	147.051887	2.061771	4.620120e-01	3.011713e-02	3.031593e+02	3.105133e-02	
0.000000	48.000000	161.185387	6.803164	5.442385e-01	2.971275e-02	3.019346e+02	3.483724e-02	
0.000000	52.000000	165.809602	3.381881	5.439649e-01	2.417975e-02	2.975619e+02	3.751948e-02	
0.000000	56.000000	152.324957	6.500442	5.493229e-01	2.580468e-02	2.896861e+02	3.687576e-02	
0.000000	60.000000	139.167472	6.888720	4.943462e-01	2.437275e-02	2.822662e+02	3.370733e-02	
4.000000	0.000000	134.555448	5.490247	5.052468e-01	2.440895e-02	2.832910e+02	3.444117e-02	
4.000000	4.000000	135.898769	20.169573	5.393114e-01	2.489757e-02	3.023574e+02	3.701245e-02	
4.000000	8.000000	135.707049	6.669533	4.995537e-01	2.243227e-02	3.016618e+02	3.481138e-02	
4.000000	12.000000	134.551952	4.989756	5.359018e-01	2.310244e-02	3.014904e+02	3.708092e-02	
4.000000	16.000000	134.551927	4.449604	5.408839e-01	2.384553e-02	3.014427e+02	3.736403e-02	
4.000000	20.000000	134.540189	166.677324	5.311852e-01	2.638833e-02	3.017912e+02	3.516147e-02	
4.000000	24.000000	134.555802	2.409541	5.223425e-01	2.899368e-02	3.022003e+02	3.482518e-02	
4.000000	28.000000	133.755779	91.380325	5.681419e-01	2.654666e-02	3.025423e+02	3.895915e-02	
4.000000	32.000000	134.550546	1.768522	6.478127e-01	4.270694e-02	3.028232e+02	4.797613e-02	
4.000000	36.000000	134.551783	1.804867	4.717548e-01	3.693070e-02	3.030301e+02	2.991904e-02	
4.000000	40.000000	140.811321	2.876568	4.953985e-01	2.302021e-02	3.033083e+02	3.434125e-02	
4.000000	44.000000	147.587070	3.155270	5.082752e-01	3.049792e-02	3.030561e+02	3.163864e-02	
4.000000	48.000000	164.217480	19.389108	4.893400e-01	2.514334e-02	3.017552e+02	3.370624e-02	
4.000000	52.000000	169.882643	1119.590659	5.255442e-01	3.004399e-02	2.980040e+02	3.313523e-02	
4.000000	56.000000	153.300362	5.862207	5.903420e-01	2.937865e-02	2.905841e+02	4.035115e-02	
4.000000	60.000000	140.795161	7.828571	5.987086e-01	2.973077e-02	2.823258e+02	3.994345e-02	
8.000000	0.000000	134.555930	7.929860	5.946705e-01	2.947575e-02	2.831796e+02	3.913501e-02	
8.000000	4.000000	135.881184	4.376818	5.067482e-01	2.212509e-02	3.023739e+02	3.535810e-02	
8.000000	8.000000	135.876624	3.759537	5.252940e-01	2.280742e-02	3.015921e+02	3.651031e-02	
8.000000	12.000000	139.142353	5.188174	5.573077e-01	2.552464e-02	3.014839e+02	3.797025e-02	
8.000000	16.000000	137.916434	54.394271	5.438501e-01	2.391168e-02	3.014905e+02	3.756804e-02	
8.000000	20.000000	135.102125	3.897454	5.295750e-01	1.982652e-02	3.014312e+02	3.183241e-02	
8.000000	24.000000	134.538817	5.497609	5.338603e-01	2.582768e-02	3.050256e+02	2.932083e-02	
8.000000	28.000000	134.550037	3.829931	5.362251e-01	2.008913e-02	3.055216e+02	3.217480e-02	
8.000000	32.000000	134.554318	29.608643	5.560669e-01	2.360750e-02	3.057882e+02	3.176740e-02	
8.000000	36.000000	135.743639	3.294194	5.109143e-01	2.629404e-02	3.059607e+02	2.850673e-02	
8.000000	40.000000	140.804202	2.809429	5.675996e-01	2.404109e-02	3.063524e+02	3.354762e-02	
8.000000	44.000000	148.807967	4.935522	4.578797e-01	3.217880e-02	3.060240e+02	2.400344e-02	
8.000000	48.000000	165.795393	6.396683	4.922993e-01	2.703363e-02	3.049621e+02	2.616509e-02	
8.000000	52.000000	172.045151	3.455483	5.452498e-01	2.120404e-02	3.014194e+02	3.227076e-02	
8.000000	56.000000	159.545166	12.656823	5.899032e-01	2.508637e-02	2.945176e+02	3.498802e-02	
8.000000	60.000000	141.364370	12.453633	5.541500e-01	2.324670e-02	2.853162e+02	3.212340e-02	
12.000000	0.000000	135.725152	8.054677	5.667486e-01	2.505490e-02	2.857687e+02	3.234386e-02	
12.000000	4.000000	140.802160	19.336100	5.235010e-01	2.943839e-02	3.049748e+02	3.378895e-02	
12.000000	8.000000	140.805400	20.303616	5.403422e-01	2.134860e-02	3.043897e+02	3.215618e-02	
12.000000	12.000000	140.795182	7.655724	5.784704e-01	2.523354e-02	3.041345e+02	3.272917e-02	
12.000000	16.000000	140.796411	4.735230	5.559271e-01	2.478173e-02	3.041417e+02	3.130024e-02	
12.000000	20.000000	139.205997	4.903941	5.796561e-01	2.520759e-02	3.042488e+02	3.318370e-02	
12.000000	24.000000	135.122171	3.521591	5.766459e-01	2.734865e-02	3.047555e+02	3.402707e-02	
12.000000	28.000000	134.557913	2.681383	5.647459e-01	2.557704e-02	3.050359e+02	3.169633e-02	
12.000000	32.000000	134.557901	2.031292	5.285921e-01	1.947592e-02	3.055182e+02	3.185953e-02	
12.000000	36.000000	140.219808	2.005996	5.661898e-01	2.555352e-02	3.057241e+02	3.330321e-02	
12.000000	40.000000	140.807898	2.582136	5.509820e-01	2.364676e-02	3.061853e+02	3.139956e-02	
12.000000	44.000000	151.880226	2.232534	4.865515e-01	2.817400e-02	3.060803e+02	2.591090e-02	
12.000000	48.000000	165.805439	5.625591	5.208542e-01	2.212589e-02	3.052301e+02	3.010399e-02	
12.000000	52.000000	178.302541	5.661413	5.346340e-01	2.637372e-02	3.019383e+02	3.289384e-02	
12.000000	56.000000	161.339182	7.355681	5.380648e-01	2.186075e-02	2.952410e+02	3.129418e-02	
12.000000	60.000000	147.055411	8.440468	5.295176e-01	1.999803e-02	2.855868e+02	3.178767e-02	
16.000000	0.000000	140.795210	4.922720	5.264579e-01	2.047498e-02	2.856392e+02	3.118286e-02	
16.000000	4.000000	141.660763	74.182299	5.378851e-01	2.507578e-02	3.048107e+02	3.034051e-02	
16.000000	8.000000	142.185746	74.724387	5.133762e-01	2.543140e-02	3.041840e+02	2.946060e-02	
16.000000	12.000000	141.630556	98.934361	5.327760e-01	2.627013e-02	3.039907e+02	2.956116e-02	
16.000000	16.000000	140.800748	5.769715	5.320273e-01	2.622520e-02	3.038138e+02	3.065360e-02	
16.000000	20.000000	140.792046	5.781152	5.160462e-01	2.965725e-02	3.039875e+02	3.231177e-02	
16.000000	24.000000	139.995888	3.042419	5.600414e-01	2.217651e-02	3.044682e+02	3.329750e-02	
16.000000	28.000000	138.237115	3.949678	5.315969e-01	2.222141e-02	3.048047e+02	3.107973e-02	
16.000000	32.000000	139.209210	53.514108	5.074277e-01	2.320535e-02	3.051728e+02	2.897385e-02	
16.000000	36.000000	140.807902	4.149537	5.524890e-01	2.145011e-02	3.054858e+02	3.292506e-02	
16.000000	40.000000	145.821262	50.118576	5.141162e-01	2.352540e-02	3.058594e+02	2.995722e-02	
16.000000	44.000000	153.301445	3.880907	5.377701e-01	2.422462e-02	3.058853e+02	3.070548e-02	
16.000000	48.000000	165.805687	13.879110	5.048390e-01	2.669658e-02	3.050130e+02	2.709202e-02	
16.000000	52.000000	179.519751	850.536292	5.476502e-01	2.511393e-02	3.022410e+02	3.197492e-02	
16.000000	56.000000	165.799656	6.445095	5.540787e-01	2.265018e-02	2.963796e+02	3.245998e-02	
16.000000	60.000000	152.276634	6.657296	5.640932e-01	2.265169e-02	2.865529e+02	3.349416e-02	
20.000000	0.000000	141.242983	4.982881	5.508517e-01	2.186786e-02	2.854062e+02	3.239356e-02	
20.000000	4.000000	147.054284	6.832467	5.818352e-01	2.232599e-02	3.043580e+02	3.401695e-02	
20.000000	8.000000	147.051900	6.518339	5.410850e-01	2.195975e-02	3.037651e+02	3.159057e-02	
20.000000	12.000000	146.264932	5.376068	5.331075e-01	2.004751e-02	3.035207e+02	3.194838e-02	
20.000000	16.000000	145.247897	136.477996	5.198453e-01	1.957300e-02	3.033904e+02	3.133098e-02	
20.000000	20.000000	141.570955	212.681094	5.361351e-01	2.316421e-02	3.037226e+02	3.148407e-02	
20.000000	24.000000	140.797728	171.266826	5.238006e-01	2.515496e-02	3.041782e+02	2.936517e-02	
20.000000	28.000000	140.804867	3.092850	5.343608e-01	2.057796e-02	3.046042e+02	3.194425e-02	
20.000000	32.000000	140.804138	3.211571	5.304042e-01	2.593268e-02	3.049382e+02	3.161123e-02	
20.000000	36.000000	140.795660	2.931654	5.267862e-01	2.144953e-02	3.053276e+02	3.094600e-02	
20.000000	40.000000	147.057912	2.868125	5.113384e-01	2.027514e-02	3.056753e+02	3.067524e-02	
20.000000	44.000000	153.298347	5.998278	5.703325e-01	2.548356e-02	3.057068e+02	3.360970e-02	
20.000000	48.000000	165.805456	6.055090	5.526305e-01	2.551930e-02	3.050819e+02	3.079224e-02	
20.000000	52.000000	184.544991	6.547114	5.999049e-01	2.651446e-02	3.024154e+02	3.561778e-02	
20.000000	56.000000	172.074944	5.663367	5.629307e-01	2.575569e-02	2.968631e+02	3.168818e-02	
20.000000	60.000000	153.728952	6.582452	5.623140e-01	2.229974e-02	2.874522e+02	3.308228e-02	
24.000000	0.000000	147.055909	5.166733	5.457482e-01	2.362414e-02	2.852367e+02	3.119529e-02	
24.000000	4.000000	147.673559	5.728065	5.646672e-01	3.043215e-02	3.041383e+02	3.331788e-02	
24.000000	8.000000	147.510805	5.411049	5.822795e-01	2.495000e-02	3.033876e+02	3.448497e-02	
24.000000	12.000000	147.054258	5.881547	4.354814e-01	3.278746e-02	3.030667e+02	2.185310e-02	
24.000000	16.000000	147.063136	22.292657	5.176518e-01	2.476667e-02	3.031908e+02	2.911335e-02	
24.000000	20.000000	145.978272	5.634147	5.646928e-01	2.268782e-02	3.034929e+02	3.304270e-02	
24.000000	24.000000	142.096685	72.044523	5.048390e-01	2.669658e-02	3.040130e+02	2.709202e-02	
24.000000	28.000000	140.795151	3.551453	5.581215e-01	2.194684e-02	3.045071e+02	3.320827e-02	
24.000000	32.000000	140.802077	3.201648	5.189274e-01	2.522374e-02	3.049214e+02	2.888865e-02	
24.000000	36.000000	145.075451	104.675722	5.288071e-01	2.500384e-02	3.051886e+02	2.976850e-02	
24.000000	40.000000	147.051045	3.044768	5.237772e-01	2.250440e-02	3.057279e+02	3.081685e-02	
24.000000	44.000000	154.543230	67.982889	5.381369e-01	2.697327e-02	3.059388e+02	3.426668e-02	
24.000000	48.000000	167.040790	25.494093	5.269039e-01	2.084932e-02	3.053453e+02	3.141695e-02	
24.000000	52.000000	186.017510	8.774345	5.492102e-01	2.521941e-02	3.028557e+02	3.990440e-02	
24.000000	56.000000	178.300296	9.865728	5.444545e-01	2.580522e-02	2.977838e+02	3.170652e-02	
24.000000	60.000000	159.550966	6.814679	6.075555e-01	3.041799e-02	2.887559e+02	3.662094e-02	
28.000000	0.000000	147.045494	6.905834	5.679791e-01	2.813892e-02	2.850048e+02	3.452416e-02	
28.000000	4.000000	151.589487	6.715929	5.554310e-01	2.560786e-02	3.039613e+02	3.150608e-02	
28.000000	8.000000	151.707737	6.611273	5.440980e-01	2.329088e-02	3.032704e+02	3.131591e-02	
28.000000	12.000000	151.687665	6.664001	5.959337e-01	2.617244e-02	3.029568e+02	3.450273e-02	
28.000000	16.000000	149.322920	44.405817	5.828331e-01	4.165505e-02	3.030272e+02	4.103593e-02	
28.000000	20.000000	147.043820	6.520871	5.564318e-01	2.577750e-02	3.030480e+02	3.099433e-02	
28.000000	24.000000	146.233386	5.365950	5.627094e-01	2.211296e-02	3.036382e+02	3.286029e-02	
28.000000	28.000000	145.327858	116.407910	5.052102e-01	2.663678e-02	3.040072e+02	2.710443e-02	
28.000000	32.000000	145.478254	144.445451	5.650998e-01	2.266718e-02	3.044948e+02	3.335825e-02	
28.000000	36.000000	147.054148	4.565774	5.587309e-01	2.451025e-02	3.048841e+02	3.455967e-02	
28.000000	40.000000	149.147818	231.975467	5.548246e-01	2.185921e-02	3.053437e+02	3.239514e-02	
28.000000	44.000000	157.902748	85.103270	5.292300e-01	1.980173e-02	3.055392e+02	3.180237e-02	
28.000000	48.000000	170.544072	60.531979	4.878390e-01	2.731853e-02	3.051212e+02	2.638228e-02	
28.000000	52.000000	190.803817	9.078504	5.451064e-01	2.503566e-02	3.030752e+02	3.069042e-02	
28.000000	56.000000	184.555457	15.385204	5.579879e-01	2.194310e-02	2.984858e+02	3.319965e-02	
28.000000	60.000000	165.791564	6.394797	5.156474e-01	3.398325e-02	2.899370e+02	4.302066e-02	
32.000000	0.000000	153.301204	10.886789	5.783650e-01	2.405035e-02	2.845563e+02	3.428957e-02	
32.000000	4.000000	154.060568	677.823123	5.592703e-01	2.233136e-02	3.035707e+02	3.321891e-02	
32.000000	8.000000	154.693670	172.498824	5.676750e-01	2.452095e-02	3.028728e+02	3.596061e-02	
32.000000	12.000000	153.780203	145.599146	5.606937e-01	2.309181e-02	3.026269e+02	3.319406e-02	
32.000000	16.000000	153.743244	21.802190	5.706800e-01	2.634007e-02	3.027276e+02	3.356138e-02	
32.000000	20.000000	151.687274	6.051721	5.198261e-01	2.434914e-02	3.028836e+02	3.219679e-02	
32.000000	24.000000	148.422140	5.061025	5.159251e-01	2.080026e-02	3.033061e+02	3.039173e-02	
32.000000	28.000000	147.045177	4.117706	5.613352e-01	2.339056e-02	3.038314e+02	3.254726e-02	
32.000000	32.000000	147.053488	4.407998	5.315969e-01	2.221939e-02	3.041953e+02	3.107731e-02	
32.000000	36.000000	148.435748	5.196916	5.748786e-01	2.391938e-02	3.045844e+02	3.406534e-02	
32.000000	40.000000	152.466362	4.521268	5.457762e-01	2.172157e-02	3.053145e+02	3.188127e-02	
32.000000	44.000000	159.557912	50.144167	5.388591e-01	2.117021e-02	3.053786e+02	3.209204e-02	
32.000000	48.000000	172.083822	6.104617	5.644243e-01	2.748758e-02	3.051051e+02	3.222672e-02	
32.000000	52.000000	190.805131	7.964059	5.344874e-01	2.165363e-02	3.032827e+02	3.110862e-02	
32.000000	56.000000	190.800025	5.404513	5.367944e-01	2.193547e-02	2.992248e+02	3.127294e-02	
32.000000	60.000000	172.052056	8.211026	4.974113e-01	2.697078e-02	2.911365e+02	2.726113e-02	
36.000000	0.000000	159.551903	6.779017	5.382067e-01	2.371505e-02	2.842191e+02	3.064057e-02	
36.000000	4.000000	160.121715	29.726017	5.668414e-01	2.656824e-02	3.030682e+02	3.202060e-02	
36.000000	8.000000	160.135987	27.577275	5.275419e-01	2.083225e-02	3.023590e+02	3.156205e-02	
36.000000	12.000000	158.361368	17.828722	5.633707e-01	2.487383e-02	3.022932e+02	3.315638e-02	
36.000000	16.000000	157.929529	182.814240	6.254410e-01	2.979320e-02	3.023823e+02	3.745137e-02	
36.000000	20.000000	154.648021	13.025544	5.991325e-01	2.608939e-02	3.024789e+02	3.556274e-02	
36.000000	24.000000	153.300085	8.657408	4.815448e-01	3.242137e-02	3.029884e+02	3.010205e-02	
36.000000	28.000000	151.695318	27.589336	5.559491e-01	2.188765e-02	3.035496e+02	3.307365e-02	
36.000000	32.000000	151.485509	65.630631	4.787350e-01	3.204802e-02	3.039914e+02	2.902602e-02	
36.000000	36.000000	152.068159	3.874812	5.938434e-01	2.602753e-02	3.043980e+02	3.522311e-02	
36.000000	40.000000	154.160751	4.820011	5.246652e-01	2.696770e-02	3.051629e+02	2.951022e-02	
36.000000	44.000000	161.039720	4.075346	5.220087e-01	2.360051e-02	3.052386e+02	2.987550e-02	
36.000000	48.000000	172.698846	6.179662	4.661180e-01	2.733050e-02	3.051247e+02	2.515660e-02	
36.000000	52.000000	194.365334	1117.308515	5.541782e-01	2.237470e-02	3.036167e+02	3.286619e-02	
36.000000	56.000000	198.200127	14.096377	5.518257e-01	2.559044e-02	2.999077e+02	3.504009e-02	
36.000000	60.000000	179.394765	809.262642	5.739587e-01	2.756566e-02	2.928718e+02	3.285018e-02	
40.000000	0.000000	164.157667	7.854720	5.593601e-01	2.745906e-02	2.840919e+02	3.189811e-02	
40.000000	4.000000	164.164161	13.465882	5.452346e-01	2.506871e-02	3.030722e+02	3.076217e-02	
40.000000	8.000000	164.197572	11.048276	5.435136e-01	2.402775e-02	3.021219e+02	3.131211e-02	
40.000000	12.000000	164.201286	8.797086	5.258665e-01	2.420506e-02	3.018750e+02	3.317838e-02	
40.000000	16.000000	162.266409	6.466597	5.709628e-01	2.774663e-02	3.019518e+02	3.325192e-02	
40.000000	20.000000	160.726389	8.341925	5.451675e-01	2.735103e-02	3.021791e+02	3.162150e-02	
40.000000	24.000000	157.841138	800.034807	5.872275e-01	3.246638e-02	3.028690e+02	3.567325e-02	
40.000000	28.000000	154.597280	70.800421	5.561046e-01	2.224479e-02	3.034080e+02	3.301936e-02	
40.000000	32.000000	154.682815	633.177154	5.413102e-01	2.763452e-02	3.038333e+02	3.123999e-02	
40.000000	36.000000	155.289117	68.658545	5.731596e-01	2.557799e-02	3.043002e+02	3.380885e-02	
40.000000	40.000000	158.840012	29.926476	5.639391e-01	3.758908e-02	3.049830e+02	3.587187e-02	
40.000000	44.000000	165.837222	5.140011	5.305153e-01	2.124045e-02	3.053389e+02	3.154484e-02	
40.000000	48.000000	176.564254	3.461535	5.179301e-01	1.991465e-02	3.053614e+02	3.113282e-02	
40.000000	52.000000	197.051897	9.929249	5.401423e-01	2.851320e-02	3.039875e+02	3.354542e-02	
40.000000	56.000000	209.551966	19.891664	5.942380e-01	2.683427e-02	3.006583e+02	3.525779e-02	
40.000000	60.000000	190.808818	13.351883	5.619192e-01	2.360445e-02	2.942322e+02	3.218966e-02	
44.000000	0.000000	172.046228	11.397677	5.893266e-01	3.203727e-02	2.848552e+02	3.570692e-02	
44.000000	4.000000	170.460999	268.587694	5.815822e-01	2.620076e-02	3.023099e+02	3.444285e-02	
44.000000	8.000000	170.309130	348.841414	5.459776e-01	2.330759e-02	3.017009e+02	3.213550e-02	
44.000000	12.000000	170.184460	878.080672	5.485525e-01	2.118334e-02	3.014608e+02	3.271978e-02	
44.000000	16.000000	167.916541	81.256387	5.637080e-01	2.246242e-02	3.014929e+02	3.349784e-02	
44.000000	20.000000	167.269880	23.711938	5.573096e-01	2.154231e-02	3.017657e+02	3.327765e-02	
44.000000	24.000000	163.707424	231.807698	5.492934e-01	2.366882e-02	3.021661e+02	3.133250e-02	
44.000000	28.000000	160.944565	6.069812	5.752645e-01	2.356263e-02	3.027529e+02	3.311664e-02	
44.000000	32.000000	160.890846	76.129763	5.399707e-01	2.459361e-02	3.032404e+02	3.148925e-02	
44.000000	36.000000	160.909802	4.629821	5.832876e-01	3.103790e-02	3.038435e+02	3.497070e-02	
44.000000	40.000000	163.644997	232.450380	5.526172e-01	2.197933e-02	3.045957e+02	3.283285e-02	
44.000000	44.000000	168.352890	69.118239	4.954348e-01	2.651179e-02	3.050901e+02	2.668146e-02	
44.000000	48.000000	178.753315	5.144466	5.627816e-01	2.572072e-02	3.050608e+02	3.144744e-02	
44.000000	52.000000	198.397295	9.198112	5.925632e-01	2.600302e-02	3.040366e+02	3.346467e-02	
44.000000	56.000000	219.745936	1073.240168	5.410458e-01	2.156166e-02	3.013647e+02	3.214750e-02	
44.000000	60.000000	202.293530	6.284829	5.773674e-01	2.419634e-02	2.954121e+02	3.420809e-02	
48.000000	0.000000	181.531148	1135.687598	5.622610e-01	2.339810e-02	2.861627e+02	3.279226e-02	
48.000000	4.000000	179.606767	793.870071	5.754752e-01	2.646790e-02	3.017277e+02	3.394191e-02	
48.000000	8.000000	179.547542	746.691882	5.449417e-01	2.673872e-02	3.009994e+02	3.131595e-02	
48.000000	12.000000	179.684401	14.427883	5.133762e-01	2.543140e-02	3.008160e+02	2.945987e-02	
48.000000	16.000000	176.509608	18.250964	5.608149e-01	2.402813e-02	3.006792e+02	3.307034e-02	
48.000000	20.000000	174.742551	52.917432	5.239395e-01	2.596624e-02	3.009747e+02	2.885081e-02	
48.000000	24.000000	170.863670	422.881801	5.643319e-01	2.192859e-02	3.016749e+02	3.293002e-02	
48.000000	28.000000	167.277027	288.972111	5.555973e-01	2.186402e-02	3.024026e+02	3.262373e-02	
48.000000	32.000000	167.151857	4.947641	5.552185e-01	2.569322e-02	3.029644e+02	3.157715e-02	
48.000000	36.000000	166.697292	685.944804	5.401128e-01	2.075073e-02	3.034912e+02	3.224698e-02	
48.000000	40.000000	168.263323	61.410966	5.566125e-01	2.468379e-02	3.040981e+02	3.168911e-02	
48.000000	44.000000	173.688810	224.629306	5.745539e-01	2.427819e-02	3.046195e+02	3.400688e-02	
48.000000	48.000000	184.544295	6.306320	5.826162e-01	2.249151e-02	3.047778e+02	4.000433e-02	
48.000000	52.000000	203.306685	13.740492	5.764345e-01	2.623578e-02	3.040553e+02	3.475073e-02	
48.000000	56.000000	228.301976	9.375501	5.754871e-01	3.050778e-02	3.018458e+02	3.423630e-02	
48.000000	60.000000	215.804457	10.457693	5.903846e-01	2.789855e-02	2.967284e+02	3.504686e-02	
52.000000	0.000000	197.717906	7.961259	5.345303e-01	2.637448e-02	2.880781e+02	2.959423e-02	
52.000000	4.000000	192.954489	990.332988	5.731596e-01	2.557797e-02	3.006998e+02	3.380842e-02	
52.000000	8.000000	192.467692	918.894198	4.536674e-01	3.136702e-02	2.999797e+02	2.305821e-02	
52.000000	12.000000	192.052982	503.351036	5.163712e-01	2.935797e-02	2.999239e+02	3.773487e-02	
52.000000	16.000000	190.837222	25.532446	5.764428e-01	2.583266e-02	2.999605e+02	3.312586e-02	
52.000000	20.000000	187.500000	58.652556	5.679424e-01	2.504485e-02	3.002136e+02	3.238119e-02	
52.000000	24.000000	182.787338	652.204085	5.569966e-01	2.303422e-02	3.008238e+02	3.729228e-02	
52.000000	28.000000	179.270274	167.840604	5.065343e-01	1.949313e-02	3.016500e+02	3.042577e-02	
52.000000	32.000000	176.687658	40.298484	5.674132e-01	2.378401e-02	3.022794e+02	3.265637e-02	
52.000000	36.000000	176.580099	32.949728	5.763048e-01	2.506247e-02	3.028879e+02	3.264645e-02	
52.000000	40.000000	176.558436	22.937839	5.699306e-01	2.337988e-02	3.035775e+02	3.378959e-02	
