0.000000	4.000000	122.075589	6.684936	6.156602e-01	2.832480e-02	4.594071e+02	4.171285e-02	
0.000000	8.000000	122.049102	10.370331	6.542089e-01	3.165916e-02	4.591623e+02	4.373620e-02	
0.000000	12.000000	122.058503	6.351237	6.401361e-01	2.952432e-02	4.591996e+02	4.423413e-02	
0.000000	16.000000	122.051993	4.388980	6.242790e-01	2.720676e-02	4.593756e+02	4.279327e-02	
0.000000	20.000000	121.051678	4.585878	6.692731e-01	3.039679e-02	4.594790e+02	4.724359e-02	
0.000000	24.000000	121.294755	3.890670	6.888812e-01	4.441203e-02	4.596107e+02	4.927930e-02	
0.000000	28.000000	122.050119	3.617023	6.214876e-01	2.768671e-02	4.596068e+02	4.171450e-02	
0.000000	32.000000	122.084299	4.315015	6.467139e-01	3.183542e-02	4.595066e+02	4.426392e-02	
0.000000	36.000000	128.303889	3.370078	6.174146e-01	3.151225e-02	4.589437e+02	4.074340e-02	
0.000000	40.000000	132.765535	5.141772	5.827421e-01	2.770391e-02	4.583914e+02	3.903237e-02	
0.000000	44.000000	140.807445	9.373886	6.427347e-01	3.484718e-02	4.567655e+02	4.269979e-02	
0.000000	48.000000	148.449855	5.023930	7.019542e-01	4.512572e-02	4.533575e+02	4.804896e-02	
0.000000	52.000000	142.193389	5.278246	6.825467e-01	3.381987e-02	4.470887e+02	4.596091e-02	
0.000000	56.000000	134.555361	4.579695	6.205008e-01	2.913964e-02	4.398419e+02	4.273295e-02	
0.000000	60.000000	128.296175	5.171336	7.223480e-01	3.774648e-02	4.339173e+02	5.191946e-02	
4.000000	0.000000	122.040093	6.778822	6.734089e-01	3.169618e-02	4.347809e+02	4.640657e-02	
4.000000	4.000000	122.055869	6.865701	5.265688e-01	3.234764e-02	4.590734e+02	4.179575e-02	
4.000000	8.000000	122.050038	4.017868	5.909430e-01	2.962395e-02	4.589318e+02	3.905785e-02	
4.000000	12.000000	122.049136	6.056677	5.946418e-01	3.057485e-02	4.589913e+02	3.914109e-02	
4.000000	16.000000	122.060161	7.885610	6.605712e-01	3.330849e-02	4.590810e+02	4.637426e-02	
4.000000	20.000000	122.061187	4.627113	5.934636e-01	3.122102e-02	4.596737e+02	4.068130e-02	
4.000000	24.000000	122.054141	4.632986	6.352373e-01	3.527970e-02	4.595622e+02	4.398481e-02	
4.000000	28.000000	122.070390	16.919730	6.197791e-01	3.024991e-02	4.595485e+02	4.142622e-02	
4.000000	32.000000	122.043193	3.100155	7.185218e-01	4.970394e-02	4.594167e+02	5.217693e-02	
4.000000	36.000000	128.247828	3.585364	6.982198e-01	3.577290e-02	4.589041e+02	4.666517e-02	
4.000000	40.000000	134.555304	2.857912	6.551878e-01	3.856673e-02	4.585830e+02	4.591463e-02	
4.000000	44.000000	140.807895	4.734752	6.494031e-01	3.277807e-02	4.570173e+02	4.384272e-02	
4.000000	48.000000	153.297994	7.684627	7.056887e-01	3.623016e-02	4.536009e+02	4.666910e-02	
4.000000	52.000000	147.054138	4.081684	5.959465e-01	3.421047e-02	4.480938e+02	4.105812e-02	
4.000000	56.000000	137.238314	1167.960527	6.346823e-01	2.978405e-02	4.408256e+02	4.439715e-02	
4.000000	60.000000	128.311784	5.570546	6.982698e-01	4.298124e-02	4.343217e+02	4.759797e-02	
8.000000	0.000000	128.307912	5.348156	6.253157e-01	3.139356e-02	4.343772e+02	4.192374e-02	
8.000000	4.000000	127.544755	5.965704	6.288459e-01	3.057698e-02	4.591103e+02	4.395070e-02	
8.000000	8.000000	123.704596	1032.609687	6.761510e-01	3.416690e-02	4.589119e+02	4.490868e-02	
8.000000	12.000000	122.048015	6.148769	5.636789e-01	3.454244e-02	4.590552e+02	4.670933e-02	
8.000000	16.000000	122.057850	5.850965	6.455499e-01	3.164962e-02	4.592655e+02	4.165222e-02	
8.000000	20.000000	122.048399	9.823655	5.909466e-01	2.670026e-02	4.593419e+02	3.977725e-02	
8.000000	24.000000	122.045613	8.833695	6.639255e-01	3.170287e-02	4.594933e+02	4.614179e-02	
8.000000	28.000000	122.054275	3.386863	6.773697e-01	3.494145e-02	4.595734e+02	4.763461e-02	
8.000000	32.000000	124.079533	1072.934104	7.316471e-01	5.224066e-02	4.595478e+02	5.345854e-02	
8.000000	36.000000	128.300868	16.015115	6.021569e-01	3.105250e-02	4.589697e+02	3.977085e-02	
8.000000	40.000000	134.504978	4.615359	5.695177e-01	2.822205e-02	4.586555e+02	3.821119e-02	
8.000000	44.000000	140.768511	4.012730	6.126011e-01	3.072083e-02	4.569828e+02	4.013542e-02	
8.000000	48.000000	153.279462	6.329926	6.699466e-01	3.542167e-02	4.541158e+02	4.499576e-02	
8.000000	52.000000	151.459225	1.704597	6.448219e-01	2.872538e-02	4.487131e+02	4.412342e-02	
8.000000	56.000000	140.793900	5.211407	6.761343e-01	3.204274e-02	4.417637e+02	4.624748e-02	
8.000000	60.000000	133.698979	5.672755	6.210080e-01	3.803369e-02	4.347299e+02	4.280291e-02	
12.000000	0.000000	128.308174	5.241966	6.455155e-01	3.225508e-02	4.343969e+02	4.349785e-02	
12.000000	4.000000	128.303302	7.957233	6.192310e-01	3.540861e-02	4.590528e+02	5.003866e-02	
12.000000	8.000000	128.298478	5.125040	6.470956e-01	3.325122e-02	4.586498e+02	4.284361e-02	
12.000000	12.000000	126.589423	604.970845	6.425778e-01	3.221188e-02	4.588211e+02	4.256066e-02	
12.000000	16.000000	122.636577	455.433142	5.836710e-01	2.962225e-02	4.590551e+02	3.838648e-02	
12.000000	20.000000	122.059529	4.939873	6.112394e-01	2.582646e-02	4.593064e+02	4.281566e-02	
12.000000	24.000000	122.057909	4.087319	7.140059e-01	3.840297e-02	4.595297e+02	5.071942e-02	
12.000000	28.000000	123.290741	229.419150	5.747710e-01	3.012720e-02	4.592785e+02	3.890888e-02	
12.000000	32.000000	128.305431	3.200385	6.149416e-01	2.785875e-02	4.592318e+02	4.192590e-02	
12.000000	36.000000	128.304411	3.686121	6.242238e-01	3.179486e-02	4.590694e+02	4.122117e-02	
12.000000	40.000000	134.586438	8.967357	6.453619e-01	3.617807e-02	4.585245e+02	4.392295e-02	
12.000000	44.000000	142.260081	7.272764	6.700124e-01	4.341557e-02	4.572114e+02	4.786617e-02	
12.000000	48.000000	153.312942	5.956000	7.144295e-01	3.746617e-02	4.544353e+02	4.970575e-02	
12.000000	52.000000	153.295150	5.286775	6.439460e-01	3.784638e-02	4.492193e+02	4.410283e-02	
12.000000	56.000000	145.550176	5.462184	6.303745e-01	2.776024e-02	4.426064e+02	4.333514e-02	
12.000000	60.000000	134.554153	6.015313	6.888397e-01	3.999969e-02	4.353614e+02	4.658071e-02	
16.000000	0.000000	129.162373	7.447318	7.332317e-01	3.862289e-02	4.341037e+02	4.926882e-02	
16.000000	4.000000	128.302510	5.205904	6.036677e-01	3.204487e-02	4.585676e+02	4.080372e-02	
16.000000	8.000000	128.305370	8.864822	6.419488e-01	2.949973e-02	4.583173e+02	4.356644e-02	
16.000000	12.000000	128.304217	7.404138	5.795153e-01	2.785965e-02	4.584531e+02	3.969878e-02	
16.000000	16.000000	128.308056	4.895249	6.505232e-01	2.678856e-02	4.585732e+02	4.381761e-02	
16.000000	20.000000	126.642469	854.526236	5.995852e-01	3.755663e-02	4.588344e+02	4.231904e-02	
16.000000	24.000000	126.639889	900.223379	5.765767e-01	3.055809e-02	4.590528e+02	4.044603e-02	
16.000000	28.000000	128.295493	3.884383	5.966399e-01	3.391633e-02	4.589093e+02	4.090148e-02	
16.000000	32.000000	128.304222	8.901551	5.854556e-01	3.085002e-02	4.589676e+02	3.854238e-02	
16.000000	36.000000	129.657977	7.540446	6.595672e-01	3.284980e-02	4.590131e+02	4.362102e-02	
16.000000	40.000000	134.555845	3.077568	5.732121e-01	2.773711e-02	4.586037e+02	3.930567e-02	
16.000000	44.000000	146.034947	5.993737	7.054907e-01	3.496815e-02	4.572648e+02	4.815187e-02	
16.000000	48.000000	154.560196	6.000970	7.007566e-01	3.463432e-02	4.548163e+02	4.640198e-02	
16.000000	52.000000	158.768442	6.039123	6.277367e-01	3.120155e-02	4.500346e+02	4.138442e-02	
16.000000	56.000000	147.051347	6.004749	6.917590e-01	3.247056e-02	4.437560e+02	5.385502e-02	
16.000000	60.000000	140.812800	4.917857	6.929586e-01	3.532714e-02	4.359821e+02	4.630005e-02	
20.000000	0.000000	134.555838	5.953898	6.899714e-01	4.584152e-02	4.341595e+02	5.133173e-02	
20.000000	4.000000	131.052274	10.494112	6.291021e-01	3.331263e-02	4.584524e+02	4.244319e-02	
20.000000	8.000000	129.012417	8.411555	6.247108e-01	3.769092e-02	4.581640e+02	4.374783e-02	
20.000000	12.000000	128.299813	6.748282	6.033819e-01	3.404834e-02	4.582241e+02	4.060968e-02	
20.000000	16.000000	128.301890	12.955403	5.906120e-01	2.794935e-02	4.586078e+02	3.950449e-02	
20.000000	20.000000	128.302004	6.088586	6.127268e-01	3.082905e-02	4.588274e+02	4.038691e-02	
20.000000	24.000000	128.296317	5.357024	5.758213e-01	2.589428e-02	4.587426e+02	3.913728e-02	
20.000000	28.000000	128.302935	7.845080	6.211343e-01	3.385104e-02	4.588844e+02	4.192009e-02	
20.000000	32.000000	128.297607	5.109994	5.905775e-01	2.956455e-02	4.589234e+02	3.881590e-02	
20.000000	36.000000	134.558686	3.727085	6.193630e-01	2.588654e-02	4.587047e+02	4.519093e-02	
20.000000	40.000000	135.913303	919.104594	6.098768e-01	3.272046e-02	4.584029e+02	4.110699e-02	
20.000000	44.000000	147.045137	4.500659	6.597938e-01	3.694870e-02	4.573569e+02	4.448823e-02	
20.000000	48.000000	159.557902	7.163185	6.502176e-01	3.117178e-02	4.548058e+02	4.346557e-02	
20.000000	52.000000	160.062643	7.484474	7.339447e-01	4.561071e-02	4.505650e+02	5.246548e-02	
20.000000	56.000000	153.325184	7.991419	6.674379e-01	3.806896e-02	4.442302e+02	4.521965e-02	
20.000000	60.000000	140.808145	5.484611	6.558058e-01	3.340779e-02	4.367272e+02	4.375325e-02	
24.000000	0.000000	134.556006	6.061506	7.142252e-01	3.566650e-02	4.338370e+02	5.252213e-02	
24.000000	4.000000	134.545148	7.050959	5.256764e-01	2.774559e-02	4.582610e+02	3.527736e-02	
24.000000	8.000000	134.540587	5.718062	5.670576e-01	3.113716e-02	4.579677e+02	3.974231e-02	
24.000000	12.000000	132.775280	8.578591	6.017199e-01	3.017602e-02	4.580471e+02	3.973277e-02	
24.000000	16.000000	128.300331	8.515037	6.136967e-01	3.143597e-02	4.581340e+02	4.044127e-02	
24.000000	20.000000	128.299899	5.451848	6.557168e-01	3.272429e-02	4.585266e+02	4.516359e-02	
24.000000	24.000000	128.301684	6.316973	5.564376e-01	2.832992e-02	4.586905e+02	3.728732e-02	
24.000000	28.000000	128.305418	5.776128	6.026324e-01	3.256888e-02	4.587625e+02	4.017418e-02	
24.000000	32.000000	130.227596	12.743840	5.464524e-01	2.757534e-02	4.587265e+02	3.633435e-02	
24.000000	36.000000	134.556001	6.317357	6.509282e-01	3.890467e-02	4.586610e+02	4.594993e-02	
24.000000	40.000000	140.804855	3.744337	6.268191e-01	3.555664e-02	4.582068e+02	4.244197e-02	
24.000000	44.000000	147.052795	7.725010	6.560437e-01	2.952187e-02	4.573476e+02	4.388793e-02	
24.000000	48.000000	159.564979	6.105984	6.638165e-01	3.042812e-02	4.552646e+02	4.488314e-02	
24.000000	52.000000	165.795216	5.805118	6.965999e-01	3.810775e-02	4.509486e+02	4.856080e-02	
24.000000	56.000000	157.959113	6.579417	6.944272e-01	3.367440e-02	4.453551e+02	4.792082e-02	
24.000000	60.000000	147.053474	6.802604	6.360387e-01	3.188929e-02	4.379826e+02	4.203554e-02	
28.000000	0.000000	140.795165	5.908194	7.083535e-01	3.488066e-02	4.336850e+02	4.903993e-02	
28.000000	4.000000	134.554138	5.916889	6.666696e-01	3.325337e-02	4.580263e+02	4.415120e-02	
28.000000	8.000000	134.554897	7.049935	6.416511e-01	2.796412e-02	4.577043e+02	5.262427e-02	
28.000000	12.000000	134.557754	9.062979	5.979426e-01	2.762825e-02	4.578174e+02	4.106562e-02	
28.000000	16.000000	134.555664	4.492228	5.938684e-01	3.027086e-02	4.580255e+02	3.927071e-02	
28.000000	20.000000	132.806610	6.655326	5.787229e-01	2.741692e-02	4.584365e+02	3.910885e-02	
28.000000	24.000000	131.726132	10.358330	6.126041e-01	2.657448e-02	4.586639e+02	4.177611e-02	
28.000000	28.000000	133.036904	7.621251	6.310437e-01	3.079920e-02	4.586452e+02	4.231560e-02	
28.000000	32.000000	134.539043	4.000068	5.942425e-01	2.589003e-02	4.586998e+02	4.053831e-02	
28.000000	36.000000	134.577248	4.219899	6.110206e-01	2.869720e-02	4.585754e+02	4.122501e-02	
28.000000	40.000000	140.807810	10.291378	5.773750e-01	3.312957e-02	4.581699e+02	3.869534e-02	
28.000000	44.000000	147.055822	4.861828	7.077683e-01	3.362044e-02	4.574401e+02	5.066084e-02	
28.000000	48.000000	159.572892	6.665956	6.726067e-01	3.172975e-02	4.557770e+02	4.613360e-02	
28.000000	52.000000	172.054156	9.410584	6.742354e-01	3.347893e-02	4.517748e+02	4.512331e-02	
28.000000	56.000000	160.919311	684.913839	6.923708e-01	3.496411e-02	4.465789e+02	4.963718e-02	
28.000000	60.000000	153.337479	6.653923	6.532933e-01	3.349729e-02	4.391316e+02	4.336881e-02	
32.000000	0.000000	141.222086	7.649577	6.521756e-01	2.662155e-02	4.334234e+02	4.405161e-02	
32.000000	4.000000	140.794817	6.468291	7.202066e-01	5.128869e-02	4.576836e+02	5.385086e-02	
32.000000	8.000000	139.179020	875.330642	6.546757e-01	2.719155e-02	4.573792e+02	4.793082e-02	
32.000000	12.000000	135.311300	145.047286	6.797528e-01	4.421749e-02	4.577003e+02	4.937863e-02	
32.000000	16.000000	134.554392	6.961625	5.880035e-01	2.978513e-02	4.579024e+02	3.838394e-02	
32.000000	20.000000	134.548635	9.926413	6.039426e-01	2.821067e-02	4.582462e+02	4.034650e-02	
32.000000	24.000000	134.551955	7.471701	6.390099e-01	3.414228e-02	4.584619e+02	4.318155e-02	
32.000000	28.000000	134.539304	10.245264	5.807351e-01	2.791529e-02	4.584718e+02	3.978905e-02	
32.000000	32.000000	134.540981	5.948167	6.072413e-01	3.120115e-02	4.586120e+02	4.043617e-02	
32.000000	36.000000	139.189814	863.580644	6.531506e-01	3.655398e-02	4.584295e+02	4.410969e-02	
32.000000	40.000000	141.200015	5.825943	5.858842e-01	3.336201e-02	4.581073e+02	3.964617e-02	
32.000000	44.000000	149.738314	1138.243370	6.892069e-01	3.064698e-02	4.574946e+02	5.028146e-02	
32.000000	48.000000	159.559945	6.471332	6.230850e-01	3.018949e-02	4.558905e+02	4.275108e-02	
32.000000	52.000000	174.000475	1104.755490	6.773299e-01	3.671735e-02	4.522097e+02	4.543493e-02	
32.000000	56.000000	166.313763	8.752167	6.391322e-01	3.503746e-02	4.474010e+02	4.302422e-02	
32.000000	60.000000	158.763121	6.339844	6.386410e-01	2.978142e-02	4.406749e+02	4.311357e-02	
36.000000	0.000000	147.062782	6.489887	7.128755e-01	3.279972e-02	4.335782e+02	4.720547e-02	
36.000000	4.000000	140.804152	8.307685	6.472453e-01	4.027857e-02	4.574452e+02	4.421961e-02	
36.000000	8.000000	140.795863	9.175770	6.291423e-01	3.460538e-02	4.571822e+02	4.230342e-02	
36.000000	12.000000	140.805763	6.886696	6.415195e-01	3.474720e-02	4.572435e+02	4.291373e-02	
36.000000	16.000000	139.579513	328.028009	6.770557e-01	4.233448e-02	4.573907e+02	4.806305e-02	
36.000000	20.000000	135.399348	754.249024	6.373018e-01	3.161424e-02	4.578880e+02	4.584574e-02	
36.000000	24.000000	134.886486	7.447644	6.354264e-01	2.953040e-02	4.583159e+02	4.286321e-02	
36.000000	28.000000	135.786253	583.286060	6.080102e-01	2.750668e-02	4.586201e+02	4.107030e-02	
36.000000	32.000000	139.115168	200.018619	5.802180e-01	2.846344e-02	4.586032e+02	3.970347e-02	
36.000000	36.000000	140.826466	11.114662	6.492235e-01	3.964170e-02	4.585591e+02	4.419264e-02	
36.000000	40.000000	147.057912	4.285617	6.359171e-01	3.566699e-02	4.584042e+02	4.412088e-02	
36.000000	44.000000	153.302650	5.342994	6.529744e-01	3.039848e-02	4.576188e+02	4.330576e-02	
36.000000	48.000000	164.921805	7.237735	5.409497e-01	3.661723e-02	4.561155e+02	3.782014e-02	
36.000000	52.000000	178.337243	8.115550	6.651737e-01	3.383514e-02	4.528901e+02	4.416475e-02	
36.000000	56.000000	173.428183	949.779072	5.974626e-01	3.044997e-02	4.483500e+02	3.977079e-02	
36.000000	60.000000	165.807910	6.827403	6.636872e-01	3.304781e-02	4.417890e+02	4.422703e-02	
40.000000	0.000000	153.335769	6.522449	6.037841e-01	3.318953e-02	4.342997e+02	4.053961e-02	
40.000000	4.000000	147.056007	8.528624	6.669990e-01	3.165384e-02	4.571727e+02	4.793567e-02	
40.000000	8.000000	147.051912	6.847062	6.106759e-01	3.061061e-02	4.569485e+02	4.001473e-02	
40.000000	12.000000	144.011686	14.713085	6.813426e-01	3.434338e-02	4.570044e+02	4.551290e-02	
40.000000	16.000000	140.795653	6.431641	6.650564e-01	3.528588e-02	4.573192e+02	4.456881e-02	
40.000000	20.000000	140.807614	13.424496	6.333191e-01	3.076538e-02	4.574817e+02	4.303744e-02	
40.000000	24.000000	140.797102	7.393369	6.173670e-01	2.602108e-02	4.577009e+02	4.410280e-02	
40.000000	28.000000	140.794906	8.929784	6.378139e-01	3.501347e-02	4.579766e+02	4.751547e-02	
40.000000	32.000000	140.802869	9.320064	5.825949e-01	3.302526e-02	4.581597e+02	3.900559e-02	
40.000000	36.000000	142.402841	12.433282	6.433373e-01	3.713783e-02	4.583467e+02	4.472307e-02	
40.000000	40.000000	147.047948	6.158885	6.107615e-01	3.111415e-02	4.580388e+02	4.021255e-02	
40.000000	44.000000	153.337517	5.981956	6.454291e-01	2.669726e-02	4.576486e+02	4.753035e-02	
40.000000	48.000000	165.803684	11.615499	5.745206e-01	2.845758e-02	4.564412e+02	3.873004e-02	
40.000000	52.000000	183.337627	7.224840	6.957560e-01	2.705512e-02	4.535484e+02	4.619772e-02	
40.000000	56.000000	184.554676	8.574898	6.832365e-01	4.378559e-02	4.493598e+02	4.897131e-02	
40.000000	60.000000	172.044567	7.605365	6.496116e-01	2.891376e-02	4.432951e+02	4.518480e-02	
44.000000	0.000000	159.565074	6.990963	6.304411e-01	3.034175e-02	4.358348e+02	4.196405e-02	
44.000000	4.000000	152.468878	133.838838	5.983895e-01	3.076808e-02	4.564962e+02	4.056300e-02	
44.000000	8.000000	148.824989	1033.020496	6.405637e-01	3.563648e-02	4.565196e+02	4.353765e-02	
44.000000	12.000000	147.074147	6.755216	6.603743e-01	3.259455e-02	4.568105e+02	4.371453e-02	
44.000000	16.000000	147.053215	10.887892	5.979750e-01	2.938179e-02	4.571041e+02	4.146063e-02	
44.000000	20.000000	145.911572	6.699526	5.945821e-01	2.707684e-02	4.576565e+02	3.990214e-02	
44.000000	24.000000	145.226307	9.855461	6.642452e-01	3.177652e-02	4.577704e+02	4.481091e-02	
44.000000	28.000000	145.865508	5.103544	5.913025e-01	3.483618e-02	4.581045e+02	4.103107e-02	
44.000000	32.000000	146.222025	4.919939	5.956935e-01	2.990936e-02	4.582017e+02	3.925452e-02	
44.000000	36.000000	147.049850	12.091482	6.297572e-01	3.279278e-02	4.583253e+02	4.207342e-02	
44.000000	40.000000	152.453464	5.871686	6.737893e-01	3.609887e-02	4.580769e+02	4.595623e-02	
44.000000	44.000000	159.535553	6.448581	6.268612e-01	3.161912e-02	4.579871e+02	4.189509e-02	
44.000000	48.000000	168.552274	11.716913	6.402509e-01	3.048225e-02	4.567462e+02	4.288407e-02	
44.000000	52.000000	184.551806	7.970119	6.519729e-01	3.185335e-02	4.545042e+02	4.380410e-02	
44.000000	56.000000	190.796004	8.301640	7.140924e-01	4.021948e-02	4.502133e+02	4.830322e-02	
44.000000	60.000000	179.693230	9.829145	6.614682e-01	3.280285e-02	4.447403e+02	4.422675e-02	
48.000000	0.000000	170.449741	8.086938	6.761682e-01	3.860309e-02	4.374588e+02	4.597736e-02	
48.000000	4.000000	157.798980	12.623142	6.900042e-01	3.842017e-02	4.563321e+02	4.650370e-02	
48.000000	8.000000	154.620848	15.763147	6.595461e-01	3.287770e-02	4.560044e+02	4.367200e-02	
48.000000	12.000000	153.305340	10.342069	6.980187e-01	3.678521e-02	4.559783e+02	4.913252e-02	
48.000000	16.000000	153.301984	8.634191	6.749134e-01	3.847316e-02	4.564640e+02	4.644719e-02	
48.000000	20.000000	150.165347	1106.339251	6.740794e-01	3.274867e-02	4.568666e+02	4.593455e-02	
48.000000	24.000000	147.427532	8.675129	6.072229e-01	2.643828e-02	4.573372e+02	4.139965e-02	
48.000000	28.000000	147.639083	99.107223	6.405498e-01	2.655604e-02	4.576517e+02	4.655665e-02	
48.000000	32.000000	148.540775	954.501053	6.054959e-01	3.261659e-02	4.579541e+02	4.465726e-02	
48.000000	36.000000	152.529831	5.801169	6.417249e-01	3.107183e-02	4.578447e+02	4.880262e-02	
48.000000	40.000000	153.945557	8.455033	5.233809e-01	3.495156e-02	4.580623e+02	3.560527e-02	
48.000000	44.000000	160.713095	404.613116	6.665885e-01	3.498902e-02	4.580189e+02	4.550945e-02	
48.000000	48.000000	172.055528	10.021078	6.582430e-01	3.455760e-02	4.569067e+02	4.420815e-02	
48.000000	52.000000	190.815053	7.914816	6.078079e-01	3.392493e-02	4.546167e+02	4.086260e-02	
48.000000	56.000000	203.305426	9.961125	7.134513e-01	3.778032e-02	4.510220e+02	5.005480e-02	
48.000000	60.000000	191.169980	10.619087	6.010962e-01	2.648166e-02	4.463355e+02	4.075453e-02	
52.000000	0.000000	179.503767	9.830774	6.873133e-01	3.230878e-02	4.394064e+02	4.805866e-02	
52.000000	4.000000	165.805764	24.341676	6.700042e-01	2.546835e-02	4.554523e+02	4.504186e-02	
52.000000	8.000000	164.054468	15.893538	6.399917e-01	3.182266e-02	4.550840e+02	4.499831e-02	
52.000000	12.000000	161.166425	967.120477	6.910136e-01	3.234266e-02	4.554360e+02	4.659193e-02	
52.000000	16.000000	159.550200	9.417993	6.335936e-01	3.077032e-02	4.558868e+02	4.224917e-02	
52.000000	20.000000	157.905464	9.513050	6.882064e-01	3.751000e-02	4.566436e+02	4.649029e-02	
52.000000	24.000000	156.479843	23.511107	6.202496e-01	3.054654e-02	4.568964e+02	4.090049e-02	
52.000000	28.000000	154.879261	17.841668	6.731846e-01	3.231035e-02	4.571585e+02	4.621090e-02	
52.000000	32.000000	156.784459	18.457306	6.643469e-01	2.576846e-02	4.575788e+02	4.546966e-02	
52.000000	36.000000	158.859691	6.402521	5.973319e-01	3.512403e-02	4.577918e+02	4.145702e-02	
52.000000	40.000000	159.919935	7.676373	6.072602e-01	2.939428e-02	4.577871e+02	5.452494e-02	
52.000000	44.000000	166.250346	7.755637	6.566508e-01	3.523982e-02	4.575824e+02	4.540157e-02	
52.000000	48.000000	178.304749	8.534261	6.146592e-01	3.447988e-02	4.568302e+02	4.152618e-02	
52.000000	52.000000	195.477223	9.023145	6.552214e-01	3.128713e-02	4.552111e+02	4.405324e-02	
52.000000	56.000000	215.793284	12.341565	6.612625e-01	3.490085e-02	4.522530e+02	4.378222e-02	
52.000000	60.000000	209.564909	13.159809	6.721549e-01	2.860290e-02	4.477002e+02	4.810244e-02	
56.000000	0.000000	197.060745	10.656609	6.506576e-01	3.758832e-02	4.414419e+02	4.532813e-02	
56.000000	4.000000	181.283422	34.606958	6.229445e-01	3.385545e-02	4.545244e+02	4.152105e-02	
56.000000	8.000000	179.587455	30.671437	6.533608e-01	4.237443e-02	4.540950e+02	5.033049e-02	
56.000000	12.000000	177.134496	19.046088	6.080720e-01	3.765452e-02	4.543429e+02	4.164467e-02	
56.000000	16.000000	173.368391	351.474570	7.741585e-01	4.223130e-02	4.550511e+02	5.405172e-02	
56.000000	20.000000	171.075120	16.945228	6.901789e-01	3.162848e-02	4.556508e+02	4.977422e-02	
56.000000	24.000000	169.043243	29.292056	6.398758e-01	4.107638e-02	4.560220e+02	5.276259e-02	
56.000000	28.000000	167.189814	11.280273	6.051008e-01	3.103196e-02	4.565169e+02	4.057453e-02	
56.000000	32.000000	166.789167	9.879749	6.770019e-01	3.339809e-02	4.568720e+02	4.526633e-02	
56.000000	36.000000	167.474055	23.443028	6.889755e-01	3.827125e-02	4.572826e+02	4.634379e-02	
56.000000	40.000000	172.054138	11.210729	6.562416e-01	3.531556e-02	4.573193e+02	4.396273e-02	
56.000000	44.000000	176.654517	159.961315	6.183973e-01	2.810272e-02	4.572423e+02	5.275527e-02	
56.000000	48.000000	184.548628	10.833032	6.090872e-01	3.318752e-02	4.569112e+02	4.113355e-02	
56.000000	52.000000	203.294753	8.713645	6.438308e-01	2.849116e-02	4.552693e+02	4.527715e-02	
56.000000	56.000000	225.880737	1080.842620	6.848307e-01	3.289255e-02	4.531722e+02	4.827597e-02	
56.000000	60.000000	234.554274	12.135382	6.778615e-01	2.996611e-02	4.493273e+02	4.919676e-02	
60.000000	0.000000	222.045849	13.732497	6.287178e-01	3.137701e-02	4.440043e+02	4.140990e-02	
60.000000	4.000000	235.732130	729.374405	5.859004e-01	2.993260e-02	4.521132e+02	4.448001e-02	
60.000000	8.000000	232.295001	77.913705	5.705294e-01	4.533355e-02	4.521125e+02	4.723785e-02	
60.000000	12.000000	226.271212	765.182638	6.561717e-01	2.988187e-02	4.523337e+02	4.507677e-02	
60.000000	16.000000	219.495192	71.576697	6.610535e-01	3.226044e-02	4.531318e+02	4.416938e-02	
60.000000	20.000000	212.916435	984.674652	6.397064e-01	3.188694e-02	4.539218e+02	4.219032e-02	
60.000000	24.000000	207.339363	51.280525	6.702574e-01	3.583500e-02	4.545954e+02	4.439601e-02	
60.000000	28.000000	201.734272	190.900396	7.149446e-01	3.748049e-02	4.549448e+02	4.932706e-02	
60.000000	32.000000	197.912594	105.828889	6.970663e-01	3.119725e-02	4.556317e+02	5.125236e-02	
60.000000	36.000000	195.319338	17.564455	6.810241e-01	3.387501e-02	4.561060e+02	4.541037e-02	
60.000000	40.000000	195.477224	22.116699	6.281662e-01	3.305668e-02	4.564429e+02	4.234298e-02	
60.000000	44.000000	197.583510	23.089964	6.253392e-01	2.838099e-02	4.567326e+02	4.243384e-02	
60.000000	48.000000	204.035541	14.640253	6.812582e-01	3.611436e-02	4.562000e+02	4.555209e-02	
60.000000	52.000000	220.174601	25.034653	6.587719e-01	2.606995e-02	4.556372e+02	4.830996e-02	
60.000000	56.000000	242.060196	20.025340	6.773034e-01	3.213162e-02	4.538120e+02	4.920961e-02	
60.000000	60.000000	276.550705	13.120287	7.275830e-01	5.524431e-02	4.507940e+02	5.827765e-02	
0.000000	0.000000	273.783940	998.423572	6.240724e-01	3.204667e-02	4.467155e+02	4.129290e-02	
