0.000000	4.000000	137.899670	86.242864	5.695310e-01	3.258993e-02	4.471985e+02	3.863552e-02	
0.000000	8.000000	132.092417	2.408652	5.371674e-01	2.867367e-02	4.471822e+02	3.494677e-02	
0.000000	12.000000	134.551576	2.856505	5.420182e-01	2.784213e-02	4.472420e+02	3.571092e-02	
0.000000	16.000000	123.690400	1.822886	5.547305e-01	2.500038e-02	4.475047e+02	3.816984e-02	
0.000000	20.000000	128.900258	2.668535	5.353926e-01	2.501174e-02	4.476779e+02	3.607333e-02	
0.000000	24.000000	117.949190	13.379019	5.352992e-01	2.374075e-02	4.475959e+02	3.698188e-02	
0.000000	28.000000	127.949749	242.347516	5.393455e-01	2.575866e-02	4.477193e+02	3.608164e-02	
0.000000	32.000000	128.301790	188.432173	5.522540e-01	3.059694e-02	4.477886e+02	3.718217e-02	
0.000000	36.000000	128.843103	1.023720	1.528814e+02	1.563038e+02	4.355980e+02	7.382846e+02	
0.000000	40.000000	133.444493	62.404491	2.467157e+02	2.226719e+02	7.637494e+02	1.829976e+02	
0.000000	44.000000	135.029679	1.948716	5.497409e-01	2.477248e-02	4.484840e+02	3.758374e-02	
0.000000	48.000000	147.088160	28.417870	5.256275e-01	3.923349e-02	4.479487e+02	3.483182e-02	
0.000000	52.000000	161.735648	1124.258998	5.661392e-01	2.570868e-02	4.467439e+02	3.804103e-02	
0.000000	56.000000	165.800855	4.968591	5.120931e-01	2.620764e-02	4.432470e+02	3.472091e-02	
0.000000	60.000000	154.820921	7.146572	5.756557e-01	2.567424e-02	4.367895e+02	4.104516e-02	
4.000000	0.000000	147.045620	9.140377	6.023156e-01	2.604436e-02	4.316849e+02	4.123192e-02	
4.000000	4.000000	140.801938	3.452275	4.809921e-01	2.998602e-02	4.471229e+02	3.031706e-02	
4.000000	8.000000	139.213828	102.698071	5.422225e-01	3.270752e-02	4.470601e+02	3.616222e-02	
4.000000	12.000000	135.060861	2.085358	4.994156e-01	2.138669e-02	4.473872e+02	3.522561e-02	
4.000000	16.000000	134.559580	2.622652	6.086720e-01	2.633957e-02	4.476665e+02	4.164622e-02	
4.000000	20.000000	133.554444	1.907173	5.754029e-01	2.903898e-02	4.478821e+02	3.758417e-02	
4.000000	24.000000	129.807633	2.473856	5.831001e-01	3.137971e-02	4.479013e+02	4.628751e-02	
4.000000	28.000000	128.305384	1.652318	5.288326e-01	2.724957e-02	4.478684e+02	3.572474e-02	
4.000000	32.000000	128.296637	1.273266	5.584193e-01	3.212392e-02	4.479722e+02	3.790343e-02	
4.000000	36.000000	127.341177	30.136725	5.062959e-01	2.319236e-02	4.483255e+02	3.489258e-02	
4.000000	40.000000	135.129729	0.828983	5.249746e-01	2.260812e-02	4.484594e+02	3.655964e-02	
4.000000	44.000000	139.033326	45.919889	5.956603e-01	2.575708e-02	4.482755e+02	4.147569e-02	
4.000000	48.000000	147.045148	84.095889	5.629161e-01	2.875163e-02	4.480946e+02	3.896652e-02	
4.000000	52.000000	164.191632	863.638943	5.760995e-01	2.664216e-02	4.466461e+02	3.861298e-02	
4.000000	56.000000	172.055537	4.596938	6.373227e-01	3.899339e-02	4.437558e+02	4.540783e-02	
4.000000	60.000000	159.545155	6.560862	6.355272e-01	3.543422e-02	4.375858e+02	4.396384e-02	
8.000000	0.000000	146.357319	6.396398	5.929660e-01	2.967720e-02	4.315751e+02	4.063221e-02	
8.000000	4.000000	129.450779	43.297132	5.739434e-01	3.022452e-02	4.469814e+02	3.813982e-02	
8.000000	8.000000	129.431608	4.020685	5.288999e-01	2.885523e-02	4.468273e+02	3.425517e-02	
8.000000	12.000000	139.321357	69.754634	5.479083e-01	2.615527e-02	4.468270e+02	3.751167e-02	
8.000000	16.000000	134.551023	1.837829	5.120931e-01	2.620763e-02	4.472470e+02	3.472091e-02	
8.000000	20.000000	134.587222	2.079720	6.396453e-01	3.596766e-02	4.475672e+02	4.437492e-02	
8.000000	24.000000	141.104272	1.644566	5.905850e-01	2.734396e-02	4.476176e+02	3.963264e-02	
8.000000	28.000000	132.030155	237.751533	6.121611e-01	3.712916e-02	4.477992e+02	4.314814e-02	
8.000000	32.000000	131.511686	245.087559	5.579867e-01	3.388703e-02	4.478477e+02	3.769872e-02	
8.000000	36.000000	133.682890	1.394401	5.432722e-01	3.058009e-02	4.479986e+02	3.567506e-02	
8.000000	40.000000	134.557910	161.425501	5.668061e-01	2.842107e-02	4.482526e+02	3.741369e-02	
8.000000	44.000000	140.804998	1.275674	5.276332e-01	2.492564e-02	4.483025e+02	3.551355e-02	
8.000000	48.000000	135.192860	1.624338	4.920755e-01	3.027247e-02	4.480693e+02	3.101419e-02	
8.000000	52.000000	164.956424	6.601782	5.638657e-01	3.367993e-02	4.468345e+02	3.825227e-02	
8.000000	56.000000	172.045138	5.493718	5.380495e-01	3.335933e-02	4.441369e+02	3.564639e-02	
8.000000	60.000000	172.494347	528.019294	5.909625e-01	3.009914e-02	4.382118e+02	3.888681e-02	
12.000000	0.000000	153.302483	5.353854	6.233473e-01	2.812840e-02	4.315952e+02	4.235839e-02	
12.000000	4.000000	142.023125	6.358262	5.304149e-01	2.662807e-02	4.471792e+02	3.511995e-02	
12.000000	8.000000	140.805487	3.209869	5.057562e-01	3.169395e-02	4.468577e+02	3.295328e-02	
12.000000	12.000000	128.166243	3.719554	5.270133e-01	3.131265e-02	4.469835e+02	3.540583e-02	
12.000000	16.000000	137.367281	49.906362	5.937194e-01	3.001395e-02	4.474014e+02	4.068530e-02	
12.000000	20.000000	134.551704	2.177995	5.764564e-01	2.757618e-02	4.475654e+02	3.939526e-02	
12.000000	24.000000	123.708699	2.273834	5.993576e-01	3.075875e-02	4.476077e+02	4.102538e-02	
12.000000	28.000000	134.569223	1.149517	5.020182e-01	2.638554e-02	4.478202e+02	3.172071e-02	
12.000000	32.000000	123.708699	1.226350	5.487554e-01	2.839445e-02	4.479034e+02	3.603893e-02	
12.000000	36.000000	134.546134	1.734259	5.377800e-01	2.871419e-02	4.481072e+02	3.456632e-02	
12.000000	40.000000	134.560166	1.071929	5.764259e-01	2.829585e-02	4.483781e+02	3.941629e-02	
12.000000	44.000000	141.282326	180.894371	4.279469e+00	1.699846e+02	4.597789e+02	2.051377e+03	
12.000000	48.000000	147.507334	253.465638	4.928542e-01	3.329596e-02	4.480553e+02	3.076636e-02	
12.000000	52.000000	165.796587	4.914360	4.971298e-01	3.126085e-02	4.469848e+02	3.058975e-02	
12.000000	56.000000	178.311887	149.071680	5.596740e-01	2.585769e-02	4.444410e+02	3.805250e-02	
12.000000	60.000000	165.795263	6.639946	5.817141e-01	3.261545e-02	4.391362e+02	3.881171e-02	
16.000000	0.000000	153.310577	6.009658	5.243793e-01	3.027506e-02	4.319801e+02	3.312321e-02	
16.000000	4.000000	147.046225	3.265674	5.756931e-01	2.775532e-02	4.468553e+02	3.884134e-02	
16.000000	8.000000	145.306611	170.980923	6.203619e-01	2.666917e-02	4.466462e+02	4.272249e-02	
16.000000	12.000000	140.798595	2.757823	5.821283e-01	2.588329e-02	4.467063e+02	3.923482e-02	
16.000000	16.000000	140.791483	2.478714	5.413582e-01	3.432176e-02	4.469785e+02	4.130575e-02	
16.000000	20.000000	136.007201	70.365389	5.403747e-01	2.357115e-02	4.475048e+02	3.738840e-02	
16.000000	24.000000	134.551233	1.623830	5.691078e-01	2.709669e-02	4.475595e+02	3.872114e-02	
16.000000	28.000000	124.561467	27.031488	5.326943e-01	2.342784e-02	4.475645e+02	3.671592e-02	
16.000000	32.000000	134.554064	30.665985	5.381300e-01	2.688702e-02	4.477214e+02	3.650770e-02	
16.000000	36.000000	134.552501	1.687800	5.291130e-01	3.145532e-02	4.480317e+02	3.432852e-02	
16.000000	40.000000	137.175495	962.262555	4.769349e-01	3.314092e-02	4.481210e+02	3.060304e-02	
16.000000	44.000000	125.062942	1.464275	5.601520e-01	2.581134e-02	4.484602e+02	3.805736e-02	
16.000000	48.000000	158.428465	608.646762	5.486193e-01	2.629580e-02	4.481653e+02	3.800485e-02	
16.000000	52.000000	165.795207	5.437872	5.598355e-01	3.741077e-02	4.470468e+02	4.239501e-02	
16.000000	56.000000	178.764668	28.185642	5.621255e-01	2.660730e-02	4.446129e+02	3.847508e-02	
16.000000	60.000000	172.058752	10.078722	5.836544e-01	3.233904e-02	4.398389e+02	5.635846e-02	
20.000000	0.000000	159.556004	8.788691	5.986112e-01	2.972265e-02	4.325119e+02	4.054619e-02	
20.000000	4.000000	147.051832	4.722013	5.980405e-01	2.632577e-02	4.466737e+02	4.055128e-02	
20.000000	8.000000	147.052017	5.137747	5.652063e-01	2.616191e-02	4.465283e+02	3.878567e-02	
20.000000	12.000000	146.114008	3.286886	6.472966e-01	3.695024e-02	4.464662e+02	4.498687e-02	
20.000000	16.000000	140.803823	2.523496	5.871667e-01	2.905655e-02	4.468555e+02	3.856881e-02	
20.000000	20.000000	140.807346	2.184103	4.836941e-01	3.347535e-02	4.470754e+02	2.972129e-02	
20.000000	24.000000	138.574697	905.857163	5.676465e-01	2.553122e-02	4.472236e+02	3.886538e-02	
20.000000	28.000000	135.144099	3.803761	5.690031e-01	2.669215e-02	4.475115e+02	3.861418e-02	
20.000000	32.000000	135.053204	2.405189	5.642481e-01	2.648892e-02	4.474591e+02	3.851492e-02	
20.000000	36.000000	136.093100	59.183811	5.910480e-01	3.077529e-02	4.477482e+02	3.920491e-02	
20.000000	40.000000	129.431602	1.605643	5.403868e-01	2.902767e-02	4.478878e+02	4.090248e-02	
20.000000	44.000000	141.952057	47.112320	5.197307e-01	3.133043e-02	4.480964e+02	3.306977e-02	
20.000000	48.000000	153.305934	1.996787	5.526912e-01	3.040964e-02	4.479821e+02	3.686348e-02	
20.000000	52.000000	165.800266	21.424966	5.096070e-01	3.036335e-02	4.470483e+02	3.173504e-02	
20.000000	56.000000	184.553795	16.637702	5.109223e-01	3.276937e-02	4.450492e+02	3.780622e-02	
20.000000	60.000000	178.305668	5.600880	6.263562e-01	3.190814e-02	4.405269e+02	4.246268e-02	
24.000000	0.000000	169.866866	5.757289	5.461089e-01	2.610699e-02	4.331874e+02	3.685485e-02	
24.000000	4.000000	150.815458	136.948823	5.664332e-01	2.892995e-02	4.462950e+02	3.845529e-02	
24.000000	8.000000	147.890234	4.138117	5.539787e-01	2.835584e-02	4.461938e+02	3.618400e-02	
24.000000	12.000000	147.086567	54.108813	5.934014e-01	3.042981e-02	4.463644e+02	4.057344e-02	
24.000000	16.000000	150.992220	3.190385	5.798170e-01	3.354768e-02	4.467990e+02	3.971116e-02	
24.000000	20.000000	140.804142	2.543852	5.075088e-01	3.151293e-02	4.470123e+02	3.212813e-02	
24.000000	24.000000	140.801890	2.667467	5.744175e-01	3.163235e-02	4.471694e+02	3.797061e-02	
24.000000	28.000000	140.804138	1.904271	5.798889e-01	3.379804e-02	4.471195e+02	3.933527e-02	
24.000000	32.000000	140.192099	9.770536	5.534102e-01	2.597737e-02	4.472697e+02	3.697758e-02	
24.000000	36.000000	140.801951	1.650436	5.187843e-01	2.159330e-02	4.474853e+02	3.630670e-02	
24.000000	40.000000	140.797814	229.643056	5.670802e-01	2.925821e-02	4.478870e+02	3.683854e-02	
24.000000	44.000000	147.042219	2.121544	5.658154e-01	2.983167e-02	4.482628e+02	3.833649e-02	
24.000000	48.000000	153.302063	201.902601	4.872878e-01	3.680255e-02	4.480041e+02	3.421107e-02	
24.000000	52.000000	165.800013	4.219702	5.564269e-01	3.009854e-02	4.471474e+02	3.621751e-02	
24.000000	56.000000	169.620075	7.850818	5.368898e-01	2.323910e-02	4.455000e+02	3.721303e-02	
24.000000	60.000000	182.202903	5.837614	5.584088e-01	2.822949e-02	4.412939e+02	3.794925e-02	
28.000000	0.000000	167.092367	11.583661	5.080099e-01	2.933678e-02	4.341543e+02	3.242735e-02	
28.000000	4.000000	140.934940	5.939442	5.021337e-01	3.039183e-02	4.460593e+02	3.324769e-02	
28.000000	8.000000	153.300335	5.077211	5.766822e-01	2.884374e-02	4.458929e+02	3.774292e-02	
28.000000	12.000000	148.523855	99.798441	5.191392e-01	2.982845e-02	4.460792e+02	3.279683e-02	
28.000000	16.000000	147.056540	140.937797	6.352373e-01	3.527971e-02	4.465622e+02	4.398482e-02	
28.000000	20.000000	145.809260	2.860235	5.535708e-01	3.011811e-02	4.468467e+02	3.597091e-02	
28.000000	24.000000	141.435143	1.915379	4.452178e-01	3.619913e-02	4.470759e+02	2.618111e-02	
28.000000	28.000000	140.837204	19.431666	4.951806e-01	3.415559e-02	4.470562e+02	3.147469e-02	
28.000000	32.000000	140.802601	212.271294	5.324256e-01	2.890901e-02	4.471643e+02	3.444919e-02	
28.000000	36.000000	140.807092	156.103813	5.765342e-01	2.744588e-02	4.474671e+02	3.950667e-02	
28.000000	40.000000	142.036172	3.926896	5.426181e-01	2.664000e-02	4.478486e+02	3.752668e-02	
28.000000	44.000000	135.192861	207.129557	4.939912e-01	3.526139e-02	4.480642e+02	3.180149e-02	
28.000000	48.000000	136.632601	2.559139	5.355252e-01	3.673533e-02	4.480456e+02	3.907524e-02	
28.000000	52.000000	166.302291	4.503001	5.296759e-01	2.285837e-02	4.474372e+02	3.679539e-02	
28.000000	56.000000	189.243098	825.457684	5.659143e-01	2.618808e-02	4.455000e+02	3.883713e-02	
28.000000	60.000000	186.325132	1042.125699	5.570166e-01	3.200188e-02	4.420654e+02	3.700713e-02	
32.000000	0.000000	172.055924	6.320551	4.527647e-01	3.677124e-02	4.350649e+02	2.677274e-02	
32.000000	4.000000	162.202026	194.770257	5.870402e-01	3.684550e-02	4.458563e+02	4.099719e-02	
32.000000	8.000000	154.496064	4.676903	5.480582e-01	2.441890e-02	4.454527e+02	3.768307e-02	
32.000000	12.000000	153.296088	174.505815	5.657908e-01	2.627719e-02	4.456561e+02	3.792824e-02	
32.000000	16.000000	149.314764	92.429139	5.331560e-01	2.884117e-02	4.461614e+02	3.440848e-02	
32.000000	20.000000	135.172818	0.297602	5.386647e-01	2.353622e-02	4.465431e+02	3.727265e-02	
32.000000	24.000000	153.891769	2.183259	5.935562e-01	3.030472e-02	4.466221e+02	4.067145e-02	
32.000000	28.000000	145.209230	39.579663	6.363846e-01	3.929916e-02	4.467703e+02	4.550781e-02	
32.000000	32.000000	143.683269	246.224372	5.397556e-01	2.870875e-02	4.469023e+02	3.489297e-02	
32.000000	36.000000	145.156900	158.689013	5.561226e-01	2.805784e-02	4.472740e+02	3.694067e-02	
32.000000	40.000000	131.715824	1.855613	5.423783e-01	2.550899e-02	4.476907e+02	3.636536e-02	
32.000000	44.000000	146.314138	2.944291	5.410863e-01	3.187389e-02	4.481302e+02	3.538183e-02	
32.000000	48.000000	156.250000	149.400437	5.028553e-01	2.906527e-02	4.479035e+02	3.238815e-02	
32.000000	52.000000	171.644363	4.327364	6.328581e-01	3.366987e-02	4.475744e+02	4.314580e-02	
32.000000	56.000000	175.387427	7.831955	5.034244e-01	3.091868e-02	4.459244e+02	3.131213e-02	
32.000000	60.000000	195.405259	6.205952	5.451622e-01	3.520183e-02	4.429072e+02	5.111279e-02	
36.000000	0.000000	178.909354	10.652215	5.769515e-01	2.587431e-02	4.362883e+02	3.878402e-02	
36.000000	4.000000	159.550069	5.257226	5.938703e-01	2.985797e-02	4.455889e+02	4.060874e-02	
36.000000	8.000000	159.551122	32.100175	5.895687e-01	2.966909e-02	4.453915e+02	3.965394e-02	
36.000000	12.000000	160.640087	46.072640	5.447482e-01	2.485854e-02	4.453929e+02	3.707599e-02	
36.000000	16.000000	153.302074	2.551750	6.574293e-01	4.629048e-02	4.458780e+02	5.113185e-02	
36.000000	20.000000	151.446381	112.849671	5.327279e-01	3.070396e-02	4.461050e+02	3.413544e-02	
36.000000	24.000000	131.037475	2.594131	6.036160e-01	3.087636e-02	4.464435e+02	4.142494e-02	
36.000000	28.000000	147.055377	215.743389	5.880896e-01	2.986683e-02	4.466066e+02	4.003308e-02	
36.000000	32.000000	147.088121	40.338841	5.716674e-01	2.627960e-02	4.468121e+02	4.205391e-02	
36.000000	36.000000	135.192860	4.100058	5.649516e-01	2.811516e-02	4.471905e+02	3.701956e-02	
36.000000	40.000000	147.045743	2.351872	5.680946e-01	2.640509e-02	4.475234e+02	3.888334e-02	
36.000000	44.000000	153.295249	2.425832	5.794700e-01	3.228847e-02	4.477564e+02	3.944617e-02	
36.000000	48.000000	146.677022	4.283098	5.533092e-01	3.177936e-02	4.478144e+02	3.713410e-02	
36.000000	52.000000	172.059755	3.421834	5.515178e-01	2.586652e-02	4.476363e+02	3.766698e-02	
36.000000	56.000000	190.804024	9.940998	5.028553e-01	2.906627e-02	4.460965e+02	3.238998e-02	
36.000000	60.000000	203.299974	5.278462	5.771817e-01	2.673453e-02	4.433534e+02	3.876394e-02	
40.000000	0.000000	189.044159	745.400576	6.224183e-01	2.894388e-02	4.372930e+02	4.167661e-02	
40.000000	4.000000	165.801828	28.078203	5.376354e-01	3.190067e-02	4.450208e+02	3.586632e-02	
40.000000	8.000000	164.116629	146.697489	5.785516e-01	2.929665e-02	4.449235e+02	3.902224e-02	
40.000000	12.000000	152.313302	266.577733	5.204090e-01	2.867474e-02	4.452044e+02	3.473724e-02	
40.000000	16.000000	158.075694	4.347265	5.640984e-01	2.598477e-02	4.454718e+02	3.863361e-02	
40.000000	20.000000	153.295763	3.569532	5.106571e-01	3.035552e-02	4.459337e+02	3.527177e-02	
40.000000	24.000000	153.298825	0.006130	4.887903e-01	3.413676e-02	4.460690e+02	3.054393e-02	
40.000000	28.000000	152.048770	114.638709	5.198640e-01	2.651563e-02	4.462106e+02	3.431170e-02	
40.000000	32.000000	149.341802	60.542548	6.170765e-01	3.247796e-02	4.465330e+02	4.236753e-02	
40.000000	36.000000	149.706757	81.555027	5.970616e-01	3.002101e-02	4.469089e+02	4.243568e-02	
40.000000	40.000000	152.517643	1.479902	5.403028e-01	3.073218e-02	4.471886e+02	3.609801e-02	
40.000000	44.000000	136.104548	3.308578	5.740131e-01	2.862179e-02	4.476586e+02	3.910441e-02	
40.000000	48.000000	160.242202	2.710518	5.124588e-01	3.038366e-02	4.478492e+02	3.281921e-02	
40.000000	52.000000	172.053145	3.533257	5.772998e-01	2.747935e-02	4.475141e+02	3.956306e-02	
40.000000	56.000000	192.134831	7.265097	5.658364e-01	2.618510e-02	4.464906e+02	3.883115e-02	
40.000000	60.000000	209.557876	5.990507	5.828088e-01	2.957242e-02	4.440718e+02	3.801141e-02	
44.000000	0.000000	181.129507	13.625597	6.553500e-01	3.957685e-02	4.386700e+02	4.626996e-02	
44.000000	4.000000	171.008814	10.622417	6.162191e-01	3.523341e-02	4.447231e+02	4.288000e-02	
44.000000	8.000000	170.174625	6.449877	5.813438e-01	2.794353e-02	4.444906e+02	3.983371e-02	
44.000000	12.000000	165.805011	5.563168	6.118422e-01	3.297226e-02	4.446259e+02	4.179421e-02	
44.000000	16.000000	162.976123	102.424618	5.768706e-01	3.019672e-02	4.452014e+02	3.797335e-02	
44.000000	20.000000	159.552199	201.106357	5.806211e-01	2.595850e-02	4.457024e+02	3.905334e-02	
44.000000	24.000000	161.802311	243.958235	5.111751e-01	3.024572e-02	4.459671e+02	3.188950e-02	
44.000000	28.000000	153.894100	4.372118	6.086051e-01	3.404032e-02	4.460450e+02	4.262168e-02	
44.000000	32.000000	153.295140	3.069981	5.708428e-01	2.734378e-02	4.463971e+02	3.897784e-02	
44.000000	36.000000	153.295899	3.341607	6.195257e-01	3.282647e-02	4.465047e+02	4.264696e-02	
44.000000	40.000000	146.240157	3.568386	4.295232e-01	3.556530e-02	4.471100e+02	2.741514e-02	
44.000000	44.000000	159.550156	3.005992	5.978008e-01	3.023868e-02	4.475705e+02	4.098949e-02	
44.000000	48.000000	164.985973	4.029692	5.365709e-01	2.808542e-02	4.477579e+02	3.615533e-02	
44.000000	52.000000	176.665055	62.488979	6.007567e-01	2.933406e-02	4.475208e+02	4.051481e-02	
44.000000	56.000000	197.053817	4.591419	5.259002e-01	2.593118e-02	4.467531e+02	3.500852e-02	
44.000000	60.000000	212.264681	15.347960	5.465054e-01	2.411577e-02	4.444953e+02	3.762966e-02	
48.000000	0.000000	214.290123	6.076418	5.053726e-01	3.231188e-02	4.399557e+02	3.578053e-02	
48.000000	4.000000	178.949546	9.619041	5.554231e-01	2.925486e-02	4.440515e+02	3.599197e-02	
48.000000	8.000000	176.659078	415.711914	5.630505e-01	2.954221e-02	4.440478e+02	3.737737e-02	
48.000000	12.000000	173.301140	192.428901	6.304462e-01	3.557714e-02	4.443519e+02	4.382140e-02	
48.000000	16.000000	170.339810	5.208511	6.104109e-01	4.301333e-02	4.449290e+02	4.596632e-02	
48.000000	20.000000	165.804954	6.148783	5.154411e-01	3.000316e-02	4.450926e+02	3.246424e-02	
48.000000	24.000000	163.091450	113.426077	5.171642e-01	2.195484e-02	4.455786e+02	3.620266e-02	
48.000000	28.000000	160.192834	419.325358	5.547840e-01	3.027594e-02	4.458756e+02	4.628693e-02	
48.000000	32.000000	159.555437	33.426129	4.812044e-01	3.272281e-02	4.460741e+02	2.930536e-02	
48.000000	36.000000	159.553770	213.038606	5.860236e-01	2.977070e-02	4.463839e+02	3.990381e-02	
48.000000	40.000000	159.550365	34.571215	5.712028e-01	2.899637e-02	4.469159e+02	3.752370e-02	
48.000000	44.000000	163.305781	77.336474	5.644376e-01	2.964605e-02	4.472664e+02	3.831860e-02	
48.000000	48.000000	169.408196	51.818818	5.385872e-01	2.587205e-02	4.476884e+02	3.665754e-02	
48.000000	52.000000	179.062274	4.400014	5.668507e-01	2.645318e-02	4.476292e+02	3.817572e-02	
48.000000	56.000000	197.048517	4.297064	5.763904e-01	3.221958e-02	4.469983e+02	4.040341e-02	
48.000000	60.000000	223.456196	655.576896	5.161798e-01	2.880855e-02	4.452040e+02	3.369751e-02	
52.000000	0.000000	222.059112	19.335401	6.123279e-01	3.307945e-02	4.411861e+02	4.076171e-02	
52.000000	4.000000	175.361270	12.362715	6.428290e-01	3.189515e-02	4.432272e+02	4.271498e-02	
52.000000	8.000000	188.305782	668.340697	5.521619e-01	2.898303e-02	4.432523e+02	3.733092e-02	
52.000000	12.000000	183.671208	34.175754	5.974531e-01	3.005484e-02	4.435608e+02	4.087460e-02	
52.000000	16.000000	179.594178	5.512480	5.473757e-01	3.486364e-02	4.439709e+02	4.330859e-02	
52.000000	20.000000	169.779552	68.661252	5.742160e-01	2.734679e-02	4.445611e+02	3.933573e-02	
52.000000	24.000000	171.091382	62.819344	5.682790e-01	2.970091e-02	4.449938e+02	3.664204e-02	
52.000000	28.000000	170.313336	38.340442	5.497040e-01	2.582131e-02	4.452322e+02	3.658104e-02	
52.000000	32.000000	167.163299	51.151314	5.772016e-01	2.686217e-02	4.453670e+02	3.879670e-02	
52.000000	36.000000	167.041486	39.959449	5.564981e-01	2.830018e-02	4.457660e+02	3.660679e-02	
52.000000	40.000000	167.159971	4.668118	5.366565e-01	2.473876e-02	4.463817e+02	3.666633e-02	
52.000000	44.000000	170.226146	21.936351	6.094355e-01	2.974347e-02	4.468838e+02	4.036457e-02	
52.000000	48.000000	174.834653	97.154293	5.851569e-01	2.555434e-02	4.472647e+02	4.020897e-02	
52.000000	52.000000	184.545005	29.438178	5.570692e-01	2.558785e-02	4.474552e+02	3.796233e-02	
52.000000	56.000000	203.305720	47.365315	5.957733e-01	2.785358e-02	4.465995e+02	4.009816e-02	
52.000000	60.000000	229.475903	8.307443	5.662287e-01	2.633485e-02	4.454484e+02	3.874682e-02	
56.000000	0.000000	240.802197	10.805215	6.062890e-01	3.481745e-02	4.420531e+02	4.304364e-02	
56.000000	4.000000	210.740272	28.538368	6.178624e-01	3.021941e-02	4.423357e+02	4.129199e-02	
56.000000	8.000000	207.638962	54.002100	5.751172e-01	3.003669e-02	4.419749e+02	3.806736e-02	
56.000000	12.000000	201.713344	135.962874	5.793505e-01	2.731557e-02	4.424132e+02	3.907062e-02	
56.000000	16.000000	203.734932	32.238265	5.207602e-01	3.137518e-02	4.430948e+02	3.322700e-02	
56.000000	20.000000	190.802090	70.149307	5.898149e-01	2.765271e-02	4.436210e+02	3.937433e-02	
56.000000	24.000000	185.798625	699.881659	5.470982e-01	3.023150e-02	4.442191e+02	3.606709e-02	
56.000000	28.000000	183.688613	6.888242	5.668758e-01	2.648325e-02	4.444081e+02	3.832469e-02	
56.000000	32.000000	187.631576	48.352736	6.154288e-01	3.382872e-02	4.446658e+02	4.253761e-02	
56.000000	36.000000	179.626455	5.713382	5.314392e-01	2.849279e-02	4.451949e+02	3.464575e-02	
56.000000	40.000000	178.840664	71.623504	5.705949e-01	2.632717e-02	4.456788e+02	3.826805e-02	
56.000000	44.000000	179.689808	41.283866	5.379379e-01	2.629382e-02	4.462969e+02	3.661065e-02	
56.000000	48.000000	169.645343	124.605254	5.311260e-01	3.410782e-02	4.468804e+02	3.494866e-02	
56.000000	52.000000	195.006235	2.040014	5.442385e-01	2.971276e-02	4.470654e+02	3.483743e-02	
56.000000	56.000000	210.040953	3.897707	5.901539e-01	2.721898e-02	4.467989e+02	4.722889e-02	
56.000000	60.000000	236.070921	698.383480	6.264167e-01	4.370100e-02	4.459100e+02	4.761665e-02	
60.000000	0.000000	279.248462	47.562384	5.277460e-01	2.706068e-02	4.431459e+02	3.518934e-02	
60.000000	4.000000	294.559543	205.196939	5.771763e-01	3.308678e-02	4.407941e+02	3.943315e-02	
60.000000	8.000000	286.945100	801.215074	5.855335e-01	2.913756e-02	4.406121e+02	3.998939e-02	
60.000000	12.000000	277.262691	291.170611	5.906550e-01	3.555639e-02	4.410820e+02	4.195879e-02	
60.000000	16.000000	262.887647	821.206509	6.346082e-01	3.042910e-02	4.418719e+02	4.392771e-02	
60.000000	20.000000	249.144734	800.561834	5.601649e-01	2.833320e-02	4.428541e+02	4.388601e-02	
60.000000	24.000000	239.285948	790.130955	6.237028e-01	3.487177e-02	4.433341e+02	4.318999e-02	
60.000000	28.000000	231.744617	138.650100	5.899077e-01	2.663666e-02	4.436575e+02	3.961183e-02	
60.000000	32.000000	224.380576	863.757442	6.067121e-01	3.129486e-02	4.439703e+02	4.158794e-02	
60.000000	36.000000	217.617324	72.223760	5.848855e-01	2.926646e-02	4.443781e+02	4.002296e-02	
60.000000	40.000000	211.166426	806.293650	4.812313e-01	3.856933e-02	4.450198e+02	3.329988e-02	
60.000000	44.000000	208.134253	6.678113	5.560971e-01	2.517915e-02	4.454623e+02	3.814903e-02	
60.000000	48.000000	210.204448	47.148201	4.827007e-01	2.998812e-02	4.458831e+02	3.029008e-02	
60.000000	52.000000	198.326121	0.908323	5.322620e-01	3.097586e-02	4.459790e+02	3.447242e-02	
60.000000	56.000000	229.349726	6.100553	4.773073e-01	3.480014e-02	4.460092e+02	3.020586e-02	
60.000000	60.000000	253.960953	6.365021	5.640053e-01	2.667191e-02	4.453965e+02	3.861457e-02	
0.000000	0.000000	297.046269	33.915387	6.263967e-01	3.851496e-02	4.437877e+02	4.461517e-02	
