0.000000	4.000000	140.799712	11.625069	5.922511e-01	2.955872e-02	1.931852e+02	3.887192e-02	
0.000000	8.000000	140.807839	11.460384	6.190132e-01	2.591396e-02	1.926814e+02	4.362012e-02	
0.000000	12.000000	140.788812	4.803065	5.880764e-01	2.565300e-02	1.922778e+02	4.025425e-02	
0.000000	16.000000	140.768402	4.711588	6.463291e-01	2.767874e-02	1.924005e+02	4.534876e-02	
0.000000	20.000000	137.776339	14.372944	6.319171e-01	3.651255e-02	1.923092e+02	4.410327e-02	
0.000000	24.000000	134.559976	6.006240	6.008562e-01	3.380178e-02	1.932099e+02	4.038657e-02	
0.000000	28.000000	134.504819	3.825461	6.431924e-01	3.626190e-02	1.935000e+02	4.461010e-02	
0.000000	32.000000	129.987937	80.382259	6.420926e-01	3.388046e-02	1.933586e+02	4.294719e-02	
0.000000	36.000000	129.580325	49.952330	5.757916e-01	2.726840e-02	1.935234e+02	3.937625e-02	
0.000000	40.000000	134.551172	2.146539	5.951857e-01	2.981474e-02	1.934506e+02	4.032255e-02	
0.000000	44.000000	139.090029	143.819044	5.824846e-01	2.831207e-02	1.931298e+02	4.113906e-02	
0.000000	48.000000	153.279348	2.512743	5.743559e-01	2.550401e-02	1.917782e+02	4.006851e-02	
0.000000	52.000000	172.032129	7.471410	6.208452e-01	3.465451e-02	1.878214e+02	4.189502e-02	
0.000000	56.000000	153.296144	7.799347	6.232113e-01	3.537965e-02	4.523095e+02	4.335993e-02	
0.000000	60.000000	147.055589	6.254873	6.174736e-01	3.307174e-02	4.488622e+02	4.114812e-02	
4.000000	0.000000	140.795200	6.587408	6.559716e-01	3.349032e-02	4.499973e+02	4.440144e-02	
4.000000	4.000000	140.806132	6.594582	6.161071e-01	3.420600e-02	1.933199e+02	4.265152e-02	
4.000000	8.000000	140.803009	6.680704	5.568583e-01	2.848895e-02	1.920962e+02	3.751269e-02	
4.000000	12.000000	140.804208	6.166313	6.232480e-01	3.327592e-02	1.921077e+02	4.171758e-02	
4.000000	16.000000	140.805566	13.106220	6.408046e-01	3.385446e-02	1.920351e+02	4.362353e-02	
4.000000	20.000000	140.768448	4.016104	6.028387e-01	2.958372e-02	1.918954e+02	3.972208e-02	
4.000000	24.000000	135.080819	6.513608	6.048570e-01	2.689411e-02	1.927689e+02	4.823164e-02	
4.000000	28.000000	134.551951	4.416855	5.941827e-01	3.085044e-02	1.932620e+02	3.937682e-02	
4.000000	32.000000	134.554856	3.630966	5.964538e-01	3.170684e-02	1.933419e+02	4.062573e-02	
4.000000	36.000000	133.675655	3.478148	6.214733e-01	2.780230e-02	1.932269e+02	4.313777e-02	
4.000000	40.000000	134.548825	2.726802	5.801742e-01	2.893008e-02	1.933680e+02	3.897484e-02	
4.000000	44.000000	140.809626	1.735393	5.677732e-01	2.820331e-02	1.927918e+02	3.727763e-02	
4.000000	48.000000	153.279364	2.534045	5.968534e-01	3.053319e-02	1.917610e+02	3.942030e-02	
4.000000	52.000000	172.054717	5.595946	6.038543e-01	2.582714e-02	1.883083e+02	4.152542e-02	
4.000000	56.000000	159.553710	6.649377	5.946886e-01	2.672306e-02	4.533477e+02	3.998437e-02	
4.000000	60.000000	147.076303	5.198211	6.275740e-01	2.912111e-02	4.488052e+02	4.731958e-02	
8.000000	0.000000	145.335855	4.652973	6.470647e-01	3.398601e-02	4.498180e+02	4.301553e-02	
8.000000	4.000000	145.825195	778.628389	5.967176e-01	3.204072e-02	1.933277e+02	4.067981e-02	
8.000000	8.000000	144.749525	1070.012233	6.444438e-01	3.704953e-02	1.923939e+02	4.491897e-02	
8.000000	12.000000	142.507737	351.322135	6.059055e-01	3.232081e-02	1.920380e+02	4.098437e-02	
8.000000	16.000000	141.534381	7.717638	5.930608e-01	3.548106e-02	1.920206e+02	4.431865e-02	
8.000000	20.000000	140.798880	12.465814	6.310981e-01	3.004538e-02	1.921498e+02	4.594831e-02	
8.000000	24.000000	139.784947	4.346949	6.726813e-01	3.274351e-02	1.928540e+02	4.530357e-02	
8.000000	28.000000	134.554959	4.698001	6.042779e-01	3.400661e-02	1.932884e+02	4.153478e-02	
8.000000	32.000000	134.504775	5.275631	5.895196e-01	3.217826e-02	1.932916e+02	3.954226e-02	
8.000000	36.000000	134.549166	3.470223	6.020504e-01	2.874808e-02	1.934375e+02	4.058941e-02	
8.000000	40.000000	134.504527	3.126437	5.906120e-01	2.794863e-02	1.933922e+02	3.950356e-02	
8.000000	44.000000	140.768583	4.754762	6.010639e-01	3.022207e-02	1.929595e+02	3.979511e-02	
8.000000	48.000000	153.301042	2.935285	6.108967e-01	3.176249e-02	1.915564e+02	4.189413e-02	
8.000000	52.000000	172.051161	12.135489	5.598467e-01	2.617595e-02	1.885694e+02	3.819421e-02	
8.000000	56.000000	159.555401	9.562733	6.365252e-01	2.955009e-02	4.541784e+02	4.476002e-02	
8.000000	60.000000	151.705580	448.513866	6.481447e-01	3.450086e-02	4.486984e+02	4.324678e-02	
12.000000	0.000000	147.055599	8.695547	6.746265e-01	3.305923e-02	4.498634e+02	4.887609e-02	
12.000000	4.000000	147.058764	7.856219	6.344298e-01	4.191984e-02	1.932162e+02	4.512619e-02	
12.000000	8.000000	147.084578	6.807022	6.553813e-01	3.836313e-02	1.924368e+02	4.576808e-02	
12.000000	12.000000	147.052358	6.786013	6.906279e-01	3.396686e-02	1.918074e+02	4.647385e-02	
12.000000	16.000000	145.189786	356.625280	6.635757e-01	3.663722e-02	1.919415e+02	4.653804e-02	
12.000000	20.000000	141.463156	6.869790	6.031888e-01	3.029767e-02	1.920319e+02	3.935979e-02	
12.000000	24.000000	140.802808	4.291507	6.617088e-01	2.626971e-02	1.925078e+02	4.377542e-02	
12.000000	28.000000	136.570850	24.748890	6.482515e-01	3.198986e-02	1.929388e+02	4.326467e-02	
12.000000	32.000000	134.504928	4.294750	5.618767e-01	3.052323e-02	1.927658e+02	3.804387e-02	
12.000000	36.000000	134.568344	3.762256	5.923584e-01	2.761226e-02	1.933748e+02	3.954273e-02	
12.000000	40.000000	135.848326	4.218755	5.640050e-01	2.680830e-02	1.933830e+02	3.850312e-02	
12.000000	44.000000	140.805753	2.770250	6.160247e-01	2.880470e-02	1.927341e+02	4.118213e-02	
12.000000	48.000000	153.279416	0.160306	5.571716e-01	2.603699e-02	1.915549e+02	3.792692e-02	
12.000000	52.000000	172.883624	7.972523	6.319171e-01	3.651236e-02	1.886908e+02	4.410270e-02	
12.000000	56.000000	165.810773	8.771852	6.502471e-01	3.099781e-02	4.544731e+02	4.378113e-02	
12.000000	60.000000	153.305213	7.389188	6.277687e-01	3.669129e-02	4.484431e+02	4.193900e-02	
16.000000	0.000000	147.477263	8.421172	6.253362e-01	2.632189e-02	4.496600e+02	4.390264e-02	
16.000000	4.000000	147.671201	6.736274	6.563729e-01	4.266199e-02	1.927854e+02	4.818292e-02	
16.000000	8.000000	147.057544	8.097025	5.212481e-01	3.052965e-02	1.919805e+02	3.371732e-02	
16.000000	12.000000	147.051927	8.675508	6.289080e-01	3.663270e-02	1.917144e+02	4.398097e-02	
16.000000	16.000000	147.055909	16.097480	5.921258e-01	2.736461e-02	1.916387e+02	3.955527e-02	
16.000000	20.000000	147.065434	5.426945	6.348793e-01	3.410482e-02	1.918672e+02	4.262446e-02	
16.000000	24.000000	140.789142	5.840115	5.771141e-01	2.796243e-02	1.921441e+02	3.910562e-02	
16.000000	28.000000	140.805533	3.824636	6.659384e-01	4.318320e-02	1.927526e+02	4.868407e-02	
16.000000	32.000000	139.025285	5.620060	6.378890e-01	3.866267e-02	1.927412e+02	4.528443e-02	
16.000000	36.000000	135.832506	6.005449	6.023360e-01	3.093141e-02	1.929997e+02	4.004028e-02	
16.000000	40.000000	140.768433	3.215287	6.440992e-01	3.388419e-02	1.929838e+02	4.551133e-02	
16.000000	44.000000	142.310215	3.784017	6.865309e-01	3.322203e-02	1.923977e+02	4.565772e-02	
16.000000	48.000000	153.305203	3.831565	6.206931e-01	3.354153e-02	1.914004e+02	4.282394e-02	
16.000000	52.000000	174.755235	6.704378	6.817873e-01	4.855196e-02	1.888444e+02	5.334416e-02	
16.000000	56.000000	173.571602	7.907588	1.032111e+03	5.266556e+02	1.568527e+03	1.678210e+03	
16.000000	60.000000	156.649670	10.065061	6.948829e-01	3.642726e-02	4.479832e+02	4.794677e-02	
20.000000	0.000000	153.310183	8.290756	6.450303e-01	3.258948e-02	4.491937e+02	4.268177e-02	
20.000000	4.000000	152.217770	6.348105	6.140325e-01	2.790982e-02	1.922357e+02	4.168966e-02	
20.000000	8.000000	151.716253	7.138623	6.130726e-01	2.725439e-02	1.917589e+02	5.017585e-02	
20.000000	12.000000	150.534459	17.556547	6.759013e-01	3.733798e-02	1.911842e+02	4.564611e-02	
20.000000	16.000000	148.292280	9.280737	6.388677e-01	3.217613e-02	1.913078e+02	4.254802e-02	
20.000000	20.000000	147.053492	12.959740	6.149498e-01	2.966239e-02	1.914615e+02	4.146067e-02	
20.000000	24.000000	145.806949	782.137956	5.901706e-01	3.025881e-02	1.922151e+02	3.893763e-02	
20.000000	28.000000	140.804801	8.760273	6.081580e-01	2.874778e-02	1.925712e+02	4.101087e-02	
20.000000	32.000000	140.804576	4.176915	6.036284e-01	3.442758e-02	1.927500e+02	4.181182e-02	
20.000000	36.000000	140.795974	4.048730	5.862195e-01	4.129614e-02	1.930127e+02	5.130946e-02	
20.000000	40.000000	140.804780	3.544346	6.583689e-01	3.181200e-02	1.928272e+02	4.396334e-02	
20.000000	44.000000	146.008035	3.799973	6.176052e-01	3.080360e-02	1.929354e+02	4.055140e-02	
20.000000	48.000000	154.677594	5.108733	6.534370e-01	3.219598e-02	1.915171e+02	4.483983e-02	
20.000000	52.000000	176.655259	12.078087	5.578401e-01	2.958617e-02	1.891082e+02	3.608359e-02	
20.000000	56.000000	177.325961	734.447787	1.140335e+03	1.077549e+03	-2.732408e+03	1.348669e+03	
20.000000	60.000000	159.544622	7.322643	6.594690e-01	2.582300e-02	4.483909e+02	4.620822e-02	
24.000000	0.000000	153.752621	8.766265	6.660945e-01	3.708126e-02	4.492563e+02	4.471330e-02	
24.000000	4.000000	153.295498	9.790046	6.361286e-01	3.205532e-02	1.923967e+02	4.266853e-02	
24.000000	8.000000	153.300404	12.089292	6.656793e-01	3.436710e-02	1.914499e+02	4.519801e-02	
24.000000	12.000000	153.296046	8.061624	5.706679e-01	3.145216e-02	1.909206e+02	4.412603e-02	
24.000000	16.000000	153.307910	7.361052	6.135972e-01	3.273687e-02	1.911226e+02	4.089427e-02	
24.000000	20.000000	151.181406	15.794984	5.893997e-01	2.784641e-02	1.913926e+02	3.934493e-02	
24.000000	24.000000	147.051096	16.866904	6.082182e-01	2.983624e-02	1.921246e+02	4.011038e-02	
24.000000	28.000000	142.660638	691.678234	6.556500e-01	3.157778e-02	1.926196e+02	4.445293e-02	
24.000000	32.000000	140.804291	6.567720	6.622559e-01	3.809910e-02	1.926452e+02	4.630852e-02	
24.000000	36.000000	140.805649	25.773403	6.145721e-01	3.491328e-02	1.927219e+02	4.262021e-02	
24.000000	40.000000	140.802397	5.050531	5.477600e-01	2.990091e-02	1.928991e+02	3.521216e-02	
24.000000	44.000000	147.055205	4.953869	5.927111e-01	2.762763e-02	1.928269e+02	4.056954e-02	
24.000000	48.000000	157.797193	4.884586	5.584724e-01	3.166409e-02	1.918480e+02	3.678138e-02	
24.000000	52.000000	178.304888	8.216675	5.731246e-01	2.730133e-02	1.895705e+02	3.925498e-02	
24.000000	56.000000	183.545847	8.769538	3.466534e+00	2.229412e+02	1.907468e+02	1.655687e+02	
24.000000	60.000000	165.805397	7.941856	6.765842e-01	3.468095e-02	4.486887e+02	4.536234e-02	
28.000000	0.000000	159.554269	8.901556	5.814311e-01	2.906188e-02	4.493257e+02	3.883986e-02	
28.000000	4.000000	156.574508	1071.271193	7.255169e-01	3.746324e-02	1.920269e+02	4.859351e-02	
28.000000	8.000000	156.382720	1095.239376	6.188074e-01	2.839792e-02	1.914125e+02	4.188709e-02	
28.000000	12.000000	154.713822	729.611180	6.056364e-01	3.132771e-02	1.910795e+02	3.985041e-02	
28.000000	16.000000	153.295141	7.785642	5.964215e-01	2.642423e-02	1.906699e+02	4.034437e-02	
28.000000	20.000000	153.305576	12.410255	6.288373e-01	3.445767e-02	1.914237e+02	4.346576e-02	
28.000000	24.000000	148.737936	18.651249	6.033020e-01	3.031649e-02	1.919334e+02	4.139740e-02	
28.000000	28.000000	147.055205	5.438506	6.351298e-01	2.767409e-02	1.926043e+02	4.381937e-02	
28.000000	32.000000	145.417475	26.500867	5.929378e-01	2.566384e-02	1.927165e+02	4.076646e-02	
28.000000	36.000000	142.104987	869.163920	6.403854e-01	2.842016e-02	1.927529e+02	4.538992e-02	
28.000000	40.000000	145.809275	91.283703	5.950201e-01	3.071989e-02	1.929206e+02	4.327257e-02	
28.000000	44.000000	147.071151	4.863470	6.215600e-01	3.053174e-02	1.930757e+02	4.168008e-02	
28.000000	48.000000	159.569851	4.121659	6.039922e-01	2.903898e-02	1.921259e+02	4.131750e-02	
28.000000	52.000000	178.307899	8.061655	5.752990e-01	3.169043e-02	1.900908e+02	3.806482e-02	
28.000000	56.000000	190.800548	7.184598	5.291142e-01	2.748627e-02	1.848762e+02	3.613599e-02	
28.000000	60.000000	172.077627	6.459428	6.130381e-01	3.063852e-02	4.498304e+02	4.031236e-02	
32.000000	0.000000	164.052328	751.030003	5.873693e-01	3.216526e-02	4.490425e+02	3.972644e-02	
32.000000	4.000000	159.550154	14.389095	5.993673e-01	2.681127e-02	1.923529e+02	4.036365e-02	
32.000000	8.000000	159.552027	14.467390	5.183631e-01	2.371247e-02	1.913375e+02	3.547684e-02	
32.000000	12.000000	159.552346	14.259468	5.738707e-01	4.047379e-02	1.911233e+02	4.330359e-02	
32.000000	16.000000	159.551239	8.051665	6.340303e-01	3.053572e-02	1.908787e+02	4.426489e-02	
32.000000	20.000000	154.949083	984.912685	6.354682e-01	3.165693e-02	1.909892e+02	4.197348e-02	
32.000000	24.000000	153.302930	7.277801	6.254876e-01	2.870030e-02	1.917149e+02	4.207642e-02	
32.000000	28.000000	147.492923	8.914563	6.103785e-01	3.645895e-02	1.921828e+02	4.208769e-02	
32.000000	32.000000	147.050741	7.954722	6.814773e-01	3.521557e-02	1.924207e+02	4.815841e-02	
32.000000	36.000000	147.043301	5.508522	6.340223e-01	2.760902e-02	1.926041e+02	4.359183e-02	
32.000000	40.000000	147.054748	6.313850	5.642406e-01	3.072580e-02	1.929951e+02	3.749815e-02	
32.000000	44.000000	152.545998	5.047871	5.581943e-01	2.573724e-02	1.927996e+02	3.819383e-02	
32.000000	48.000000	159.553672	6.900352	6.091520e-01	2.896877e-02	1.921367e+02	4.167692e-02	
32.000000	52.000000	178.302832	10.875746	6.536271e-01	3.891894e-02	1.903589e+02	4.597071e-02	
32.000000	56.000000	197.045301	6.769668	5.967121e-01	3.082693e-02	1.852573e+02	3.951272e-02	
32.000000	60.000000	177.561148	8.972166	6.631280e-01	3.277157e-02	4.505285e+02	4.596587e-02	
36.000000	0.000000	165.801957	7.342864	6.403056e-01	2.897079e-02	4.486989e+02	4.357676e-02	
36.000000	4.000000	164.062436	16.139718	6.459883e-01	3.718120e-02	1.915965e+02	4.502265e-02	
36.000000	8.000000	164.169675	9.938434	6.179719e-01	3.013479e-02	1.907822e+02	4.080259e-02	
36.000000	12.000000	163.405097	28.350269	6.432651e-01	2.792848e-02	1.905930e+02	4.471532e-02	
36.000000	16.000000	160.869623	13.001895	7.339345e-01	5.238386e-02	1.904894e+02	5.334647e-02	
36.000000	20.000000	159.545159	12.601678	5.785178e-01	2.930090e-02	1.908562e+02	3.781411e-02	
36.000000	24.000000	154.631753	872.448659	6.072777e-01	2.936015e-02	1.914610e+02	4.091002e-02	
36.000000	28.000000	153.309213	5.399787	5.683520e-01	3.154591e-02	1.920733e+02	3.756238e-02	
36.000000	32.000000	150.197727	21.648245	6.362859e-01	3.377348e-02	1.922776e+02	4.246418e-02	
36.000000	36.000000	148.535465	10.293285	6.353501e-01	2.972165e-02	1.924555e+02	4.317286e-02	
36.000000	40.000000	148.298627	12.162950	6.577967e-01	3.243555e-02	1.928539e+02	4.358186e-02	
36.000000	44.000000	153.288496	6.419139	6.756973e-01	2.844570e-02	1.926542e+02	4.604651e-02	
36.000000	48.000000	162.161381	25.860061	6.512189e-01	3.812069e-02	1.923841e+02	4.549191e-02	
36.000000	52.000000	178.773802	10.193878	6.578406e-01	3.906521e-02	1.905932e+02	4.525653e-02	
36.000000	56.000000	204.542281	605.876807	6.003592e-01	3.141305e-02	1.862991e+02	3.996920e-02	
36.000000	60.000000	184.555082	9.405859	5.962392e-01	2.973915e-02	4.518014e+02	3.920020e-02	
40.000000	0.000000	172.056146	8.374212	6.510301e-01	3.740859e-02	4.484807e+02	4.520305e-02	
40.000000	4.000000	167.148769	551.294311	6.124711e-01	3.617794e-02	1.912791e+02	4.174999e-02	
40.000000	8.000000	167.047964	155.528238	5.952920e-01	2.699403e-02	1.903608e+02	3.998984e-02	
40.000000	12.000000	166.257197	11.178490	7.360556e-01	5.768222e-02	1.901760e+02	6.085467e-02	
40.000000	16.000000	165.803800	12.982259	6.551688e-01	3.106881e-02	1.903672e+02	4.449135e-02	
40.000000	20.000000	164.094791	7.338637	5.676541e-01	3.322490e-02	1.901803e+02	3.849889e-02	
40.000000	24.000000	159.554656	13.864579	6.231698e-01	3.039228e-02	1.911644e+02	4.123366e-02	
40.000000	28.000000	155.511689	1056.989134	6.623955e-01	3.222521e-02	1.918919e+02	4.508828e-02	
40.000000	32.000000	153.299400	17.027206	5.764343e-01	2.970595e-02	1.920423e+02	3.767033e-02	
40.000000	36.000000	153.304140	4.809543	5.705310e-01	3.172898e-02	1.922767e+02	3.835801e-02	
40.000000	40.000000	153.326670	6.749174	6.107480e-01	2.826796e-02	1.925884e+02	4.112539e-02	
40.000000	44.000000	155.175303	1034.413027	5.850880e-01	3.094529e-02	1.928314e+02	5.407069e-02	
40.000000	48.000000	165.805496	5.254598	6.241416e-01	3.028879e-02	1.921602e+02	4.136138e-02	
40.000000	52.000000	183.035919	282.536005	6.389930e-01	3.096050e-02	1.908735e+02	4.262156e-02	
40.000000	56.000000	210.955377	14.549342	5.721070e-01	2.986238e-02	1.869226e+02	3.704272e-02	
40.000000	60.000000	190.810243	8.634882	5.901790e-01	2.945545e-02	4.526743e+02	3.939197e-02	
44.000000	0.000000	178.302191	8.600961	6.653980e-01	3.331091e-02	4.472837e+02	4.397352e-02	
44.000000	4.000000	173.278642	18.335177	5.938355e-01	2.792794e-02	1.908429e+02	4.173740e-02	
44.000000	8.000000	172.948272	14.077633	6.575330e-01	3.294866e-02	1.897938e+02	4.372290e-02	
44.000000	12.000000	172.548798	14.428463	5.433945e-01	3.211215e-02	1.898141e+02	3.604895e-02	
44.000000	16.000000	172.050928	17.346972	6.289891e-01	3.176954e-02	1.897810e+02	4.158969e-02	
44.000000	20.000000	169.749530	977.882513	6.477233e-01	3.390340e-02	1.899523e+02	4.700162e-02	
44.000000	24.000000	164.756905	15.359827	6.350947e-01	2.947467e-02	1.904465e+02	4.327213e-02	
44.000000	28.000000	160.039966	12.063379	5.157221e-01	3.877468e-02	1.910346e+02	3.864844e-02	
44.000000	32.000000	158.363737	114.520833	6.487608e-01	3.494140e-02	1.913869e+02	4.352315e-02	
44.000000	36.000000	157.851230	202.026225	6.669702e-01	3.605148e-02	1.919711e+02	4.684182e-02	
44.000000	40.000000	157.403971	936.853762	7.388447e-01	3.933721e-02	1.919681e+02	5.014368e-02	
44.000000	44.000000	159.554739	18.445274	6.229776e-01	2.595894e-02	1.926953e+02	4.536012e-02	
44.000000	48.000000	167.163303	120.892435	6.761134e-01	3.575086e-02	1.921247e+02	4.536464e-02	
44.000000	52.000000	184.546843	14.342734	5.568258e-01	2.576756e-02	1.912370e+02	3.729588e-02	
44.000000	56.000000	215.805393	7.432379	5.683932e-01	2.689599e-02	1.876139e+02	3.813202e-02	
44.000000	60.000000	203.301978	11.216194	6.120599e-01	3.092656e-02	4.540044e+02	4.033258e-02	
48.000000	0.000000	186.277788	1058.854299	6.675384e-01	3.916280e-02	4.473003e+02	4.514163e-02	
48.000000	4.000000	182.065458	990.691116	5.980286e-01	3.008102e-02	1.902164e+02	3.938857e-02	
48.000000	8.000000	181.037084	1029.492097	5.522510e-01	2.776485e-02	1.893151e+02	3.699193e-02	
48.000000	12.000000	179.522776	759.916543	5.988917e-01	3.040429e-02	1.890811e+02	3.916964e-02	
48.000000	16.000000	178.784848	14.918492	6.027531e-01	2.886067e-02	1.888577e+02	4.042586e-02	
48.000000	20.000000	176.731893	15.273205	5.998948e-01	2.796537e-02	1.892339e+02	3.998423e-02	
48.000000	24.000000	171.098395	21.432177	6.277807e-01	2.920326e-02	1.901939e+02	4.240572e-02	
48.000000	28.000000	166.535055	18.738570	6.084410e-01	3.110855e-02	1.906262e+02	4.047571e-02	
48.000000	32.000000	164.077533	6.413382	5.504546e-01	2.835567e-02	1.908553e+02	3.581839e-02	
48.000000	36.000000	163.185236	74.815863	6.378421e-01	3.561918e-02	1.915668e+02	4.412194e-02	
48.000000	40.000000	161.772083	38.743812	6.320668e-01	3.226513e-02	1.916933e+02	4.215267e-02	
48.000000	44.000000	164.964778	7.403979	6.226706e-01	3.700077e-02	1.922000e+02	4.282712e-02	
48.000000	48.000000	172.056148	13.168324	5.977679e-01	2.963977e-02	1.919186e+02	3.965707e-02	
48.000000	52.000000	189.097775	6.631045	5.917813e-01	2.972288e-02	1.911882e+02	3.892813e-02	
48.000000	56.000000	222.054188	9.433958	6.017669e-01	3.034012e-02	1.883729e+02	4.024998e-02	
48.000000	60.000000	216.749256	16.662732	7.473765e+02	7.331323e+02	1.247066e+03	1.044467e+03	
52.000000	0.000000	197.925922	783.061927	6.358536e-01	2.732895e-02	4.465942e+02	4.283566e-02	
52.000000	4.000000	192.307691	246.845786	6.214559e-01	3.350890e-02	1.893975e+02	4.244984e-02	
52.000000	8.000000	190.021247	27.701555	6.867899e-01	3.228459e-02	1.882998e+02	4.536382e-02	
52.000000	12.000000	189.761313	27.413982	5.971441e-01	2.928437e-02	1.882984e+02	3.973847e-02	
52.000000	16.000000	189.056786	29.149189	5.993258e-01	2.818380e-02	1.881586e+02	4.300948e-02	
52.000000	20.000000	185.772776	25.855057	5.472389e-01	2.624569e-02	1.888133e+02	3.706344e-02	
52.000000	24.000000	180.110523	954.773171	6.644742e-01	2.991059e-02	1.894647e+02	4.396850e-02	
52.000000	28.000000	176.030168	50.877959	6.258875e-01	3.139665e-02	1.902055e+02	4.132898e-02	
52.000000	32.000000	170.880210	26.835831	6.334932e-01	2.644868e-02	1.906957e+02	4.844420e-02	
52.000000	36.000000	170.405263	146.798869	6.420422e-01	3.284102e-02	1.911093e+02	4.255276e-02	
52.000000	40.000000	170.006250	164.325376	6.387818e-01	3.570844e-02	1.914350e+02	4.313591e-02	
52.000000	44.000000	171.035379	18.695863	6.197698e-01	3.247303e-02	1.918299e+02	4.109722e-02	
52.000000	48.000000	178.294839	19.118786	6.117346e-01	3.088401e-02	1.913723e+02	4.098063e-02	
52.000000	52.000000	193.425494	1092.062908	5.901706e-01	3.025881e-02	1.912151e+02	3.893763e-02	
52.000000	56.000000	226.216060	14.820646	6.024404e-01	2.762955e-02	1.888041e+02	4.125740e-02	
52.000000	60.000000	252.822901	839.974908	1.193350e+00	4.626477e+02	1.848996e+02	2.034538e+01	
56.000000	0.000000	217.031586	12.205823	6.754792e-01	3.338126e-02	4.478000e+02	4.518309e-02	
56.000000	4.000000	210.430603	42.920984	5.827113e-01	3.049476e-02	1.883135e+02	3.898874e-02	
56.000000	8.000000	208.064365	24.484329	6.646406e-01	4.045667e-02	1.876320e+02	4.688865e-02	
56.000000	12.000000	207.797653	687.946421	5.873222e-01	2.745763e-02	1.871958e+02	4.686215e-02	
56.000000	16.000000	204.705385	847.346350	6.087497e-01	2.775360e-02	1.867727e+02	4.112435e-02	
56.000000	20.000000	202.424088	16.829294	6.062782e-01	2.876429e-02	1.872777e+02	4.031329e-02	
56.000000	24.000000	196.111494	25.901094	6.413867e-01	3.611121e-02	1.884519e+02	4.449141e-02	
56.000000	28.000000	189.129153	36.519139	5.801303e-01	3.377271e-02	1.890651e+02	4.017946e-02	
56.000000	32.000000	185.197074	40.460374	6.110557e-01	3.084439e-02	1.900321e+02	4.003319e-02	
56.000000	36.000000	182.389556	910.095359	5.629102e-01	2.621575e-02	1.904203e+02	3.850427e-02	
56.000000	40.000000	179.790775	856.047031	6.043263e-01	2.876128e-02	1.908441e+02	4.486637e-02	
56.000000	44.000000	182.472219	212.723473	6.064646e-01	3.447475e-02	1.912833e+02	4.088196e-02	
56.000000	48.000000	189.169675	6.721589	7.055602e-01	3.479898e-02	1.911589e+02	4.819018e-02	
56.000000	52.000000	203.301908	7.337446	6.259669e-01	3.125494e-02	1.910538e+02	4.107178e-02	
56.000000	56.000000	232.968934	283.032714	6.202982e-01	2.955332e-02	1.893144e+02	4.139196e-02	
56.000000	60.000000	273.395562	23.777040	6.248807e-01	3.191847e-02	1.848854e+02	4.118500e-02	
60.000000	0.000000	247.055451	18.266611	5.983238e-01	2.847341e-02	4.502594e+02	3.969767e-02	
60.000000	4.000000	262.400160	93.499103	5.604225e-01	2.769798e-02	1.866782e+02	3.818306e-02	
60.000000	8.000000	260.649400	136.798230	5.784480e-01	3.554397e-02	1.858711e+02	4.021458e-02	
60.000000	12.000000	258.678912	194.158416	6.134079e-01	2.743461e-02	1.856184e+02	4.147069e-02	
60.000000	16.000000	255.859387	891.603651	5.984737e-01	2.781075e-02	1.856203e+02	4.003107e-02	
60.000000	20.000000	250.183312	99.166435	5.635442e-01	2.911493e-02	1.859356e+02	3.684966e-02	
60.000000	24.000000	238.820201	93.115110	6.055490e-01	2.797052e-02	1.867609e+02	4.051844e-02	
60.000000	28.000000	226.746769	60.778813	5.545018e-01	2.752763e-02	1.881454e+02	4.152046e-02	
60.000000	32.000000	218.261129	906.076542	6.112473e-01	3.006825e-02	1.887742e+02	4.036795e-02	
60.000000	36.000000	214.247037	51.868519	6.133441e-01	2.931824e-02	1.891957e+02	4.065005e-02	
60.000000	40.000000	207.972127	267.900221	6.536606e-01	2.675999e-02	1.894517e+02	4.354568e-02	
60.000000	44.000000	207.905270	779.503086	6.142096e-01	2.846267e-02	1.904180e+02	4.098649e-02	
60.000000	48.000000	211.129260	45.357530	6.051391e-01	2.855361e-02	1.907365e+02	4.034489e-02	
60.000000	52.000000	222.648291	28.330043	6.755690e-01	3.331938e-02	1.907791e+02	4.528951e-02	
60.000000	56.000000	249.570260	47.984103	5.819983e-01	2.846477e-02	1.894457e+02	3.949106e-02	
60.000000	60.000000	304.532264	326.535861	6.641142e-01	3.297228e-02	1.861184e+02	4.407811e-02	
60.000000	60.000000	316.338000	36.300871	6.267120e-01	2.971615e-02	4.533188e+02	4.201027e-02	
