0.000000	4.000000	141.950791	64.173566	5.293233e-01	2.322415e-02	1.894301e+02	3.662772e-02	
0.000000	8.000000	141.543200	115.141260	5.664073e-01	2.625607e-02	1.888181e+02	4.111386e-02	
0.000000	12.000000	140.801914	6.308922	6.015176e-01	3.045272e-02	1.884765e+02	4.126290e-02	
0.000000	16.000000	140.827659	5.725194	5.814308e-01	3.126178e-02	1.887293e+02	3.971338e-02	
0.000000	20.000000	139.213747	4.219537	5.767887e-01	2.893199e-02	1.891097e+02	3.779108e-02	
0.000000	24.000000	134.550918	34.252797	5.669474e-01	2.734915e-02	1.895745e+02	3.885672e-02	
0.000000	28.000000	134.504602	2.511488	5.375194e-01	2.593294e-02	1.897341e+02	3.595198e-02	
0.000000	32.000000	134.504672	2.249789	5.361135e-01	3.061905e-02	1.898661e+02	3.463131e-02	
0.000000	36.000000	134.552244	1.742807	5.469233e-01	2.950730e-02	1.899632e+02	3.518609e-02	
0.000000	40.000000	134.504500	1.308497	5.359906e-01	2.620976e-02	1.902227e+02	3.557695e-02	
0.000000	44.000000	141.298522	1.638356	5.716375e-01	2.696117e-02	1.904530e+02	3.917884e-02	
0.000000	48.000000	159.535156	4.536956	5.011575e-01	2.899227e-02	1.898898e+02	3.216865e-02	
0.000000	52.000000	169.397049	3.203370	2.389187e+01	4.373469e-01	3.196648e+02	4.122787e-01	
0.000000	56.000000	151.476145	967.028530	5.834525e-01	2.864057e-02	4.472570e+02	3.865304e-02	
0.000000	60.000000	140.800031	7.278535	5.006877e-01	2.796867e-02	4.431625e+02	3.250360e-02	
4.000000	0.000000	134.552077	5.942896	5.950268e-01	3.054516e-02	4.443683e+02	3.976961e-02	
4.000000	4.000000	146.220821	4.754965	5.225590e-01	2.704023e-02	1.891718e+02	3.442558e-02	
4.000000	8.000000	145.580899	122.961134	5.288460e-01	2.883811e-02	1.882132e+02	3.547279e-02	
4.000000	12.000000	142.540055	420.889171	5.525903e-01	2.598635e-02	1.881962e+02	3.760128e-02	
4.000000	16.000000	140.802945	4.035460	6.118266e-01	2.578077e-02	1.882762e+02	4.480466e-02	
4.000000	20.000000	140.800676	3.372953	6.038938e-01	4.022004e-02	1.888892e+02	4.380606e-02	
4.000000	24.000000	135.367656	3.657813	5.169649e-01	3.379554e-02	1.889843e+02	3.535070e-02	
4.000000	28.000000	134.555141	37.237446	5.247153e-01	2.227440e-02	1.894562e+02	3.660593e-02	
4.000000	32.000000	134.504852	3.963119	5.252940e-01	2.280722e-02	1.895921e+02	3.651006e-02	
4.000000	36.000000	134.555514	26.747606	5.242542e-01	3.062414e-02	1.899205e+02	3.905922e-02	
4.000000	40.000000	136.093100	203.863552	4.725331e-01	3.271033e-02	1.899050e+02	2.881653e-02	
4.000000	44.000000	146.254473	360.939985	5.495334e-01	2.566464e-02	1.903456e+02	3.714317e-02	
4.000000	48.000000	159.554272	6.966086	5.533779e-01	2.855981e-02	1.897303e+02	3.757562e-02	
4.000000	52.000000	170.198893	3.769395	3.441094e+01	3.495049e+00	3.099545e+02	2.620421e+00	
4.000000	56.000000	153.303014	6.759405	6.242971e-01	3.759454e-02	4.479648e+02	4.744560e-02	
4.000000	60.000000	140.794506	5.273640	5.952398e-01	3.109343e-02	4.430423e+02	4.154114e-02	
8.000000	0.000000	134.555453	6.632335	6.768035e-01	3.136668e-02	4.445032e+02	4.802113e-02	
8.000000	4.000000	147.049526	19.756458	5.795800e-01	2.872549e-02	1.893734e+02	3.963407e-02	
8.000000	8.000000	147.050502	18.741281	5.758089e-01	2.556649e-02	1.887506e+02	3.934353e-02	
8.000000	12.000000	147.049303	4.628128	5.431747e-01	2.389591e-02	1.884714e+02	3.752215e-02	
8.000000	16.000000	145.384377	128.393873	5.875631e-01	2.711605e-02	1.884028e+02	3.897032e-02	
8.000000	20.000000	140.768431	5.572016	5.818155e-01	2.671504e-02	1.886550e+02	3.907461e-02	
8.000000	24.000000	140.768507	2.865560	5.689911e-01	2.842574e-02	1.892292e+02	3.752261e-02	
8.000000	28.000000	135.276524	3.398255	5.518217e-01	2.518602e-02	1.894148e+02	3.790998e-02	
8.000000	32.000000	134.557576	2.906164	5.361117e-01	2.322442e-02	1.895288e+02	3.716080e-02	
8.000000	36.000000	135.065004	2.645892	4.957748e-01	2.390588e-02	1.897179e+02	3.450223e-02	
8.000000	40.000000	140.858431	1.454878	5.424484e-01	2.864588e-02	1.898647e+02	3.509150e-02	
8.000000	44.000000	147.021727	1.816568	5.277808e-01	2.920973e-02	1.900958e+02	3.812354e-02	
8.000000	48.000000	159.555045	4.309160	5.470483e-01	2.452080e-02	1.895665e+02	3.767885e-02	
8.000000	52.000000	177.135168	3.281783	4.800474e-01	3.382624e-02	1.858839e+02	3.094400e-02	
8.000000	56.000000	159.611816	6.896463	5.704701e-01	2.855315e-02	4.486845e+02	3.818664e-02	
8.000000	60.000000	147.048934	4.865140	5.983265e-01	2.973828e-02	4.430796e+02	3.984753e-02	
12.000000	0.000000	140.805927	5.496753	5.808563e-01	2.562637e-02	4.442582e+02	3.985970e-02	
12.000000	4.000000	148.283952	11.491564	4.631469e-01	3.185264e-02	1.891096e+02	2.875325e-02	
12.000000	8.000000	147.471386	7.426238	5.784101e-01	2.838235e-02	1.883874e+02	3.956695e-02	
12.000000	12.000000	147.057900	6.782778	4.407618e-01	3.585341e-02	1.880792e+02	2.625796e-02	
12.000000	16.000000	147.043419	5.916608	5.369078e-01	2.604981e-02	1.882446e+02	3.572024e-02	
12.000000	20.000000	142.151785	68.268961	5.657726e-01	2.632129e-02	1.885378e+02	3.889926e-02	
12.000000	24.000000	140.801516	0.032163	5.023551e-01	3.669384e-02	1.889784e+02	3.880113e-02	
12.000000	28.000000	140.768487	2.920896	5.702218e-01	2.627248e-02	1.893069e+02	3.831431e-02	
12.000000	32.000000	138.356069	187.796576	5.491846e-01	2.651417e-02	1.893257e+02	3.745736e-02	
12.000000	36.000000	139.180093	2.619339	5.015706e-01	2.091153e-02	1.894092e+02	3.558315e-02	
12.000000	40.000000	140.768637	2.775655	5.120414e-01	2.259614e-02	1.896381e+02	3.580332e-02	
12.000000	44.000000	147.053010	21.718037	4.788955e-01	2.466992e-02	1.897538e+02	3.297993e-02	
12.000000	48.000000	159.554847	3.901731	4.945346e-01	2.293043e-02	1.893057e+02	3.464151e-02	
12.000000	52.000000	179.543131	634.869095	5.581133e-01	2.537476e-02	1.864811e+02	3.836189e-02	
12.000000	56.000000	160.132558	9.283251	5.565712e-01	3.182742e-02	4.499438e+02	4.185118e-02	
12.000000	60.000000	147.047830	5.776529	6.697114e-01	3.383223e-02	4.429208e+02	4.444883e-02	
16.000000	0.000000	140.800032	5.179678	6.589612e-01	3.364447e-02	4.442243e+02	4.385482e-02	
16.000000	4.000000	153.305022	6.159556	5.265882e-01	3.475371e-02	1.889349e+02	4.473155e-02	
16.000000	8.000000	152.530261	5.124626	6.173572e-01	3.101293e-02	1.880714e+02	4.061993e-02	
16.000000	12.000000	152.074609	6.518444	5.212527e-01	2.869641e-02	1.879036e+02	3.596774e-02	
16.000000	16.000000	148.556885	5.974348	5.386542e-01	3.460368e-02	1.880760e+02	3.688576e-02	
16.000000	20.000000	147.049592	3.986674	4.991879e-01	2.146854e-02	1.883692e+02	3.530353e-02	
16.000000	24.000000	141.436746	3.785072	5.517831e-01	2.775024e-02	1.887110e+02	3.746538e-02	
16.000000	28.000000	140.801929	4.462224	5.760613e-01	3.057808e-02	1.890152e+02	3.799206e-02	
16.000000	32.000000	140.802101	2.277703	5.076161e-01	2.801474e-02	1.892052e+02	3.403101e-02	
16.000000	36.000000	140.804201	2.968647	5.395948e-01	2.367632e-02	1.894567e+02	3.740094e-02	
16.000000	40.000000	140.805427	2.562495	5.771807e-01	2.798745e-02	1.895454e+02	3.935723e-02	
16.000000	44.000000	147.021755	2.304077	4.791732e-01	2.367538e-02	1.897324e+02	3.376050e-02	
16.000000	48.000000	160.433695	7.043260	4.750009e-01	2.770352e-02	1.891880e+02	3.134663e-02	
16.000000	52.000000	183.673759	24.619788	5.354673e-01	2.715231e-02	1.867354e+02	3.624246e-02	
16.000000	56.000000	165.799350	6.816691	6.275881e-01	2.825614e-02	4.504101e+02	4.274556e-02	
16.000000	60.000000	151.788789	185.941959	6.564747e-01	3.241611e-02	4.425178e+02	4.534117e-02	
20.000000	0.000000	146.015192	4.555684	5.786109e-01	2.899040e-02	4.439110e+02	3.847478e-02	
20.000000	4.000000	153.830989	8.360980	5.465916e-01	2.453742e-02	1.884823e+02	3.756323e-02	
20.000000	8.000000	153.295277	12.554399	5.672434e-01	2.639562e-02	1.876710e+02	3.813668e-02	
20.000000	12.000000	153.303957	12.849828	5.581071e-01	2.704538e-02	1.876598e+02	3.808685e-02	
20.000000	16.000000	152.213693	5.540253	5.617647e-01	2.618657e-02	1.876342e+02	3.785698e-02	
20.000000	20.000000	147.058335	5.780218	5.282317e-01	2.998309e-02	1.881878e+02	3.513487e-02	
20.000000	24.000000	145.385386	111.847042	5.546748e-01	2.610764e-02	1.888221e+02	3.860577e-02	
20.000000	28.000000	141.368952	118.245569	5.149865e-01	2.329624e-02	1.886606e+02	3.570384e-02	
20.000000	32.000000	140.802201	31.522324	5.329866e-01	3.578860e-02	1.890476e+02	3.788435e-02	
20.000000	36.000000	140.792752	4.067440	5.169750e-01	2.295514e-02	1.893708e+02	3.569754e-02	
20.000000	40.000000	144.451303	68.932521	5.577992e-01	2.646706e-02	1.896318e+02	3.815226e-02	
20.000000	44.000000	151.717480	38.334166	4.757121e-01	2.972762e-02	1.898627e+02	3.023101e-02	
20.000000	48.000000	164.626405	60.216296	5.653277e-01	2.999731e-02	1.891549e+02	3.697451e-02	
20.000000	52.000000	184.558120	5.353167	5.792791e-01	4.462881e-02	1.869880e+02	4.408375e-02	
20.000000	56.000000	172.051915	9.027965	5.496973e-01	2.604909e-02	4.512592e+02	3.676480e-02	
20.000000	60.000000	153.293378	5.677754	5.903630e-01	2.566502e-02	4.427649e+02	4.275623e-02	
24.000000	0.000000	147.047342	5.906726	6.754050e-01	3.374222e-02	4.437602e+02	4.463307e-02	
24.000000	4.000000	158.576941	2.931759	5.195877e-01	2.261312e-02	1.886078e+02	3.627446e-02	
24.000000	8.000000	157.559186	954.813137	5.350461e-01	2.985963e-02	1.877996e+02	3.582709e-02	
24.000000	12.000000	154.690911	158.049576	5.034706e-01	2.063834e-02	1.875555e+02	3.575999e-02	
24.000000	16.000000	153.296968	9.559405	5.217221e-01	2.299902e-02	1.873909e+02	3.602349e-02	
24.000000	20.000000	151.671923	5.562870	5.382762e-01	2.543903e-02	1.876707e+02	3.681796e-02	
24.000000	24.000000	147.054895	178.862432	5.636220e-01	2.780296e-02	1.886688e+02	3.843148e-02	
24.000000	28.000000	146.294755	10.069685	5.327955e-01	2.575992e-02	1.886855e+02	3.593464e-02	
24.000000	32.000000	142.979886	167.833017	5.368901e-01	2.641601e-02	1.888080e+02	3.577928e-02	
24.000000	36.000000	144.809885	66.797378	4.880567e-01	2.380068e-02	1.892748e+02	3.416132e-02	
24.000000	40.000000	147.021820	3.626285	5.594448e-01	2.596260e-02	1.894151e+02	3.836499e-02	
24.000000	44.000000	153.303649	2.897497	5.397964e-01	2.448885e-02	1.893851e+02	3.723219e-02	
24.000000	48.000000	165.805089	2.941781	5.087732e-01	3.259442e-02	1.891300e+02	3.278253e-02	
24.000000	52.000000	185.053754	13.350292	4.879282e-01	3.108743e-02	1.871169e+02	3.042317e-02	
24.000000	56.000000	178.295141	12.749775	5.038116e-01	2.982943e-02	4.519282e+02	3.313210e-02	
24.000000	60.000000	159.545297	10.467640	5.554475e-01	2.981191e-02	4.431167e+02	3.595063e-02	
28.000000	0.000000	153.306004	5.686958	6.283409e-01	3.380579e-02	4.434114e+02	4.293630e-02	
28.000000	4.000000	159.553087	6.549584	5.209828e-01	3.168116e-02	1.881384e+02	3.368722e-02	
28.000000	8.000000	159.550255	16.865827	4.606990e-01	2.986132e-02	1.871627e+02	3.112206e-02	
28.000000	12.000000	159.587222	11.469357	5.732633e-01	3.070192e-02	1.870553e+02	3.752259e-02	
28.000000	16.000000	157.975040	345.399414	5.846152e-01	2.892878e-02	1.872741e+02	3.888281e-02	
28.000000	20.000000	153.300893	12.909356	4.605420e-01	2.632994e-02	1.877889e+02	3.242084e-02	
28.000000	24.000000	151.104044	185.891641	5.245457e-01	3.543684e-02	1.880993e+02	3.442701e-02	
28.000000	28.000000	147.054151	106.892131	5.376890e-01	2.445886e-02	1.886219e+02	3.664729e-02	
28.000000	32.000000	147.054302	4.654416	6.223187e-01	3.672399e-02	1.887480e+02	4.369427e-02	
28.000000	36.000000	147.038797	35.590244	5.133603e-01	2.471381e-02	1.892879e+02	3.521170e-02	
28.000000	40.000000	147.051724	3.663102	5.407474e-01	2.951184e-02	1.890572e+02	3.614696e-02	
28.000000	44.000000	153.301975	4.874185	5.746815e-01	2.723158e-02	1.894906e+02	3.947822e-02	
28.000000	48.000000	165.861584	33.672799	5.328005e-01	3.028894e-02	1.890568e+02	3.393422e-02	
28.000000	52.000000	187.334652	10.676840	5.585701e-01	2.967993e-02	1.869876e+02	3.600456e-02	
28.000000	56.000000	184.551075	10.638748	6.304447e-01	3.444761e-02	4.524952e+02	4.362824e-02	
28.000000	60.000000	165.804884	7.646320	6.072850e-01	2.767211e-02	4.437946e+02	4.168144e-02	
32.000000	0.000000	153.292449	6.382839	6.292738e-01	3.829759e-02	4.432427e+02	4.342838e-02	
32.000000	4.000000	164.089428	8.212235	5.622690e-01	2.592049e-02	1.875332e+02	3.868704e-02	
32.000000	8.000000	164.115668	8.686447	5.519467e-01	2.592728e-02	1.868028e+02	3.742413e-02	
32.000000	12.000000	161.694219	58.585063	5.825489e-01	2.800946e-02	1.868620e+02	4.050681e-02	
32.000000	16.000000	159.544307	8.153135	5.582983e-01	2.590735e-02	1.867424e+02	3.737962e-02	
32.000000	20.000000	157.822206	110.605866	5.966351e-01	3.202690e-02	1.873073e+02	4.097001e-02	
32.000000	24.000000	153.300042	5.201578	5.145756e-01	3.054084e-02	1.878534e+02	3.295395e-02	
32.000000	28.000000	151.612519	4.411085	5.649019e-01	2.770895e-02	1.883445e+02	3.863891e-02	
32.000000	32.000000	148.221099	5.143948	5.612595e-01	2.597569e-02	1.884600e+02	3.819903e-02	
32.000000	36.000000	148.420916	4.369206	5.344779e-01	2.666711e-02	1.888402e+02	3.585821e-02	
32.000000	40.000000	151.395197	3.276994	6.466217e-01	3.434795e-02	1.890303e+02	4.465970e-02	
32.000000	44.000000	155.803546	84.065399	5.916781e-01	2.960895e-02	1.895845e+02	4.053619e-02	
32.000000	48.000000	166.402342	68.592902	5.798523e-01	3.061020e-02	1.892558e+02	3.858447e-02	
32.000000	52.000000	189.707573	8.495672	5.704472e-01	2.719329e-02	1.875893e+02	3.905614e-02	
32.000000	56.000000	190.809440	14.189719	4.925919e-01	2.093557e-02	4.533853e+02	3.512689e-02	
32.000000	60.000000	171.278804	8.081452	6.158026e-01	2.793239e-02	4.447691e+02	4.215443e-02	
36.000000	0.000000	159.550267	6.991837	5.900341e-01	2.969127e-02	4.430874e+02	3.868656e-02	
36.000000	4.000000	166.950782	196.309996	5.795156e-01	3.043996e-02	1.872185e+02	3.834119e-02	
36.000000	8.000000	167.036254	146.029994	5.611783e-01	2.574691e-02	1.864670e+02	3.853693e-02	
36.000000	12.000000	165.807954	12.993829	5.655702e-01	2.652458e-02	1.865218e+02	3.856810e-02	
36.000000	16.000000	163.936810	7.488509	6.193750e-01	2.729938e-02	1.866265e+02	4.233270e-02	
36.000000	20.000000	160.256649	7.620576	5.324466e-01	2.859591e-02	1.871938e+02	3.478109e-02	
36.000000	24.000000	157.287413	466.842338	6.534076e-01	2.918456e-02	1.874433e+02	4.553417e-02	
36.000000	28.000000	153.304659	34.645183	5.615225e-01	3.242870e-02	1.879078e+02	3.741015e-02	
36.000000	32.000000	153.300316	3.727194	4.856815e-01	3.503299e-02	1.879983e+02	3.246179e-02	
36.000000	36.000000	153.337222	3.291407	5.725608e-01	2.847977e-02	1.883398e+02	3.836851e-02	
36.000000	40.000000	153.295269	108.740245	5.523876e-01	3.077018e-02	1.889429e+02	3.974790e-02	
36.000000	44.000000	159.555445	4.526997	5.970592e-01	3.114909e-02	1.892749e+02	3.972060e-02	
36.000000	48.000000	170.848681	583.462038	5.310519e-01	3.469116e-02	1.889962e+02	3.922998e-02	
36.000000	52.000000	190.801949	8.957430	5.290061e-01	2.365113e-02	1.876251e+02	3.655433e-02	
36.000000	56.000000	197.051912	4.934362	5.347132e-01	2.726479e-02	4.537207e+02	3.581611e-02	
36.000000	60.000000	178.336898	11.804173	6.387951e-01	3.317693e-02	4.462578e+02	4.260734e-02	
40.000000	0.000000	165.805372	8.847324	6.521646e-01	2.911115e-02	4.425568e+02	4.528629e-02	
40.000000	4.000000	173.351298	26.910330	4.850217e-01	3.264201e-02	1.869350e+02	2.968531e-02	
40.000000	8.000000	172.763953	14.694158	5.101865e-01	2.502778e-02	1.862735e+02	3.491967e-02	
40.000000	12.000000	170.692397	109.489512	5.660729e-01	2.989016e-02	1.860566e+02	3.667770e-02	
40.000000	16.000000	169.741493	945.169866	5.909118e-01	3.190698e-02	1.862880e+02	4.059749e-02	
40.000000	20.000000	165.805997	17.999031	6.059973e-01	3.194052e-02	1.866273e+02	4.165527e-02	
40.000000	24.000000	160.423148	6.546759	5.595005e-01	2.586051e-02	1.874838e+02	3.825202e-02	
40.000000	28.000000	158.561085	118.692575	5.698355e-01	3.111618e-02	1.877613e+02	3.872074e-02	
40.000000	32.000000	155.145965	105.935937	5.202190e-01	2.758334e-02	1.878655e+02	3.439497e-02	
40.000000	36.000000	154.620744	116.596402	5.694130e-01	3.176333e-02	1.882203e+02	3.868356e-02	
40.000000	40.000000	157.977190	75.397578	5.881175e-01	3.821497e-02	1.891195e+02	4.286764e-02	
40.000000	44.000000	160.394788	6.379452	5.381299e-01	2.688628e-02	1.892786e+02	3.650734e-02	
40.000000	48.000000	172.111126	8.076365	5.202238e-01	2.513965e-02	1.892810e+02	3.508523e-02	
40.000000	52.000000	190.804724	8.145567	5.542757e-01	2.811438e-02	1.877155e+02	3.762011e-02	
40.000000	56.000000	208.166486	9.151140	4.927318e+02	2.575083e+02	-3.662712e+02	3.742948e+02	
40.000000	60.000000	184.962915	8.634389	5.899179e-01	3.007176e-02	4.474456e+02	3.965099e-02	
44.000000	0.000000	172.052255	9.303903	5.911483e-01	3.256921e-02	4.420232e+02	4.275304e-02	
44.000000	4.000000	179.591774	168.254074	6.206739e-01	2.867811e-02	1.864216e+02	4.202202e-02	
44.000000	8.000000	178.826935	21.362341	5.171385e-01	2.154006e-02	1.854901e+02	3.640031e-02	
44.000000	12.000000	177.224456	17.588279	1.764610e+02	1.700509e+02	-1.237807e+02	2.368337e+02	
44.000000	16.000000	176.174870	0.002483	5.451146e-01	2.442935e-02	1.855342e+02	3.812082e-02	
44.000000	20.000000	170.459113	140.844052	6.212457e-01	3.147333e-02	1.860951e+02	4.090644e-02	
44.000000	24.000000	165.799088	31.874584	5.946131e-01	3.210249e-02	1.867028e+02	4.090219e-02	
44.000000	28.000000	163.005461	240.404725	5.959722e-01	2.970852e-02	1.873304e+02	3.978462e-02	
44.000000	32.000000	160.368379	6.461584	5.295652e-01	2.351058e-02	1.873888e+02	3.671974e-02	
44.000000	36.000000	159.555906	7.636525	5.360134e-01	2.683234e-02	1.878493e+02	3.640475e-02	
44.000000	40.000000	160.339843	6.363957	5.859552e-01	2.827844e-02	1.884789e+02	3.966505e-02	
44.000000	44.000000	165.804710	6.283719	5.134465e-01	2.743036e-02	1.891627e+02	3.349424e-02	
44.000000	48.000000	176.687943	163.382317	5.569593e-01	3.031238e-02	1.889893e+02	3.636627e-02	
44.000000	52.000000	195.835373	272.746504	5.174171e-01	2.646220e-02	1.882176e+02	3.427748e-02	
44.000000	56.000000	218.377636	8.216613	3.459785e+01	3.749006e+00	3.233647e+02	1.309896e+00	
44.000000	60.000000	197.054257	8.503946	5.335898e-01	3.212389e-02	4.491126e+02	3.475549e-02	
48.000000	0.000000	178.306005	11.772528	5.719485e-01	2.711784e-02	4.414434e+02	3.927670e-02	
48.000000	4.000000	189.060835	16.180727	5.410530e-01	2.615544e-02	1.857644e+02	3.607188e-02	
48.000000	8.000000	191.269846	31.035834	7.963920e+02	8.416727e+02	-2.110815e+03	3.459001e+03	
48.000000	12.000000	184.651438	49.361463	5.442749e+02	2.225284e+02	2.112882e+03	1.384744e+03	
48.000000	16.000000	182.784668	32.597530	7.190166e+02	2.869382e+02	-1.946386e+03	1.703326e+03	
48.000000	20.000000	177.952581	17.735421	4.944333e-01	2.431181e-02	1.852989e+02	3.528879e-02	
48.000000	24.000000	173.373561	13.080418	5.720908e-01	2.563681e-02	1.862390e+02	3.917730e-02	
48.000000	28.000000	170.152225	153.183959	5.349256e-01	3.178436e-02	1.869757e+02	3.736998e-02	
48.000000	32.000000	167.025464	539.507444	4.799076e-01	3.446509e-02	1.870031e+02	3.065895e-02	
48.000000	36.000000	166.638189	20.532860	5.294584e-01	2.516145e-02	1.876989e+02	3.575031e-02	
48.000000	40.000000	165.801420	6.042922	5.212460e-01	2.975337e-02	1.880696e+02	3.304701e-02	
48.000000	44.000000	170.196122	7.145902	5.559757e-01	2.919604e-02	1.889206e+02	3.840469e-02	
48.000000	48.000000	179.155317	85.513233	5.024258e-01	3.513614e-02	1.889733e+02	3.746040e-02	
48.000000	52.000000	198.557633	8.977300	5.969575e-01	3.079416e-02	1.883731e+02	4.093557e-02	
48.000000	56.000000	228.398286	698.439665	7.222851e+02	5.127818e+02	-1.735966e+03	9.064786e+02	
48.000000	60.000000	213.305810	1028.019003	6.118985e-01	3.326889e-02	4.503393e+02	4.221423e-02	
52.000000	0.000000	190.801998	13.837272	5.473394e-01	3.300805e-02	4.410894e+02	3.653200e-02	
52.000000	4.000000	201.842800	15.959075	2.959482e+01	1.134712e+00	3.114939e+02	1.133756e+00	
52.000000	8.000000	196.799732	19.869118	7.222147e+02	5.763669e+02	5.867148e+02	6.900846e+02	
52.000000	12.000000	192.954023	44.659157	1.763216e+00	2.483100e+02	4.529237e+02	1.050576e+01	
52.000000	16.000000	192.304414	25.379342	4.292058e+02	4.200641e+02	1.778116e+03	3.027247e+02	
52.000000	20.000000	186.836631	33.535470	2.430352e+01	5.463609e-01	3.163138e+02	5.294414e-01	
52.000000	24.000000	183.314328	135.559402	3.314052e+02	1.023502e+02	-9.060856e+02	6.925204e+02	
52.000000	28.000000	179.608591	405.714443	5.806682e-01	3.090241e-02	1.859796e+02	3.961519e-02	
52.000000	32.000000	176.557883	7.023161	5.332736e-01	2.565244e-02	1.863054e+02	3.639081e-02	
52.000000	36.000000	175.522093	270.380626	5.367740e-01	2.760309e-02	1.868733e+02	3.787015e-02	
52.000000	40.000000	175.180798	255.336837	5.503140e-01	2.528441e-02	1.876084e+02	3.768250e-02	
52.000000	44.000000	178.356279	7.787623	5.314731e-01	2.586983e-02	1.882569e+02	3.543272e-02	
52.000000	48.000000	186.283938	53.650582	5.355998e-01	2.597101e-02	1.886988e+02	3.649855e-02	
52.000000	52.000000	203.304871	28.413448	5.340106e-01	2.966872e-02	1.877985e+02	3.567847e-02	
52.000000	56.000000	235.731139	13.922982	1.765035e+02	1.587588e+02	-9.580899e+01	3.225812e+02	
52.000000	60.000000	232.811737	8.998916	5.522853e-01	2.492848e-02	4.514479e+02	3.799570e-02	
56.000000	0.000000	209.555934	14.232818	5.675286e-01	2.777736e-02	4.434244e+02	3.866268e-02	
56.000000	4.000000	222.615330	361.876239	1.775418e+02	1.630122e+02	7.911578e+02	1.605786e+02	
56.000000	8.000000	220.909383	63.962998	5.785516e-01	2.929668e-02	4.529235e+02	3.902227e-02	
56.000000	12.000000	219.861141	71.306472	5.833242e-01	2.860772e-02	4.525845e+02	3.993688e-02	
56.000000	16.000000	215.079128	43.657205	6.104811e-01	2.777388e-02	4.527775e+02	4.156768e-02	
56.000000	20.000000	208.001122	37.560662	5.577992e-01	2.646723e-02	4.536318e+02	3.815235e-02	
56.000000	24.000000	200.809476	671.487047	3.527887e+02	1.569248e+02	-8.431449e+02	1.035781e+03	
56.000000	28.000000	197.799347	61.241369	4.844839e-01	2.099353e-02	1.856222e+02	3.608382e-02	
56.000000	32.000000	193.426861	935.621035	1.232643e+00	3.301434e+02	1.862414e+02	1.000000e+00	
56.000000	36.000000	190.019004	40.370738	5.607731e-01	2.603020e-02	1.861866e+02	3.940881e-02	
56.000000	40.000000	188.959225	6.247924	5.162107e-01	3.003482e-02	1.870911e+02	3.259166e-02	
56.000000	44.000000	189.147895	7.129933	5.587958e-01	2.585313e-02	1.877979e+02	3.834697e-02	
56.000000	48.000000	196.181354	107.569942	5.949219e-01	2.965043e-02	1.884953e+02	4.086972e-02	
56.000000	52.000000	214.075068	6.710069	5.650282e-01	2.845961e-02	1.882379e+02	3.729050e-02	
56.000000	56.000000	245.287529	870.361479	6.261798e-01	3.913462e-02	1.868036e+02	4.493824e-02	
56.000000	60.000000	264.892376	15.945962	6.018715e-01	3.506356e-02	4.527556e+02	4.166453e-02	
60.000000	0.000000	239.059820	721.068986	6.419688e-01	3.724621e-02	4.457953e+02	4.387759e-02	
60.000000	4.000000	453.297833	781.962252	2.037941e+01	2.582777e-01	3.162486e+02	7.320007e-01	
60.000000	8.000000	441.858718	773.903086	6.619557e+02	6.608218e+02	2.187374e+03	5.950940e+02	
60.000000	12.000000	430.863328	790.276454	3.040425e+02	2.296275e+02	8.992755e+02	2.369741e+02	
60.000000	16.000000	413.466842	806.315430	4.978332e+02	3.698475e+02	-3.688254e+02	1.103615e+03	
60.000000	20.000000	384.731000	774.490655	6.315667e+02	4.023687e+02	2.445435e+03	2.741798e+03	
60.000000	24.000000	349.053946	760.409395	5.226114e+00	9.603363e+01	1.915360e+02	1.655212e+00	
60.000000	28.000000	315.192800	272.590872	6.401539e-01	3.634762e-02	1.866009e+02	4.451207e-02	
60.000000	32.000000	290.859244	456.338805	5.765058e-01	2.772628e-02	1.864249e+02	3.947566e-02	
60.000000	36.000000	265.427614	665.703098	6.084068e-01	3.147318e-02	1.865519e+02	4.178972e-02	
60.000000	40.000000	239.698123	544.443216	6.447647e-01	3.660088e-02	1.865194e+02	4.484967e-02	
60.000000	44.000000	226.398538	84.924074	5.908951e-01	3.344909e-02	1.870726e+02	4.049471e-02	
60.000000	48.000000	225.229844	70.790169	5.859561e-01	2.961533e-02	1.876360e+02	4.009335e-02	
60.000000	52.000000	234.422054	98.848084	5.286552e-01	2.503412e-02	1.876860e+02	3.619219e-02	
60.000000	56.000000	264.207348	11.325967	6.216536e-01	3.547665e-02	1.867007e+02	4.336372e-02	
60.000000	60.000000	314.420509	20.608353	5.923053e-01	2.774761e-02	4.536048e+02	3.993932e-02	
0.000000	0.000000	304.085331	40.178420	6.209875e-01	3.311170e-02	4.485143e+02	4.285809e-02	
