0.000000	4.000000	139.740072	4.635369	6.294123e-01	3.453194e-02	1.943874e+02	4.313673e-02	
0.000000	8.000000	138.942042	5.752647	5.899706e-01	2.558869e-02	1.942388e+02	4.235888e-02	
0.000000	12.000000	135.215054	6.503531	5.857345e-01	2.578313e-02	1.942853e+02	3.980536e-02	
0.000000	16.000000	134.559330	4.902463	5.820749e-01	2.797421e-02	1.944836e+02	3.944331e-02	
0.000000	20.000000	134.551944	157.289211	5.425667e-01	2.653850e-02	1.948420e+02	3.723407e-02	
0.000000	24.000000	134.557525	0.380351	5.859389e-01	3.041845e-02	1.947758e+02	3.871157e-02	
0.000000	28.000000	134.550379	3.677836	5.111862e-01	3.558114e-02	1.950331e+02	3.534035e-02	
0.000000	32.000000	134.554897	2.980063	5.926012e-01	2.992724e-02	1.951166e+02	3.868030e-02	
0.000000	36.000000	140.768574	2.246230	6.089862e-01	3.441419e-02	1.952731e+02	4.220367e-02	
0.000000	40.000000	145.802423	46.539110	5.365157e-01	2.967541e-02	1.949739e+02	3.404902e-02	
0.000000	44.000000	153.279420	5.177311	5.542569e-01	2.735657e-02	1.938532e+02	4.121828e-02	
0.000000	48.000000	165.824269	5.866610	5.606619e-01	2.684042e-02	1.916363e+02	3.832309e-02	
0.000000	52.000000	160.029207	6.175373	5.829551e-01	3.119863e-02	4.580116e+02	3.917998e-02	
0.000000	56.000000	147.051905	5.496114	6.331577e-01	2.986330e-02	4.515549e+02	4.244438e-02	
0.000000	60.000000	134.558835	4.821309	5.889924e-01	2.867636e-02	4.438132e+02	5.016714e-02	
4.000000	0.000000	130.863884	6.311710	5.980290e-01	2.900447e-02	4.431166e+02	4.067125e-02	
4.000000	4.000000	140.790195	7.551471	6.385529e-01	3.587880e-02	1.944232e+02	4.430153e-02	
4.000000	8.000000	140.809052	4.268814	5.683520e-01	3.154557e-02	1.939267e+02	3.756190e-02	
4.000000	12.000000	139.895861	4.449824	6.000195e-01	3.135617e-02	1.941164e+02	3.952619e-02	
4.000000	16.000000	135.909063	5.164064	5.825074e-01	3.049568e-02	1.942485e+02	3.854440e-02	
4.000000	20.000000	134.554142	3.896540	5.679308e-01	2.959776e-02	1.948553e+02	3.693309e-02	
4.000000	24.000000	134.555638	3.211014	6.090890e-01	2.618591e-02	1.946697e+02	4.168920e-02	
4.000000	28.000000	134.504949	3.472750	5.837805e-01	3.016579e-02	1.949318e+02	4.095484e-02	
4.000000	32.000000	138.476359	2.947941	5.781656e-01	2.890500e-02	1.949027e+02	3.816955e-02	
4.000000	36.000000	140.802638	2.999130	5.511214e-01	3.013675e-02	1.951297e+02	3.572158e-02	
4.000000	40.000000	147.021764	2.983680	5.494721e-01	2.863895e-02	1.949131e+02	3.651412e-02	
4.000000	44.000000	153.279412	7.325393	5.984786e-01	3.903912e-02	1.939023e+02	6.102603e-02	
4.000000	48.000000	165.800108	5.669582	5.665053e-01	3.304395e-02	1.918164e+02	3.846010e-02	
4.000000	52.000000	160.913303	7.673190	7.387308e+02	8.144962e+02	-2.155017e+03	3.206583e+03	
4.000000	56.000000	148.490821	986.084591	6.094571e-01	2.973489e-02	4.524702e+02	4.116982e-02	
4.000000	60.000000	140.804867	5.507817	6.181909e-01	2.939334e-02	4.443045e+02	4.132233e-02	
8.000000	0.000000	134.557864	6.139738	6.279365e-01	3.583090e-02	4.430036e+02	4.743770e-02	
8.000000	4.000000	140.801934	4.950692	5.634008e-01	3.320455e-02	1.940257e+02	3.947163e-02	
8.000000	8.000000	140.808961	6.392306	6.314608e-01	2.838359e-02	1.937310e+02	4.322103e-02	
8.000000	12.000000	140.818366	5.394142	6.094355e-01	2.974306e-02	1.938838e+02	4.036403e-02	
8.000000	16.000000	140.821383	3.415152	5.927832e-01	3.565788e-02	1.940515e+02	4.314325e-02	
8.000000	20.000000	138.075052	142.441143	5.841414e-01	2.758199e-02	1.941808e+02	3.899545e-02	
8.000000	24.000000	136.075401	5.836693	6.037106e-01	2.852504e-02	1.945761e+02	4.068395e-02	
8.000000	28.000000	138.437719	3.439345	6.045142e-01	3.167215e-02	1.946266e+02	4.144459e-02	
8.000000	32.000000	140.801768	2.670629	5.484363e-01	2.623184e-02	1.948281e+02	3.770675e-02	
8.000000	36.000000	140.808192	3.667418	5.331115e-01	2.662658e-02	1.951675e+02	3.553335e-02	
8.000000	40.000000	147.021779	3.635016	5.788123e-01	3.339380e-02	1.949174e+02	4.844473e-02	
8.000000	44.000000	153.299623	3.953614	5.249152e-01	3.908255e-02	1.939462e+02	3.477015e-02	
8.000000	48.000000	165.807910	6.468279	4.787832e-01	3.207074e-02	1.920363e+02	2.930123e-02	
8.000000	52.000000	169.369414	12.145904	3.285473e+01	1.706668e+00	3.165563e+02	1.004691e+00	
8.000000	56.000000	153.301924	5.722066	6.488485e-01	3.677331e-02	4.531587e+02	4.440055e-02	
8.000000	60.000000	140.807907	6.281720	6.494402e-01	3.286981e-02	4.451137e+02	4.299505e-02	
12.000000	0.000000	134.540143	4.831221	5.995623e-01	3.187631e-02	4.429227e+02	4.550798e-02	
12.000000	4.000000	144.966064	1018.123038	5.921947e-01	3.334569e-02	1.940123e+02	4.215584e-02	
12.000000	8.000000	142.072247	101.808224	6.406133e-01	3.497249e-02	1.934906e+02	4.341456e-02	
12.000000	12.000000	140.811625	5.270616	6.359171e-01	3.566676e-02	1.935958e+02	4.412031e-02	
12.000000	16.000000	140.806831	6.256766	6.360987e-01	3.197127e-02	1.938288e+02	4.198566e-02	
12.000000	20.000000	140.800912	3.686967	5.899706e-01	2.558870e-02	1.942388e+02	4.235888e-02	
12.000000	24.000000	140.826131	2.771294	5.920358e-01	2.844836e-02	1.944509e+02	3.996478e-02	
12.000000	28.000000	140.803790	2.836882	6.147581e-01	3.219122e-02	1.944811e+02	4.227258e-02	
12.000000	32.000000	140.768485	3.339650	5.598328e-01	2.938402e-02	1.949002e+02	3.621410e-02	
12.000000	36.000000	140.768570	3.389192	5.217662e-01	2.811499e-02	1.951085e+02	3.536125e-02	
12.000000	40.000000	147.057551	4.022318	5.541131e-01	3.013726e-02	1.949755e+02	3.679643e-02	
12.000000	44.000000	153.305030	3.922991	5.212674e-01	2.967310e-02	1.940673e+02	3.298341e-02	
12.000000	48.000000	165.790001	5.462442	5.648805e-01	2.751463e-02	1.923777e+02	3.812190e-02	
12.000000	52.000000	170.337645	11.447287	8.405448e+02	8.397490e+02	-2.122017e+03	1.644708e+03	
12.000000	56.000000	158.978195	6.121690	6.065583e-01	3.152809e-02	4.539197e+02	4.010763e-02	
12.000000	60.000000	147.051688	5.674700	6.258341e-01	3.196689e-02	4.460039e+02	4.219074e-02	
16.000000	0.000000	139.804443	508.615300	5.487844e-01	2.666048e-02	4.426654e+02	3.695050e-02	
16.000000	4.000000	147.052005	6.127002	5.459280e-01	2.534757e-02	1.936494e+02	3.689643e-02	
16.000000	8.000000	147.067905	4.966643	6.100420e-01	2.809515e-02	1.934022e+02	4.116810e-02	
16.000000	12.000000	144.424343	1079.582367	5.849068e-01	2.804000e-02	1.934601e+02	3.954977e-02	
16.000000	16.000000	140.807818	4.387987	5.968424e-01	2.562875e-02	1.937102e+02	4.106841e-02	
16.000000	20.000000	140.823866	17.535948	5.093058e-01	3.648158e-02	1.940397e+02	3.550564e-02	
16.000000	24.000000	140.801900	4.904200	4.548190e-01	3.636730e-02	1.940574e+02	2.681281e-02	
16.000000	28.000000	140.807848	97.949245	5.128064e-01	2.744974e-02	1.942206e+02	3.445145e-02	
16.000000	32.000000	140.798705	3.239760	5.844947e-01	2.888948e-02	1.944316e+02	3.966595e-02	
16.000000	36.000000	145.025963	79.287414	5.526853e-01	3.059888e-02	1.949842e+02	3.703934e-02	
16.000000	40.000000	147.021825	3.717891	6.041626e-01	2.780483e-02	1.948197e+02	4.243039e-02	
16.000000	44.000000	157.506235	781.185898	5.956935e-01	2.990939e-02	1.942017e+02	3.925451e-02	
16.000000	48.000000	169.780164	1082.263119	5.510555e-01	2.506568e-02	1.925461e+02	3.772237e-02	
16.000000	52.000000	177.609436	5.105728	5.285273e-01	2.620954e-02	1.892442e+02	3.537705e-02	
16.000000	56.000000	159.552039	8.945380	5.799547e-01	2.608735e-02	4.546992e+02	3.904584e-02	
16.000000	60.000000	148.557634	8.146752	5.847844e-01	3.012751e-02	4.469492e+02	3.806904e-02	
20.000000	0.000000	140.798754	5.892292	5.544556e-01	2.530032e-02	4.424791e+02	3.789347e-02	
20.000000	4.000000	147.049494	7.060355	5.952395e-01	3.009636e-02	1.935893e+02	4.079896e-02	
20.000000	8.000000	147.050296	11.570552	5.960282e-01	3.117325e-02	1.931682e+02	3.928951e-02	
20.000000	12.000000	147.056404	5.325638	5.437129e-01	2.519869e-02	1.933965e+02	3.709789e-02	
20.000000	16.000000	145.340466	123.405646	6.263893e-01	2.626137e-02	1.936634e+02	4.422715e-02	
20.000000	20.000000	142.085045	75.777503	5.092013e-01	3.329235e-02	1.939557e+02	3.782541e-02	
20.000000	24.000000	140.821124	4.363798	5.573396e-01	3.605978e-02	1.940072e+02	4.301377e-02	
20.000000	28.000000	141.313590	4.039821	5.956587e-01	3.134208e-02	1.943080e+02	3.980165e-02	
20.000000	32.000000	144.026339	58.268814	5.570383e-01	2.658192e-02	1.946452e+02	3.798140e-02	
20.000000	36.000000	147.021821	3.088017	5.616500e-01	2.972373e-02	1.950798e+02	4.010957e-02	
20.000000	40.000000	151.543170	4.723030	5.841974e-01	2.884953e-02	1.948853e+02	3.859225e-02	
20.000000	44.000000	159.587222	3.290417	5.729200e-01	2.794388e-02	1.944253e+02	3.880045e-02	
20.000000	48.000000	172.044341	7.004137	5.324606e-01	3.231603e-02	1.929829e+02	3.737830e-02	
20.000000	52.000000	182.836697	955.767699	5.943410e-01	3.279348e-02	1.900627e+02	4.035773e-02	
20.000000	56.000000	165.795436	5.728414	5.767811e-01	3.148541e-02	4.552638e+02	3.854756e-02	
20.000000	60.000000	153.294823	6.232616	6.322448e-01	3.520962e-02	4.480127e+02	4.592822e-02	
24.000000	0.000000	144.424374	6.078443	5.752047e-01	2.703584e-02	4.423492e+02	3.852975e-02	
24.000000	4.000000	152.479638	4.999555	5.585249e-01	3.075311e-02	1.932205e+02	3.773346e-02	
24.000000	8.000000	150.099839	20.235876	5.492981e-01	3.368355e-02	1.929476e+02	3.779307e-02	
24.000000	12.000000	147.041982	6.081803	4.887903e-01	3.413795e-02	1.930690e+02	3.054480e-02	
24.000000	16.000000	147.057904	18.259232	5.821303e-01	2.706298e-02	1.933720e+02	3.912854e-02	
24.000000	20.000000	147.052004	3.459381	6.178575e-01	3.641049e-02	1.937569e+02	4.330926e-02	
24.000000	24.000000	145.861288	159.817970	5.672235e-01	2.809191e-02	1.938148e+02	3.728510e-02	
24.000000	28.000000	145.890676	3.517029	6.386676e-01	3.692793e-02	1.941204e+02	4.462449e-02	
24.000000	32.000000	147.042157	4.126327	5.693034e-01	2.752851e-02	1.944071e+02	3.882354e-02	
24.000000	36.000000	147.051900	4.182841	5.992125e-01	2.906507e-02	1.948372e+02	3.961425e-02	
24.000000	40.000000	153.279437	3.382045	5.665325e-01	2.601964e-02	1.947052e+02	3.788607e-02	
24.000000	44.000000	159.535212	6.628952	6.069113e-01	2.566144e-02	1.942977e+02	4.237440e-02	
24.000000	48.000000	172.054172	10.206974	5.399659e-01	3.129238e-02	1.929453e+02	3.509970e-02	
24.000000	52.000000	184.545816	5.972282	5.489520e-01	2.581577e-02	1.902966e+02	3.668590e-02	
24.000000	56.000000	172.039176	11.863462	6.187516e-01	3.123476e-02	4.560475e+02	4.069325e-02	
24.000000	60.000000	159.549452	7.969979	6.544137e-01	3.083317e-02	4.491817e+02	4.476873e-02	
28.000000	0.000000	147.050323	5.366688	5.830761e-01	2.565588e-02	4.422722e+02	3.974122e-02	
28.000000	4.000000	153.301646	10.318958	6.190241e-01	3.374766e-02	1.926328e+02	4.275486e-02	
28.000000	8.000000	153.301782	14.635319	5.455878e-01	2.573655e-02	1.923043e+02	3.659913e-02	
28.000000	12.000000	153.301799	5.860158	5.644921e-01	2.599911e-02	1.924812e+02	3.866155e-02	
28.000000	16.000000	148.384607	8.851250	5.006952e-01	3.366707e-02	1.929697e+02	3.567041e-02	
28.000000	20.000000	147.063682	5.090700	5.486341e-01	2.543328e-02	1.933602e+02	3.709827e-02	
28.000000	24.000000	147.055332	161.073595	5.533944e-01	2.513821e-02	1.935208e+02	3.775696e-02	
28.000000	28.000000	147.053538	83.877694	5.799004e-01	3.043697e-02	1.937468e+02	3.839984e-02	
28.000000	32.000000	147.021820	4.428484	5.491449e-01	2.720341e-02	1.941438e+02	3.984470e-02	
28.000000	36.000000	148.300259	4.193720	5.577086e-01	2.536160e-02	1.944716e+02	3.833361e-02	
28.000000	40.000000	153.303728	4.097671	5.769922e-01	2.746573e-02	1.944765e+02	3.954075e-02	
28.000000	44.000000	159.551879	4.010627	5.928686e-01	2.861688e-02	1.944602e+02	4.004295e-02	
28.000000	48.000000	172.044342	7.663741	5.335898e-01	3.212401e-02	1.931126e+02	3.475550e-02	
28.000000	52.000000	189.587627	7.110708	5.587753e-01	2.566719e-02	1.904386e+02	3.836245e-02	
28.000000	56.000000	178.298684	7.146350	5.427140e-01	2.479137e-02	4.566167e+02	3.692293e-02	
28.000000	60.000000	165.801775	7.304755	6.067546e-01	3.004707e-02	4.505067e+02	4.104097e-02	
32.000000	0.000000	153.304543	5.949076	6.435823e-01	3.892210e-02	4.426619e+02	4.470649e-02	
32.000000	4.000000	157.837645	681.456078	5.280354e-01	2.920849e-02	1.928577e+02	3.393326e-02	
32.000000	8.000000	155.418916	1048.346960	5.736616e-01	3.031569e-02	1.922477e+02	3.803891e-02	
32.000000	12.000000	153.297196	6.215340	6.074074e-01	3.411102e-02	1.922742e+02	4.195598e-02	
32.000000	16.000000	153.302226	7.801277	5.746994e-01	2.783898e-02	1.928125e+02	3.788034e-02	
32.000000	20.000000	151.760262	4.828127	5.427685e-01	2.852497e-02	1.931960e+02	3.545996e-02	
32.000000	24.000000	149.867281	5.343110	6.222985e-01	3.333631e-02	1.934525e+02	4.288769e-02	
32.000000	28.000000	149.015485	7.233779	6.238120e-01	3.433584e-02	1.936308e+02	4.267564e-02	
32.000000	32.000000	151.548979	4.213804	6.131480e-01	2.775320e-02	1.937929e+02	4.265074e-02	
32.000000	36.000000	153.279420	3.874727	6.101527e-01	2.883463e-02	1.945645e+02	4.067856e-02	
32.000000	40.000000	154.466176	118.010206	6.705103e-01	4.127854e-02	1.946135e+02	4.743967e-02	
32.000000	44.000000	163.195980	4.855033	5.756530e-01	2.912001e-02	1.943236e+02	3.911370e-02	
32.000000	48.000000	173.291752	7.510592	5.846727e-01	3.198882e-02	1.932498e+02	3.896352e-02	
32.000000	52.000000	190.805297	7.657891	5.756931e-01	2.775442e-02	1.908553e+02	3.884014e-02	
32.000000	56.000000	183.802729	7.302697	6.327873e-01	2.874667e-02	4.574956e+02	4.197881e-02	
32.000000	60.000000	172.051977	5.940269	7.091327e-01	4.894055e-02	4.516706e+02	5.227327e-02	
36.000000	0.000000	157.846173	6.136003	6.504577e-01	3.071370e-02	4.434808e+02	4.470945e-02	
36.000000	4.000000	159.965422	7.878409	5.849292e-01	2.639544e-02	1.923234e+02	3.935172e-02	
36.000000	8.000000	159.552058	28.638853	5.470010e-01	3.213808e-02	1.920070e+02	3.753708e-02	
36.000000	12.000000	159.555489	6.617631	5.431840e-01	2.912119e-02	1.922291e+02	3.654495e-02	
36.000000	16.000000	154.825401	95.911889	5.857626e-01	3.149200e-02	1.923259e+02	3.940191e-02	
36.000000	20.000000	153.301943	5.246298	6.241031e-01	2.597669e-02	1.926789e+02	4.449237e-02	
36.000000	24.000000	153.289699	23.817837	5.676400e-01	2.963237e-02	1.930292e+02	3.683260e-02	
36.000000	28.000000	153.279467	5.111790	5.421645e-01	2.599526e-02	1.932544e+02	3.613047e-02	
36.000000	32.000000	153.304871	5.877187	5.872671e-01	3.333391e-02	1.937752e+02	4.025414e-02	
36.000000	36.000000	153.308639	3.992767	5.818993e-01	2.571941e-02	1.942760e+02	3.952852e-02	
36.000000	40.000000	159.535196	5.081017	6.085963e-01	3.223386e-02	1.946110e+02	4.140820e-02	
36.000000	44.000000	165.789957	5.570988	6.076742e-01	3.173397e-02	1.944057e+02	4.175755e-02	
36.000000	48.000000	178.298490	5.680507	5.095185e-01	2.590519e-02	1.932344e+02	3.391807e-02	
36.000000	52.000000	192.032520	835.363574	5.914581e-01	3.019375e-02	1.913686e+02	4.051147e-02	
36.000000	56.000000	191.546392	11.656304	5.126255e-01	4.056905e-02	4.580468e+02	3.901462e-02	
36.000000	60.000000	178.296910	11.238804	6.579972e-01	3.198026e-02	4.528793e+02	4.614694e-02	
40.000000	0.000000	164.938696	6.905528	5.893980e-01	2.890793e-02	4.445094e+02	4.038789e-02	
40.000000	4.000000	165.799745	28.249974	6.038515e-01	2.773117e-02	1.918158e+02	4.210867e-02	
40.000000	8.000000	165.809760	10.370473	6.234974e-01	3.374099e-02	1.915808e+02	4.302535e-02	
40.000000	12.000000	163.290070	29.261190	5.922190e-01	2.641159e-02	1.916865e+02	3.989762e-02	
40.000000	16.000000	159.555276	5.711363	5.227594e-01	3.254764e-02	1.919992e+02	3.559082e-02	
40.000000	20.000000	159.555666	6.289935	5.548509e-01	2.554570e-02	1.925898e+02	3.807820e-02	
40.000000	24.000000	157.798980	125.258248	5.795133e-01	2.997076e-02	1.929070e+02	3.772284e-02	
40.000000	28.000000	157.339362	65.058479	5.875181e-01	3.067476e-02	1.931369e+02	3.853260e-02	
40.000000	32.000000	157.845457	84.988643	5.659569e-01	2.613917e-02	1.938169e+02	4.084410e-02	
40.000000	36.000000	159.549255	4.396271	6.003878e-01	3.129584e-02	1.943683e+02	4.120895e-02	
40.000000	40.000000	160.412373	5.457697	5.782700e-01	2.615549e-02	1.943048e+02	3.887557e-02	
40.000000	44.000000	165.953794	4.566612	5.916267e-01	2.695198e-02	1.943552e+02	3.979624e-02	
40.000000	48.000000	178.298499	5.812170	5.897822e-01	3.071307e-02	1.936486e+02	4.011430e-02	
40.000000	52.000000	197.051753	7.732706	6.005186e-01	3.047511e-02	1.919681e+02	4.008106e-02	
40.000000	56.000000	199.900161	5.715083	6.705808e+02	1.511724e+02	-1.779102e+03	1.000960e+03	
40.000000	60.000000	184.558791	6.171059	7.532236e-01	6.015979e-02	4.542182e+02	6.163179e-02	
44.000000	0.000000	172.047963	9.791970	5.667323e-01	3.244333e-02	4.460158e+02	3.929166e-02	
44.000000	4.000000	172.055919	24.576253	5.636861e-01	2.612821e-02	1.913023e+02	3.775832e-02	
44.000000	8.000000	171.179886	440.034188	5.639929e-01	3.016313e-02	1.911833e+02	3.698289e-02	
44.000000	12.000000	167.032520	143.962885	5.985935e-01	3.155779e-02	1.911210e+02	3.950352e-02	
44.000000	16.000000	165.798605	26.592928	5.704472e-01	2.719321e-02	1.914107e+02	3.905616e-02	
44.000000	20.000000	164.101231	7.455550	5.740975e-01	2.772522e-02	1.918432e+02	3.826814e-02	
44.000000	24.000000	160.960620	34.816976	6.556525e-01	3.946984e-02	1.923440e+02	4.628211e-02	
44.000000	28.000000	159.557910	5.356932	5.737675e-01	2.548205e-02	1.927744e+02	3.978307e-02	
44.000000	32.000000	159.555767	5.701088	5.234575e-01	2.631245e-02	1.932791e+02	3.512517e-02	
44.000000	36.000000	160.714134	5.176417	5.546108e-01	2.686309e-02	1.936462e+02	3.740445e-02	
44.000000	40.000000	165.789982	7.584141	6.422311e-01	3.171640e-02	1.941131e+02	4.246257e-02	
44.000000	44.000000	172.044347	6.477559	5.490974e-01	2.863950e-02	1.940844e+02	3.649599e-02	
44.000000	48.000000	182.879152	867.998176	6.122912e-01	3.190253e-02	1.935688e+02	4.163890e-02	
44.000000	52.000000	197.715054	8.331102	5.526853e-01	3.059841e-02	1.920158e+02	3.703879e-02	
44.000000	56.000000	214.205760	8.250062	5.305027e+01	1.226363e+01	3.255754e+02	3.767043e+00	
44.000000	60.000000	197.041120	8.620468	4.949601e-01	3.203369e-02	4.551069e+02	3.095666e-02	
48.000000	0.000000	180.602951	9.723487	5.685760e-01	2.684032e-02	4.474248e+02	3.895328e-02	
48.000000	4.000000	178.300667	7.861452	6.416226e-01	3.646904e-02	1.905914e+02	4.461223e-02	
48.000000	8.000000	178.295150	24.034222	5.690133e-01	2.727272e-02	1.903878e+02	3.884077e-02	
48.000000	12.000000	176.717480	22.317701	5.720200e-01	2.753876e-02	1.906033e+02	3.914050e-02	
48.000000	16.000000	172.050320	9.977510	4.893772e-01	3.210668e-02	1.909707e+02	3.151429e-02	
48.000000	20.000000	170.319996	678.776289	6.278853e-01	3.229683e-02	1.915902e+02	4.220467e-02	
48.000000	24.000000	167.159971	249.862865	4.937158e-01	3.755803e-02	1.919950e+02	3.662038e-02	
48.000000	28.000000	166.145192	5.943373	5.725608e-01	2.847977e-02	1.923398e+02	3.836851e-02	
48.000000	32.000000	165.809435	6.433622	6.190783e-01	3.324140e-02	1.925991e+02	4.259560e-02	
48.000000	36.000000	165.801815	5.336446	5.718882e-01	3.534777e-02	1.930544e+02	4.121129e-02	
48.000000	40.000000	170.379781	84.969353	5.835701e-01	2.950073e-02	1.936453e+02	3.990887e-02	
48.000000	44.000000	176.476145	5.937351	5.658398e-01	3.197959e-02	1.937934e+02	3.836463e-02	
48.000000	48.000000	184.552546	6.912216	5.831292e-01	2.831141e-02	1.934484e+02	3.994260e-02	
48.000000	52.000000	203.301760	8.200578	5.122524e-01	3.542302e-02	1.920304e+02	3.546754e-02	
48.000000	56.000000	222.075365	7.607266	5.835701e-01	2.950073e-02	1.896453e+02	3.990888e-02	
48.000000	60.000000	208.674038	12.669384	5.207602e-01	3.137518e-02	4.560948e+02	3.322700e-02	
52.000000	0.000000	192.208906	13.318344	7.099818e-01	3.919899e-02	4.494020e+02	4.852788e-02	
52.000000	4.000000	191.105311	26.839698	6.262678e-01	3.560312e-02	1.896812e+02	4.359691e-02	
52.000000	8.000000	189.912741	25.635586	6.448418e-01	2.779943e-02	1.895963e+02	4.502889e-02	
52.000000	12.000000	186.852950	42.546879	5.493959e-01	2.663723e-02	1.898439e+02	3.880989e-02	
52.000000	16.000000	183.657738	15.816118	5.978336e-01	2.554173e-02	1.902617e+02	4.255915e-02	
52.000000	20.000000	178.916697	444.548337	5.706091e-01	2.570562e-02	1.907926e+02	4.018103e-02	
52.000000	24.000000	177.449185	10.349940	5.655037e-01	2.742995e-02	1.911612e+02	4.348082e-02	
52.000000	28.000000	176.657633	1.033704	5.724981e-01	2.741019e-02	1.915935e+02	3.910124e-02	
52.000000	32.000000	174.272079	9.378983	5.195791e-01	3.002018e-02	1.921781e+02	3.440232e-02	
52.000000	36.000000	173.593100	44.203921	5.208769e-01	2.894509e-02	1.929077e+02	3.618351e-02	
52.000000	40.000000	177.249387	7.351748	5.725903e-01	2.778178e-02	1.931648e+02	3.794401e-02	
52.000000	44.000000	182.249525	87.305446	6.138823e-01	3.213293e-02	1.935378e+02	4.220987e-02	
52.000000	48.000000	190.806945	24.851799	5.251049e-01	2.693316e-02	1.931587e+02	3.461169e-02	
52.000000	52.000000	208.577088	6.973383	5.380315e-01	2.501796e-02	1.923439e+02	3.679882e-02	
52.000000	56.000000	231.511686	1113.571925	5.504546e-01	2.835538e-02	1.901447e+02	3.581821e-02	
52.000000	60.000000	226.539376	670.598144	5.710438e-01	3.110148e-02	4.569358e+02	3.755325e-02	
56.000000	0.000000	209.559954	6.547131	5.614970e-01	2.618514e-02	4.516618e+02	3.772413e-02	
56.000000	4.000000	219.034152	978.149417	2.499267e+02	2.216957e+02	-1.984019e+02	2.181524e+02	
56.000000	8.000000	215.387558	133.750225	3.763395e+00	5.851378e+02	1.956146e+02	2.744572e+02	
56.000000	12.000000	212.511551	70.966779	3.049001e+02	1.769943e+02	5.161086e+01	2.255659e+02	
56.000000	16.000000	207.403887	917.697040	6.038623e-01	2.967900e-02	1.893168e+02	4.025663e-02	
56.000000	20.000000	201.560179	13.018847	5.085729e-01	3.542362e-02	1.899646e+02	3.970587e-02	
56.000000	24.000000	197.054742	33.603483	6.144387e-01	2.576789e-02	1.907074e+02	4.420278e-02	
56.000000	28.000000	192.163303	813.027434	6.054234e-01	3.054898e-02	1.910943e+02	3.967658e-02	
56.000000	32.000000	189.789278	11.970229	6.341236e-01	3.544668e-02	1.915438e+02	4.317074e-02	
56.000000	36.000000	188.530165	47.923018	5.838818e-01	2.890086e-02	1.922896e+02	3.873325e-02	
56.000000	40.000000	189.566305	9.413875	6.199614e-01	3.549242e-02	1.927140e+02	4.318765e-02	
56.000000	44.000000	190.797426	8.281587	6.197169e-01	2.906053e-02	1.931661e+02	4.220527e-02	
56.000000	48.000000	201.729150	30.919133	5.359704e-01	2.973272e-02	1.929659e+02	3.399316e-02	
56.000000	52.000000	215.728573	23.925420	5.883620e-01	2.548567e-02	1.922498e+02	4.132837e-02	
56.000000	56.000000	240.805339	19.971664	5.996107e-01	3.187590e-02	1.906693e+02	4.118479e-02	
56.000000	60.000000	254.479247	14.226809	6.653051e+02	3.352331e+02	4.065477e+02	7.811695e+02	
60.000000	0.000000	236.994540	1095.070669	6.146014e-01	2.754391e-02	4.536214e+02	4.127966e-02	
60.000000	4.000000	327.836909	755.776883	3.318754e+01	3.717697e+00	3.216712e+02	1.596517e+00	
60.000000	8.000000	318.887080	268.684426	3.326961e+01	4.170652e+00	3.133115e+02	2.504791e+00	
60.000000	12.000000	308.288774	202.093923	1.265410e+03	6.545854e+02	-2.295874e+02	1.023613e+03	
60.000000	16.000000	297.375591	664.709414	4.158708e+02	8.214598e+01	-1.290265e+03	5.112235e+02	
60.000000	20.000000	281.562761	819.674204	5.937174e-01	3.016406e-02	1.890576e+02	3.882443e-02	
60.000000	24.000000	267.710539	796.225583	6.196460e-01	3.079117e-02	1.898227e+02	4.090314e-02	
60.000000	28.000000	255.688310	791.489352	5.636861e-01	2.612821e-02	1.903023e+02	3.775832e-02	
60.000000	32.000000	242.791943	858.946568	5.485778e-01	2.590938e-02	1.907901e+02	3.672064e-02	
60.000000	36.000000	231.543245	907.439959	6.111512e-01	2.934082e-02	1.914861e+02	4.070023e-02	
60.000000	40.000000	223.557633	43.758405	5.917532e-01	2.934990e-02	1.919052e+02	4.070366e-02	
60.000000	44.000000	219.795006	8.879344	6.062456e-01	3.291099e-02	1.923208e+02	4.177110e-02	
60.000000	48.000000	223.380726	9.400742	5.784580e-01	2.890670e-02	1.924363e+02	3.892784e-02	
60.000000	52.000000	234.987639	33.975902	5.760456e-01	2.779996e-02	1.921407e+02	3.905634e-02	
60.000000	56.000000	258.661460	18.018315	5.688482e-01	3.049430e-02	1.909585e+02	3.928376e-02	
60.000000	60.000000	290.871586	773.106938	8.797106e+02	8.669509e+02	-6.767707e+02	1.377423e+03	
0.000000	0.000000	297.049480	21.137282	5.865336e-01	3.567040e-02	4.558326e+02	4.065499e-02	
