0.000000	4.000000	131.636109	1136.509477	5.748007e-01	3.779913e-02	1.960877e+02	4.244209e-02	
0.000000	8.000000	128.894099	209.523281	5.864138e-01	2.953690e-02	1.958239e+02	3.841324e-02	
0.000000	12.000000	128.291774	3.885751	5.751963e-01	2.959030e-02	1.959412e+02	3.735314e-02	
0.000000	16.000000	128.301871	4.208940	5.721001e-01	3.088243e-02	1.961193e+02	3.746025e-02	
0.000000	20.000000	128.301947	20.515587	5.988173e-01	2.869034e-02	1.964419e+02	4.038076e-02	
0.000000	24.000000	128.320072	33.713537	6.130250e-01	3.400012e-02	1.963107e+02	4.240798e-02	
0.000000	28.000000	128.308336	4.475407	5.767310e-01	2.553213e-02	1.962456e+02	3.957422e-02	
0.000000	32.000000	129.557315	65.932656	5.196736e-01	3.108032e-02	1.960443e+02	3.297441e-02	
0.000000	36.000000	134.504765	4.758160	6.193982e-01	3.008328e-02	1.958531e+02	4.101941e-02	
0.000000	40.000000	140.795170	3.064740	6.075154e-01	3.179292e-02	1.949444e+02	4.383765e-02	
0.000000	44.000000	147.052471	4.499982	5.437533e-01	2.606108e-02	1.931962e+02	3.634936e-02	
0.000000	48.000000	159.562750	5.667023	6.158374e-01	3.108471e-02	1.900775e+02	4.045409e-02	
0.000000	52.000000	153.995637	4.680194	5.544238e-01	2.921783e-02	1.850678e+02	3.568318e-02	
0.000000	56.000000	140.799517	5.616701	5.771007e-01	3.007771e-02	4.449408e+02	3.993364e-02	
0.000000	60.000000	133.919555	5.473388	5.536834e-01	3.168981e-02	4.371339e+02	3.636556e-02	
4.000000	0.000000	128.291242	4.712216	5.922096e-01	3.455384e-02	4.371012e+02	4.090947e-02	
4.000000	4.000000	134.550273	5.744127	5.626221e-01	2.928680e-02	1.961747e+02	3.602744e-02	
4.000000	8.000000	133.661076	4.317954	6.212035e-01	3.701020e-02	1.957623e+02	4.371885e-02	
4.000000	12.000000	131.183269	1134.527741	5.722871e-01	4.369399e-02	1.959985e+02	5.448001e-02	
4.000000	16.000000	128.305746	5.636070	5.684371e-01	3.292144e-02	1.961379e+02	3.800378e-02	
4.000000	20.000000	128.306313	4.128517	5.621763e-01	2.988874e-02	1.962526e+02	3.810654e-02	
4.000000	24.000000	128.304141	3.863158	5.532862e-01	2.595313e-02	1.961895e+02	3.784809e-02	
4.000000	28.000000	128.297175	3.698890	5.696255e-01	2.561695e-02	1.962150e+02	3.958414e-02	
4.000000	32.000000	133.603639	136.315937	5.822557e-01	2.780338e-02	1.961462e+02	3.994716e-02	
4.000000	36.000000	134.567671	4.216614	5.797575e-01	3.151214e-02	1.957432e+02	3.957838e-02	
4.000000	40.000000	140.806050	4.229339	5.762486e-01	2.602577e-02	1.948011e+02	4.222359e-02	
4.000000	44.000000	147.021777	4.354158	5.806265e-01	2.765000e-02	1.931622e+02	3.903382e-02	
4.000000	48.000000	159.557907	4.435068	5.333719e-01	2.480375e-02	1.903379e+02	3.659161e-02	
4.000000	52.000000	159.569849	5.789938	5.790373e-01	2.562175e-02	1.857373e+02	3.944513e-02	
4.000000	56.000000	142.006902	5.833170	5.632954e-01	2.968685e-02	4.459541e+02	3.756620e-02	
4.000000	60.000000	134.545203	5.064471	6.444438e-01	3.704932e-02	4.376061e+02	4.491841e-02	
8.000000	0.000000	129.536253	8.658068	5.747152e-01	2.771916e-02	4.368472e+02	3.844746e-02	
8.000000	4.000000	134.539047	9.972546	5.664259e-01	2.642517e-02	1.958221e+02	4.152302e-02	
8.000000	8.000000	134.557903	7.296889	6.097454e-01	3.378736e-02	1.956985e+02	4.214449e-02	
8.000000	12.000000	134.551773	4.569792	5.723536e-01	2.548100e-02	1.957668e+02	3.926340e-02	
8.000000	16.000000	132.963747	538.739325	5.684704e-01	3.552110e-02	1.959878e+02	4.471752e-02	
8.000000	20.000000	129.790775	965.175208	5.785516e-01	2.929475e-02	1.960765e+02	3.901979e-02	
8.000000	24.000000	129.580325	863.282153	5.984072e-01	3.189320e-02	1.962062e+02	3.962069e-02	
8.000000	28.000000	133.319972	729.234331	6.058303e-01	2.760471e-02	1.962103e+02	4.120131e-02	
8.000000	32.000000	134.586546	3.444604	5.916341e-01	3.256317e-02	1.960924e+02	3.966879e-02	
8.000000	36.000000	134.545581	3.716483	6.106059e-01	3.161296e-02	1.954953e+02	4.194890e-02	
8.000000	40.000000	140.811285	3.485216	5.493959e-01	2.663727e-02	1.948439e+02	3.880994e-02	
8.000000	44.000000	148.557958	10.463069	5.464844e-01	2.423973e-02	1.934667e+02	3.769491e-02	
8.000000	48.000000	159.551906	7.317708	5.270386e-01	2.935984e-02	1.909069e+02	3.817599e-02	
8.000000	52.000000	160.947672	5.841344	6.218607e-01	3.343639e-02	1.864197e+02	4.279634e-02	
8.000000	56.000000	147.040047	4.714964	5.611267e-01	3.151304e-02	4.469815e+02	3.776931e-02	
8.000000	60.000000	137.433269	1170.696451	5.998711e-01	3.035224e-02	4.383771e+02	4.023553e-02	
12.000000	0.000000	134.554144	5.830066	6.192684e-01	3.603111e-02	4.370107e+02	4.668382e-02	
12.000000	4.000000	134.816039	6.121280	5.877798e-01	2.784360e-02	1.958511e+02	4.089646e-02	
12.000000	8.000000	134.556848	6.335710	6.217072e-01	3.459486e-02	1.956616e+02	4.308405e-02	
12.000000	12.000000	134.554281	12.989505	6.095682e-01	3.247788e-02	1.956322e+02	4.195517e-02	
12.000000	16.000000	134.545306	5.004231	6.118913e-01	3.214089e-02	1.959708e+02	4.307306e-02	
12.000000	20.000000	134.550034	4.156982	5.411986e-01	2.637554e-02	1.961697e+02	3.659198e-02	
12.000000	24.000000	134.545247	4.149002	5.894059e-01	2.586676e-02	1.962947e+02	4.006585e-02	
12.000000	28.000000	134.548917	3.376103	5.545883e-01	2.822531e-02	1.961636e+02	3.612227e-02	
12.000000	32.000000	134.572085	6.815739	5.763904e-01	3.221748e-02	1.960017e+02	4.040077e-02	
12.000000	36.000000	138.567318	6.237487	5.841594e-01	2.560415e-02	1.957316e+02	3.997384e-02	
12.000000	40.000000	140.808460	3.580060	5.622748e-01	2.942097e-02	1.949157e+02	3.979695e-02	
12.000000	44.000000	152.696492	3.858887	5.892612e-01	3.618141e-02	1.938378e+02	4.101887e-02	
12.000000	48.000000	160.786253	7.431022	5.874973e-01	3.040809e-02	1.913852e+02	3.961219e-02	
12.000000	52.000000	165.800181	4.264350	4.955457e-01	3.287344e-02	1.869718e+02	3.360190e-02	
12.000000	56.000000	151.785919	845.197448	5.357416e-01	2.361910e-02	4.475328e+02	3.713989e-02	
12.000000	60.000000	140.804137	5.127946	6.258916e-01	3.074461e-02	4.391168e+02	4.132987e-02	
16.000000	0.000000	134.545759	4.528677	6.070930e-01	2.903074e-02	4.367315e+02	4.035299e-02	
16.000000	4.000000	140.064230	4.927292	6.004806e-01	3.049447e-02	1.955544e+02	4.077388e-02	
16.000000	8.000000	137.334653	11.659696	5.534353e-01	2.795730e-02	1.953143e+02	3.713840e-02	
16.000000	12.000000	134.554156	6.583815	6.236182e-01	3.196631e-02	1.954685e+02	4.235850e-02	
16.000000	16.000000	134.546136	5.758392	6.413746e-01	3.821201e-02	1.957028e+02	4.524345e-02	
16.000000	20.000000	134.545863	17.630643	5.870671e-01	3.007397e-02	1.959915e+02	3.821892e-02	
16.000000	24.000000	134.554140	10.134079	6.347677e-01	3.218601e-02	1.960046e+02	4.247365e-02	
16.000000	28.000000	134.555830	6.384163	5.811317e-01	2.975785e-02	1.959156e+02	3.782022e-02	
16.000000	32.000000	134.550097	5.270331	6.134535e-01	3.106026e-02	1.958939e+02	4.604708e-02	
16.000000	36.000000	140.808301	2.891900	5.913400e-01	2.936071e-02	1.955447e+02	4.006349e-02	
16.000000	40.000000	143.947726	1124.664695	5.750850e-01	3.121980e-02	1.951418e+02	3.782247e-02	
16.000000	44.000000	153.279458	4.100647	5.609299e-01	3.058296e-02	1.939715e+02	3.822722e-02	
16.000000	48.000000	164.588581	5.883674	5.778939e-01	2.648724e-02	1.916638e+02	3.871118e-02	
16.000000	52.000000	170.340029	715.426891	6.269887e-01	3.393060e-02	1.875980e+02	4.286887e-02	
16.000000	56.000000	153.295327	6.524496	6.416693e-01	2.947019e-02	4.484481e+02	4.394630e-02	
16.000000	60.000000	146.306073	6.315899	6.998970e-01	3.752584e-02	4.404883e+02	4.892890e-02	
20.000000	0.000000	140.106829	337.710789	6.268294e-01	3.599031e-02	4.366957e+02	4.373652e-02	
20.000000	4.000000	140.809211	10.354003	6.004824e-01	3.039224e-02	1.954577e+02	4.118731e-02	
20.000000	8.000000	140.806577	5.521480	6.234074e-01	3.105972e-02	1.951297e+02	4.106849e-02	
20.000000	12.000000	140.805614	4.439641	5.834844e-01	3.013957e-02	1.953662e+02	3.928100e-02	
20.000000	16.000000	136.040775	13.991719	6.138454e-01	2.723979e-02	1.956344e+02	4.136418e-02	
20.000000	20.000000	134.553802	5.902672	5.959571e-01	2.935926e-02	1.958246e+02	3.924508e-02	
20.000000	24.000000	134.554659	5.417449	5.523835e-01	3.065210e-02	1.960628e+02	3.582211e-02	
20.000000	28.000000	134.893491	6.167797	5.440320e-01	3.039766e-02	1.961473e+02	3.531561e-02	
20.000000	32.000000	139.208840	4.402385	5.493959e-01	2.663727e-02	1.958439e+02	3.880995e-02	
20.000000	36.000000	140.768469	37.233313	5.716403e-01	2.646495e-02	1.958161e+02	4.250293e-02	
20.000000	40.000000	147.056003	3.209307	5.599080e-01	2.605652e-02	1.952929e+02	3.747841e-02	
20.000000	44.000000	153.299815	13.286518	5.290542e-01	2.816911e-02	1.941102e+02	3.705621e-02	
20.000000	48.000000	165.798736	6.105979	5.671442e-01	2.986423e-02	1.919833e+02	3.704483e-02	
20.000000	52.000000	172.053271	7.095490	5.427501e-01	2.755911e-02	1.882699e+02	3.675360e-02	
20.000000	56.000000	159.549995	7.081353	5.408410e-01	2.848231e-02	4.492002e+02	3.535619e-02	
20.000000	60.000000	147.061242	5.823151	6.002198e-01	2.704655e-02	4.417792e+02	4.808032e-02	
24.000000	0.000000	140.795747	5.670877	6.686665e-01	4.035074e-02	4.364754e+02	4.690813e-02	
24.000000	4.000000	141.054657	6.283340	5.829698e-01	2.880736e-02	1.951203e+02	3.828457e-02	
24.000000	8.000000	140.795218	5.762827	5.475950e-01	3.409295e-02	1.949006e+02	5.022411e-02	
24.000000	12.000000	140.802659	11.378965	6.179212e-01	2.909241e-02	1.951782e+02	4.153966e-02	
24.000000	16.000000	140.794234	5.371059	5.549501e-01	2.610116e-02	1.953727e+02	3.798737e-02	
24.000000	20.000000	140.002083	4.218469	6.603720e-01	4.346623e-02	1.957916e+02	4.883164e-02	
24.000000	24.000000	139.853639	4.050278	6.118985e-01	3.326855e-02	1.956607e+02	4.221336e-02	
24.000000	28.000000	140.800281	3.660904	5.638904e-01	2.625744e-02	1.956661e+02	3.785557e-02	
24.000000	32.000000	140.802102	3.978697	6.205086e-01	3.417852e-02	1.956472e+02	4.292575e-02	
24.000000	36.000000	140.802623	3.978227	6.059973e-01	3.194067e-02	1.953727e+02	4.165566e-02	
24.000000	40.000000	147.051727	18.859713	5.891223e-01	2.559899e-02	1.952741e+02	4.049636e-02	
24.000000	44.000000	153.279449	4.663362	5.431600e-01	2.702798e-02	1.941421e+02	3.830065e-02	
24.000000	48.000000	165.789988	8.265009	5.688950e-01	3.409256e-02	1.921149e+02	3.877672e-02	
24.000000	52.000000	178.336761	10.074946	5.935377e-01	3.042756e-02	1.886018e+02	4.039796e-02	
24.000000	56.000000	167.844904	5.797140	4.437056e+02	8.704413e+01	1.987312e+03	4.610578e+02	
24.000000	60.000000	153.307842	6.783030	6.224298e-01	3.085650e-02	4.430923e+02	4.396556e-02	
28.000000	0.000000	146.212425	5.428436	6.650221e-01	3.999120e-02	4.364264e+02	4.669683e-02	
28.000000	4.000000	147.042367	5.638226	6.013260e-01	3.116490e-02	1.951119e+02	3.954875e-02	
28.000000	8.000000	146.255778	410.504039	6.155600e-01	4.140524e-02	1.948879e+02	4.537502e-02	
28.000000	12.000000	141.964081	801.401839	5.545561e-01	2.930044e-02	1.949298e+02	3.575486e-02	
28.000000	16.000000	140.794475	5.143157	5.940240e-01	3.183083e-02	1.951959e+02	3.937662e-02	
28.000000	20.000000	140.804780	15.590262	5.630701e-01	2.608538e-02	1.954435e+02	3.862959e-02	
28.000000	24.000000	140.845036	6.236168	5.878433e-01	2.838018e-02	1.955568e+02	3.937756e-02	
28.000000	28.000000	140.799309	16.539751	6.456614e-01	3.931934e-02	1.957231e+02	4.591015e-02	
28.000000	32.000000	140.807899	4.534934	6.175740e-01	3.362824e-02	1.955583e+02	4.203281e-02	
28.000000	36.000000	145.449741	858.558752	6.004806e-01	3.049447e-02	1.955544e+02	4.077388e-02	
28.000000	40.000000	147.049440	4.982586	5.193489e-01	2.502476e-02	1.952817e+02	3.497335e-02	
28.000000	44.000000	154.607531	898.931576	6.143935e-01	3.216692e-02	1.944716e+02	4.224655e-02	
28.000000	48.000000	165.795405	5.016506	6.131761e-01	3.302963e-02	1.926371e+02	4.226638e-02	
28.000000	52.000000	179.543131	612.867481	6.037382e-01	3.135473e-02	1.892793e+02	4.017047e-02	
28.000000	56.000000	174.288862	5.742968	6.032087e-01	3.135529e-02	1.845197e+02	4.231912e-02	
28.000000	60.000000	159.542295	6.882081	6.365000e-01	3.475673e-02	4.444012e+02	4.365889e-02	
32.000000	0.000000	147.054138	5.691279	5.816141e-01	2.769050e-02	4.368458e+02	3.946343e-02	
32.000000	4.000000	147.055666	6.401719	5.821097e-01	3.358821e-02	1.950303e+02	4.112792e-02	
32.000000	8.000000	147.055412	8.435503	6.342075e-01	3.726506e-02	1.947065e+02	4.454589e-02	
32.000000	12.000000	147.055415	7.411493	6.220101e-01	3.077671e-02	1.949304e+02	4.210472e-02	
32.000000	16.000000	146.242140	293.131896	5.651220e-01	3.532692e-02	1.950975e+02	3.950433e-02	
32.000000	20.000000	141.660660	767.002927	6.097832e-01	3.217734e-02	1.953914e+02	4.194020e-02	
32.000000	24.000000	141.474348	6.886359	6.164102e-01	3.440475e-02	1.953862e+02	4.164515e-02	
32.000000	28.000000	141.396361	334.087954	6.238124e-01	3.257098e-02	1.956792e+02	4.166251e-02	
32.000000	32.000000	145.321817	852.151116	6.292525e-01	3.797562e-02	1.957590e+02	4.455577e-02	
32.000000	36.000000	147.058168	12.748263	5.690136e-01	2.560075e-02	1.957812e+02	3.931876e-02	
32.000000	40.000000	152.211109	4.532873	5.699173e-01	2.582693e-02	1.952687e+02	3.836063e-02	
32.000000	44.000000	159.552424	4.009916	6.401539e-01	3.634762e-02	1.946009e+02	4.451206e-02	
32.000000	48.000000	167.596114	1064.658231	5.136670e-01	3.413671e-02	1.930228e+02	3.490155e-02	
32.000000	52.000000	184.554882	10.182531	5.798073e-01	2.929047e-02	1.899164e+02	3.890111e-02	
32.000000	56.000000	179.607531	921.827643	5.672399e-01	2.621899e-02	1.853118e+02	3.802167e-02	
32.000000	60.000000	165.804149	6.890194	6.150706e-01	3.086625e-02	4.456494e+02	4.082976e-02	
36.000000	0.000000	153.305930	6.416622	6.653885e-01	3.386144e-02	4.372869e+02	4.451862e-02	
36.000000	4.000000	153.305629	6.642870	5.893980e-01	2.890794e-02	1.944906e+02	4.038792e-02	
36.000000	8.000000	152.144934	6.047775	5.814742e-01	2.589100e-02	1.942117e+02	4.247679e-02	
36.000000	12.000000	148.428183	17.800122	6.102868e-01	2.774126e-02	1.943890e+02	4.122717e-02	
36.000000	16.000000	147.053776	5.909914	6.074280e-01	2.570241e-02	1.947299e+02	4.418573e-02	
36.000000	20.000000	147.055843	11.225651	5.806003e-01	2.832688e-02	1.954066e+02	3.965329e-02	
36.000000	24.000000	147.051015	4.491403	5.915865e-01	3.036681e-02	1.954961e+02	4.022862e-02	
36.000000	28.000000	147.051178	5.367033	6.545184e-01	3.090416e-02	1.954863e+02	4.513752e-02	
36.000000	32.000000	147.047081	29.253920	6.034742e-01	2.770423e-02	1.956121e+02	4.066719e-02	
36.000000	36.000000	147.438853	7.167068	6.093408e-01	2.843656e-02	1.955845e+02	4.109719e-02	
36.000000	40.000000	153.306914	13.012322	5.795823e-01	3.219066e-02	1.952772e+02	3.889980e-02	
36.000000	44.000000	159.569775	5.953651	6.668997e-01	4.344679e-02	1.947052e+02	4.755073e-02	
36.000000	48.000000	172.052229	8.720490	6.064714e-01	2.900949e-02	1.934424e+02	4.090575e-02	
36.000000	52.000000	186.057634	8.434641	6.139468e-01	2.923456e-02	1.905570e+02	4.145616e-02	
36.000000	56.000000	189.199741	5.903876	5.574063e-01	2.636027e-02	1.863194e+02	3.737624e-02	
36.000000	60.000000	172.061288	7.662720	5.248181e-01	3.018908e-02	4.470159e+02	3.312925e-02	
40.000000	0.000000	159.545255	5.829518	6.146371e-01	2.594948e-02	4.386843e+02	4.302834e-02	
40.000000	4.000000	154.773855	946.031122	6.366353e-01	3.184375e-02	1.942224e+02	4.223520e-02	
40.000000	8.000000	154.021535	6.805402	6.412816e-01	3.445547e-02	1.939395e+02	4.889681e-02	
40.000000	12.000000	153.295427	11.384465	5.644223e-01	2.823302e-02	1.941935e+02	3.705853e-02	
40.000000	16.000000	153.305736	5.591434	6.002600e-01	3.067859e-02	1.945847e+02	4.117693e-02	
40.000000	20.000000	151.370739	9.273817	5.823381e-01	2.895635e-02	1.948730e+02	3.821257e-02	
40.000000	24.000000	148.431516	15.490111	5.585789e-01	2.833445e-02	1.952296e+02	3.672037e-02	
40.000000	28.000000	148.310196	13.262128	5.943647e-01	2.839658e-02	1.954370e+02	4.007692e-02	
40.000000	32.000000	151.067319	15.200263	5.940962e-01	2.973806e-02	1.954342e+02	4.071648e-02	
40.000000	36.000000	153.305816	6.762972	6.181936e-01	3.304890e-02	1.954147e+02	4.259457e-02	
40.000000	40.000000	155.054408	1029.140010	5.356916e-01	2.591913e-02	1.953286e+02	3.622897e-02	
40.000000	44.000000	163.429150	15.156272	5.762737e-01	2.857006e-02	1.948840e+02	4.071711e-02	
40.000000	48.000000	172.050407	6.464097	5.647222e-01	2.568895e-02	1.937620e+02	3.820298e-02	
40.000000	52.000000	190.798262	7.206340	5.946078e-01	3.043141e-02	1.910341e+02	3.886695e-02	
40.000000	56.000000	197.043434	12.929351	5.659143e-01	2.618808e-02	1.875000e+02	3.883712e-02	
40.000000	60.000000	178.298947	7.503884	5.241362e-01	2.502389e-02	4.482918e+02	3.531530e-02	
44.000000	0.000000	166.282117	8.173919	6.483285e-01	3.001595e-02	4.403357e+02	4.405495e-02	
44.000000	4.000000	159.543896	8.626843	6.039922e-01	2.904065e-02	1.938741e+02	4.131984e-02	
44.000000	8.000000	159.554927	12.278167	5.986321e-01	3.311845e-02	1.937258e+02	4.122801e-02	
44.000000	12.000000	159.557591	9.962299	5.972622e-01	2.959804e-02	1.939103e+02	3.938808e-02	
44.000000	16.000000	156.696451	1093.370617	5.967090e-01	3.269915e-02	1.942957e+02	4.004932e-02	
44.000000	20.000000	153.301123	6.500189	6.280102e-01	3.539213e-02	1.946575e+02	4.363961e-02	
44.000000	24.000000	153.305671	8.948981	6.040874e-01	2.926924e-02	1.948824e+02	4.186949e-02	
44.000000	28.000000	153.307810	15.233725	5.963821e-01	3.504584e-02	1.951199e+02	4.122362e-02	
44.000000	32.000000	153.295143	5.993561	5.981024e-01	3.060235e-02	1.952378e+02	3.958388e-02	
44.000000	36.000000	155.175303	1040.158500	6.085668e-01	3.148079e-02	1.954435e+02	4.095267e-02	
44.000000	40.000000	159.573684	18.606675	5.604629e-01	2.799076e-02	1.953350e+02	3.757983e-02	
44.000000	44.000000	165.809728	14.093881	5.151814e-01	3.351282e-02	1.948806e+02	3.342640e-02	
44.000000	48.000000	176.546856	6.984874	5.125080e-01	3.462535e-02	1.939561e+02	4.013662e-02	
44.000000	52.000000	191.474528	9.567691	5.950219e-01	2.891106e-02	1.918546e+02	3.937113e-02	
44.000000	56.000000	203.908174	11.232394	5.827488e-01	3.324951e-02	1.882222e+02	3.916514e-02	
44.000000	60.000000	191.343204	7.668368	5.819826e-01	2.812519e-02	4.494717e+02	3.996034e-02	
48.000000	0.000000	178.305659	9.479527	6.591841e-01	3.056126e-02	4.424476e+02	4.364666e-02	
48.000000	4.000000	165.789998	8.094690	5.991072e-01	3.058361e-02	1.934245e+02	4.037358e-02	
48.000000	8.000000	165.805914	19.482311	6.126857e-01	3.036965e-02	1.933446e+02	4.094677e-02	
48.000000	12.000000	165.023320	11.536058	6.190908e-01	3.279628e-02	1.935237e+02	4.261598e-02	
48.000000	16.000000	161.199082	22.840327	5.502935e-01	2.939858e-02	1.937649e+02	3.703437e-02	
48.000000	20.000000	159.540597	7.442579	5.606520e-01	3.114594e-02	1.942173e+02	3.717805e-02	
48.000000	24.000000	159.556986	17.036127	5.845308e-01	2.687867e-02	1.946458e+02	3.927083e-02	
48.000000	28.000000	159.552244	10.593228	5.861774e-01	2.543489e-02	1.947420e+02	4.052788e-02	
48.000000	32.000000	159.560165	20.856103	6.762139e-01	3.567534e-02	1.949423e+02	4.982742e-02	
48.000000	36.000000	159.551878	6.297285	5.741723e-01	3.169938e-02	1.950926e+02	3.793367e-02	
48.000000	40.000000	164.999146	6.897421	6.013746e-01	3.009442e-02	1.950598e+02	3.944449e-02	
48.000000	44.000000	171.294755	367.194738	6.037720e-01	3.037324e-02	1.949701e+02	3.950136e-02	
48.000000	48.000000	178.305334	7.379346	5.222208e-01	2.963138e-02	1.939405e+02	3.310312e-02	
48.000000	52.000000	197.050501	8.925722	6.020268e-01	2.793195e-02	1.922289e+02	4.034758e-02	
48.000000	56.000000	215.795204	10.382074	5.888857e-01	5.072288e-02	1.890525e+02	5.079182e-02	
48.000000	60.000000	207.789380	7.255348	4.817898e-01	2.333965e-02	1.846925e+02	3.609343e-02	
52.000000	0.000000	190.809786	7.889798	5.894059e-01	2.586935e-02	4.447053e+02	4.006975e-02	
52.000000	4.000000	176.742804	18.593699	6.164779e-01	2.587053e-02	1.926912e+02	4.367739e-02	
52.000000	8.000000	175.261688	33.834845	6.181936e-01	3.304890e-02	1.924147e+02	4.259457e-02	
52.000000	12.000000	172.055524	10.417487	5.816141e-01	2.768953e-02	1.928458e+02	3.946210e-02	
52.000000	16.000000	171.003331	12.266695	5.798492e-01	2.633311e-02	1.933182e+02	3.895620e-02	
52.000000	20.000000	167.172674	174.306083	6.319030e-01	4.093219e-02	1.938334e+02	4.614214e-02	
52.000000	24.000000	165.796138	6.772999	5.930608e-01	3.548107e-02	1.940206e+02	4.431866e-02	
52.000000	28.000000	165.800934	22.819638	6.015849e-01	3.284105e-02	1.943220e+02	4.117095e-02	
52.000000	32.000000	165.809479	8.374091	6.084066e-01	3.272279e-02	1.946558e+02	4.190159e-02	
52.000000	36.000000	166.134702	6.267108	5.911007e-01	2.883607e-02	1.948802e+02	3.940599e-02	
52.000000	40.000000	171.034945	7.185978	5.848333e-01	3.059989e-02	1.950299e+02	3.839929e-02	
52.000000	44.000000	177.304444	7.410636	6.093509e-01	2.975618e-02	1.947001e+02	4.043313e-02	
52.000000	48.000000	184.548475	8.274996	5.741713e-01	2.969443e-02	1.942988e+02	3.913656e-02	
52.000000	52.000000	203.305463	7.330958	6.304941e-01	3.661879e-02	1.927011e+02	4.413217e-02	
52.000000	56.000000	222.051971	9.121297	6.235498e-01	3.109446e-02	1.901907e+02	4.121299e-02	
52.000000	60.000000	223.704596	14.299438	5.470010e-01	3.213808e-02	1.860070e+02	3.753708e-02	
56.000000	0.000000	204.708906	14.798417	5.825842e-01	3.022111e-02	4.469662e+02	3.908222e-02	
56.000000	4.000000	191.651319	703.766838	6.035459e-01	2.890765e-02	1.918658e+02	4.084141e-02	
56.000000	8.000000	190.802952	30.306213	5.611783e-01	2.574690e-02	1.914670e+02	3.853693e-02	
56.000000	12.000000	189.071913	24.454074	6.020268e-01	2.793297e-02	1.917711e+02	4.034901e-02	
56.000000	16.000000	184.555118	30.849075	6.361085e-01	3.534894e-02	1.925527e+02	4.404413e-02	
56.000000	20.000000	181.796660	1033.223229	5.640290e-01	3.201033e-02	1.930845e+02	3.738318e-02	
56.000000	24.000000	178.874741	9.646934	5.687654e-01	2.657045e-02	1.934671e+02	3.900521e-02	
56.000000	28.000000	178.840141	30.638148	5.935270e-01	2.769526e-02	1.936256e+02	3.970596e-02	
56.000000	32.000000	178.299687	23.810658	5.176361e-01	3.355685e-02	1.940132e+02	3.531458e-02	
56.000000	36.000000	178.304144	34.089457	5.577316e-01	2.732294e-02	1.943263e+02	3.801530e-02	
56.000000	40.000000	179.631774	150.641427	5.723237e-01	2.684670e-02	1.945094e+02	3.915490e-02	
56.000000	44.000000	184.974518	10.964203	6.923708e-01	3.496512e-02	1.945789e+02	4.963890e-02	
56.000000	48.000000	195.365393	888.429462	5.840836e-01	2.767868e-02	1.941836e+02	3.900190e-02	
56.000000	52.000000	209.545148	15.181744	5.154686e-01	3.290715e-02	1.931155e+02	3.331415e-02	
56.000000	56.000000	231.216578	1114.189010	5.798675e-01	3.167176e-02	1.910524e+02	3.868753e-02	
56.000000	60.000000	252.289528	12.446322	5.577086e-01	2.536167e-02	1.875284e+02	3.833368e-02	
60.000000	0.000000	232.953723	10.554996	5.232095e-01	2.794079e-02	4.492119e+02	3.426776e-02	
60.000000	4.000000	246.648519	244.937099	6.198328e-01	3.264734e-02	1.903078e+02	4.110889e-02	
60.000000	8.000000	243.130586	919.998225	5.925037e-01	2.549699e-02	1.902594e+02	4.162074e-02	
60.000000	12.000000	238.119414	99.908381	6.291059e-01	3.052928e-02	1.904766e+02	4.267762e-02	
60.000000	16.000000	230.336121	917.838693	5.508782e-01	3.177620e-02	1.911934e+02	3.645714e-02	
60.000000	20.000000	223.370847	44.245003	5.740849e-01	3.039348e-02	1.919835e+02	3.832506e-02	
60.000000	24.000000	217.493765	904.408328	6.333191e-01	3.076580e-02	1.924817e+02	4.303813e-02	
60.000000	28.000000	214.086773	45.943806	5.957641e-01	2.607181e-02	1.927701e+02	4.484585e-02	
60.000000	32.000000	208.433149	26.770795	5.823564e-01	3.054853e-02	1.932992e+02	3.889465e-02	
60.000000	36.000000	205.511689	986.248134	6.230243e-01	3.351914e-02	1.935709e+02	4.287885e-02	
60.000000	40.000000	204.661146	622.148599	6.504108e-01	3.791580e-02	1.936017e+02	4.544869e-02	
60.000000	44.000000	207.972185	567.474927	5.706524e-01	3.141999e-02	1.939985e+02	3.889435e-02	
60.000000	48.000000	215.002650	13.741795	6.435893e-01	3.803631e-02	1.936787e+02	4.526033e-02	
60.000000	52.000000	227.398620	22.204393	5.963285e-01	2.884126e-02	1.928628e+02	3.967832e-02	
60.000000	56.000000	248.433655	14.830475	6.441057e-01	3.667720e-02	1.915722e+02	4.477864e-02	
60.000000	60.000000	282.902983	413.340417	5.768805e-01	3.000678e-02	1.890337e+02	3.745441e-02	
60.000000	60.000000	297.047149	26.677991	5.511485e-01	2.592938e-02	1.852011e+02	3.722903e-02	
