0.000000	4.000000	166.935068	352.397410	6.496503e-01	2.982514e-02	2.187687e+02	4.389547e-02	
0.000000	8.000000	165.794627	5.415818	5.875947e-01	2.881637e-02	2.185469e+02	4.025475e-02	
0.000000	12.000000	164.858857	6.500361	6.212566e-01	2.957240e-02	2.185468e+02	4.194049e-02	
0.000000	16.000000	160.803407	5.439529	5.944696e-01	3.336011e-02	2.187526e+02	4.084879e-02	
0.000000	20.000000	159.566173	186.164729	5.924856e-01	2.757963e-02	2.188296e+02	4.060375e-02	
0.000000	24.000000	158.795998	333.696771	5.541303e-01	2.982772e-02	2.189318e+02	3.894130e-02	
0.000000	28.000000	158.033824	74.939553	6.361494e-01	3.124206e-02	2.188566e+02	4.209661e-02	
0.000000	32.000000	158.325195	84.280683	6.037337e-01	3.045887e-02	2.190107e+02	3.943245e-02	
0.000000	36.000000	158.675826	3.182722	6.194635e-01	3.118260e-02	2.189806e+02	4.074552e-02	
0.000000	40.000000	159.535178	26.262328	5.554413e-01	2.827020e-02	2.191623e+02	3.626778e-02	
0.000000	44.000000	165.116209	5.062257	5.132611e-01	2.857135e-02	2.190987e+02	3.403944e-02	
0.000000	48.000000	172.455244	41.088408	5.740647e-01	2.722975e-02	2.184836e+02	3.897399e-02	
0.000000	52.000000	190.806705	3.161116	5.901060e-01	2.995687e-02	2.173692e+02	4.032095e-02	
0.000000	56.000000	209.475135	5.821665	5.997405e-01	3.034927e-02	2.155517e+02	4.113275e-02	
0.000000	60.000000	209.546029	6.883134	6.729734e-01	3.369754e-02	2.119241e+02	4.684811e-02	
4.000000	0.000000	197.055934	10.390384	6.099703e-01	3.055225e-02	2.070534e+02	3.987216e-02	
4.000000	4.000000	170.368350	478.032947	5.757772e-01	2.777214e-02	2.188619e+02	3.907658e-02	
4.000000	8.000000	168.290534	158.325139	5.890984e-01	2.902482e-02	2.185608e+02	4.026936e-02	
4.000000	12.000000	165.805373	1.673014	6.299640e-01	3.435007e-02	2.184525e+02	4.342463e-02	
4.000000	16.000000	164.109739	5.864441	6.014290e-01	2.981507e-02	2.185072e+02	4.063122e-02	
4.000000	20.000000	160.240139	5.343506	5.859598e-01	3.035482e-02	2.186773e+02	3.999143e-02	
4.000000	24.000000	159.535225	6.219727	6.143034e-01	2.936983e-02	2.188055e+02	4.083596e-02	
4.000000	28.000000	159.551462	3.853020	5.631315e-01	2.808061e-02	2.186828e+02	3.835788e-02	
4.000000	32.000000	159.535160	2.957111	6.107134e-01	2.858818e-02	2.187313e+02	4.082222e-02	
4.000000	36.000000	159.535164	67.701359	5.394581e-01	3.674405e-02	2.189889e+02	4.327823e-02	
4.000000	40.000000	160.898769	201.917952	6.530688e-01	3.822951e-02	2.191217e+02	4.605169e-02	
4.000000	44.000000	165.789990	22.966379	5.780455e-01	3.213494e-02	2.191151e+02	3.834335e-02	
4.000000	48.000000	174.380584	249.955488	5.658364e-01	2.618513e-02	2.185094e+02	3.883117e-02	
4.000000	52.000000	190.791465	4.654750	6.038375e-01	3.102115e-02	2.174203e+02	4.135956e-02	
4.000000	56.000000	210.914146	6.461991	6.189434e-01	3.291690e-02	2.155661e+02	4.254031e-02	
4.000000	60.000000	214.763601	15.454161	6.290183e-01	3.393885e-02	2.122885e+02	4.198856e-02	
8.000000	0.000000	201.644661	7.520708	6.025698e-01	2.986709e-02	2.072064e+02	3.977119e-02	
8.000000	4.000000	172.912373	8.466338	6.138823e-01	3.213293e-02	2.185378e+02	4.220986e-02	
8.000000	8.000000	170.885167	19.059096	5.549731e-01	3.062089e-02	2.182271e+02	3.678733e-02	
8.000000	12.000000	168.064764	978.079014	6.062781e-01	2.876426e-02	2.182777e+02	4.031325e-02	
8.000000	16.000000	165.800046	198.146638	5.676793e-01	2.958517e-02	2.182766e+02	3.851049e-02	
8.000000	20.000000	163.833572	30.751220	6.691012e-01	4.039406e-02	2.185049e+02	4.693300e-02	
8.000000	24.000000	160.792280	5.795673	5.941946e-01	2.844725e-02	2.184465e+02	4.000400e-02	
8.000000	28.000000	159.535196	4.060027	5.889156e-01	2.677630e-02	2.186540e+02	3.960445e-02	
8.000000	32.000000	160.075682	3.790430	6.581596e-01	4.297452e-02	2.187897e+02	4.839875e-02	
8.000000	36.000000	160.699083	3.915442	5.943329e-01	3.117293e-02	2.189602e+02	4.155438e-02	
8.000000	40.000000	164.853639	3.534834	5.081319e-01	3.059800e-02	2.190583e+02	3.170380e-02	
8.000000	44.000000	167.104992	469.052892	5.793080e-01	3.024126e-02	2.192163e+02	3.814199e-02	
8.000000	48.000000	177.470322	2.760578	5.824368e-01	2.942767e-02	2.186251e+02	3.958077e-02	
8.000000	52.000000	190.790436	214.705785	5.788583e-01	2.626929e-02	2.176812e+02	3.879752e-02	
8.000000	56.000000	213.819980	15.295886	6.253260e-01	3.601387e-02	2.157090e+02	4.358502e-02	
8.000000	60.000000	216.655316	6.469094	5.864374e-01	5.502733e-02	2.129366e+02	8.123312e-02	
12.000000	0.000000	203.781122	13.208269	6.291759e-01	2.854927e-02	2.077234e+02	4.273036e-02	
12.000000	4.000000	175.212914	105.870379	6.343470e-01	3.501228e-02	2.184476e+02	4.379883e-02	
12.000000	8.000000	173.129869	7.420326	5.986156e-01	3.359015e-02	2.180856e+02	4.086352e-02	
12.000000	12.000000	170.888057	11.598681	6.524411e-01	3.438304e-02	2.182958e+02	4.359529e-02	
12.000000	16.000000	166.655316	677.961487	5.962253e-01	2.794072e-02	2.182236e+02	3.979152e-02	
12.000000	20.000000	164.968598	7.516210	6.416666e-01	2.619728e-02	2.183435e+02	4.613105e-02	
12.000000	24.000000	164.208841	38.593100	5.902472e-01	2.974224e-02	2.184248e+02	3.982664e-02	
12.000000	28.000000	162.615819	51.524516	6.407160e-01	3.585327e-02	2.185287e+02	4.431353e-02	
12.000000	32.000000	161.814764	237.659523	5.620774e-01	2.679527e-02	2.185837e+02	3.807194e-02	
12.000000	36.000000	164.179020	23.722622	6.066999e-01	2.844224e-02	2.187405e+02	4.050935e-02	
12.000000	40.000000	165.789927	64.077216	5.144302e-01	3.391890e-02	2.190203e+02	3.490588e-02	
12.000000	44.000000	170.379152	92.595537	5.545721e-01	3.098418e-02	2.192069e+02	3.736663e-02	
12.000000	48.000000	178.309026	36.917324	5.816428e-01	2.991457e-02	2.188323e+02	5.141209e-02	
12.000000	52.000000	190.788942	37.089885	5.560113e-01	3.282847e-02	2.178839e+02	5.061642e-02	
12.000000	56.000000	214.310254	20.880092	5.539530e-01	3.283341e-02	2.160397e+02	3.782591e-02	
12.000000	60.000000	222.530006	10.745622	5.751733e-01	2.976777e-02	2.129686e+02	3.777718e-02	
16.000000	0.000000	209.557016	8.505637	6.359509e-01	3.531894e-02	2.082067e+02	4.276343e-02	
16.000000	4.000000	178.294859	29.076428	5.350615e-01	2.985529e-02	2.179578e+02	3.394143e-02	
16.000000	8.000000	176.539378	9.771138	6.041626e-01	2.780498e-02	2.178197e+02	4.243063e-02	
16.000000	12.000000	173.412351	36.514842	5.915230e-01	2.605654e-02	2.176922e+02	4.010234e-02	
16.000000	16.000000	170.458248	508.470865	5.741116e-01	2.959080e-02	2.180648e+02	3.716284e-02	
16.000000	20.000000	167.131112	551.722523	5.566241e-01	3.147542e-02	2.181262e+02	3.645015e-02	
16.000000	24.000000	165.820983	207.996206	5.882059e-01	3.353976e-02	2.179871e+02	4.341351e-02	
16.000000	28.000000	164.813838	5.336237	5.699868e-01	3.233410e-02	2.181050e+02	3.794692e-02	
16.000000	32.000000	163.939786	4.490571	5.570383e-01	2.658165e-02	2.183548e+02	3.798127e-02	
16.000000	36.000000	165.805387	40.022061	5.470043e-01	2.568530e-02	2.186818e+02	3.676351e-02	
16.000000	40.000000	166.204002	184.561466	5.621956e-01	2.990805e-02	2.190393e+02	3.768827e-02	
16.000000	44.000000	172.044297	145.680512	5.414199e-01	2.710571e-02	2.192824e+02	3.610939e-02	
16.000000	48.000000	178.298446	46.351357	5.810996e-01	3.141958e-02	2.190478e+02	3.863107e-02	
16.000000	52.000000	191.861125	176.635027	6.363410e-01	3.008557e-02	2.182415e+02	4.252686e-02	
16.000000	56.000000	214.587390	12.640579	5.752052e-01	2.795563e-02	2.163921e+02	3.935026e-02	
16.000000	60.000000	228.305433	5.045957	5.810075e-01	2.696242e-02	2.133725e+02	3.897268e-02	
20.000000	0.000000	215.793064	11.868423	6.009348e-01	2.803469e-02	2.088250e+02	4.200206e-02	
20.000000	4.000000	180.538060	206.389375	5.625624e-01	2.897755e-02	2.179096e+02	3.924687e-02	
20.000000	8.000000	179.807634	344.926113	6.315024e-01	2.632528e-02	2.176607e+02	4.509414e-02	
20.000000	12.000000	176.888842	11.389920	6.541682e-01	3.260700e-02	2.175263e+02	4.491273e-02	
20.000000	16.000000	172.692831	7.275688	6.107949e-01	3.058428e-02	2.179722e+02	4.024970e-02	
20.000000	20.000000	170.342387	596.666180	5.696493e-01	2.794965e-02	2.181770e+02	3.752820e-02	
20.000000	24.000000	167.416428	865.904040	5.621779e-01	3.645229e-02	2.180750e+02	4.064477e-02	
20.000000	28.000000	166.957038	482.869029	5.771395e-01	3.913912e-02	2.181150e+02	4.284715e-02	
20.000000	32.000000	166.460052	52.308624	6.003682e-01	2.549487e-02	2.182754e+02	4.222867e-02	
20.000000	36.000000	167.126424	542.740855	6.126082e-01	3.178059e-02	2.185614e+02	4.119667e-02	
20.000000	40.000000	170.045404	869.136885	5.702367e-01	2.951611e-02	2.188610e+02	3.715641e-02	
20.000000	44.000000	173.349641	38.496763	5.461020e-01	3.007756e-02	2.189733e+02	3.503918e-02	
20.000000	48.000000	179.721061	816.918385	5.680181e-01	2.949637e-02	2.189091e+02	4.092413e-02	
20.000000	52.000000	195.031614	94.787263	6.000549e-01	2.607661e-02	2.183193e+02	4.079533e-02	
20.000000	56.000000	215.800013	8.165516	6.206266e-01	3.236003e-02	2.165594e+02	4.213176e-02	
20.000000	60.000000	234.555360	11.005555	6.236505e-01	3.211996e-02	2.138809e+02	4.117204e-02	
24.000000	0.000000	222.055331	17.525929	6.187744e-01	2.886178e-02	2.095545e+02	4.120169e-02	
24.000000	4.000000	184.979936	40.276138	5.522540e-01	3.059693e-02	2.177886e+02	3.718240e-02	
24.000000	8.000000	182.996234	12.910286	6.138477e-01	3.113425e-02	2.173817e+02	4.115582e-02	
24.000000	12.000000	179.190731	7.282170	6.218795e-01	3.103730e-02	2.175034e+02	4.205897e-02	
24.000000	16.000000	176.689602	8.888163	6.138811e-01	3.226388e-02	2.175706e+02	4.213868e-02	
24.000000	20.000000	172.568312	6.774061	5.723066e-01	4.389538e-02	2.178765e+02	7.367757e-02	
24.000000	24.000000	171.254877	354.856620	5.966115e-01	2.952304e-02	2.179086e+02	3.921318e-02	
24.000000	28.000000	170.467428	159.249883	6.117965e-01	3.088394e-02	2.179699e+02	4.014880e-02	
24.000000	32.000000	170.226145	354.071888	5.955145e-01	3.095208e-02	2.182609e+02	3.954473e-02	
24.000000	36.000000	170.525169	682.393056	6.038375e-01	3.102105e-02	2.185797e+02	4.135928e-02	
24.000000	40.000000	171.541481	49.274413	5.894471e-01	3.022597e-02	2.190445e+02	3.984561e-02	
24.000000	44.000000	176.480207	67.041546	5.773794e-01	2.966491e-02	2.190655e+02	3.944910e-02	
24.000000	48.000000	182.963747	5.586939	5.536460e-01	3.295135e-02	2.191397e+02	3.687132e-02	
24.000000	52.000000	197.051749	4.682313	5.798828e-01	2.772818e-02	2.185187e+02	3.964777e-02	
24.000000	56.000000	215.825351	14.306824	6.337606e-01	3.088821e-02	2.168872e+02	4.496180e-02	
24.000000	60.000000	239.840907	11.224937	5.705155e-01	2.704836e-02	2.143956e+02	3.827105e-02	
28.000000	0.000000	228.300014	15.983110	6.211147e-01	3.320241e-02	2.100430e+02	4.239632e-02	
28.000000	4.000000	189.598681	19.914780	6.059818e-01	3.470675e-02	2.173553e+02	4.120339e-02	
28.000000	8.000000	186.106286	50.062558	6.151847e-01	2.811563e-02	2.172536e+02	4.138351e-02	
28.000000	12.000000	183.362605	26.343071	6.618894e-01	3.581907e-02	2.172239e+02	4.392644e-02	
28.000000	16.000000	179.634497	542.721496	5.991473e-01	2.795609e-02	2.174057e+02	4.025430e-02	
28.000000	20.000000	176.786905	9.524157	6.142545e-01	3.246812e-02	2.174196e+02	4.226941e-02	
28.000000	24.000000	173.932682	70.511998	6.078922e-01	2.576291e-02	2.177334e+02	4.460828e-02	
28.000000	28.000000	172.531121	42.778135	6.289199e-01	3.030509e-02	2.178812e+02	4.335405e-02	
28.000000	32.000000	172.586151	60.896657	5.278004e-01	2.931455e-02	2.181004e+02	3.367198e-02	
28.000000	36.000000	172.925833	6.204703	5.602647e-01	2.730363e-02	2.183586e+02	3.775264e-02	
28.000000	40.000000	174.184542	50.469521	5.946014e-01	2.575956e-02	2.187029e+02	4.057464e-02	
28.000000	44.000000	178.300059	192.526700	5.395249e-01	3.515965e-02	2.190337e+02	3.866793e-02	
28.000000	48.000000	184.555009	81.969375	5.252703e-01	2.523320e-02	2.193096e+02	3.543971e-02	
28.000000	52.000000	197.046939	211.940515	5.991072e-01	3.058351e-02	2.185755e+02	4.037348e-02	
28.000000	56.000000	215.802237	9.002678	6.388194e-01	3.394716e-02	2.173634e+02	4.274595e-02	
28.000000	60.000000	241.320114	175.468822	6.230586e-01	3.030074e-02	2.147613e+02	4.138418e-02	
32.000000	0.000000	234.558104	8.010760	6.555346e-01	3.395385e-02	2.108881e+02	4.361648e-02	
32.000000	4.000000	192.959933	946.581068	4.939911e-01	3.526310e-02	2.170642e+02	3.180286e-02	
32.000000	8.000000	191.301331	35.473114	5.935904e-01	2.548925e-02	2.167508e+02	4.240084e-02	
32.000000	12.000000	189.025280	49.155836	5.836657e-01	3.046278e-02	2.167712e+02	3.859043e-02	
32.000000	16.000000	184.543629	37.354253	5.867245e-01	2.631667e-02	2.173194e+02	3.952641e-02	
32.000000	20.000000	179.678183	779.397778	5.938280e-01	2.764023e-02	2.173913e+02	3.995021e-02	
32.000000	24.000000	177.290336	51.944879	5.888592e-01	2.849599e-02	2.174837e+02	3.976917e-02	
32.000000	28.000000	176.621640	6.725597	5.965839e-01	3.003197e-02	2.175496e+02	4.050268e-02	
32.000000	32.000000	176.691632	29.037221	5.710233e-01	3.086554e-02	2.178790e+02	3.731913e-02	
32.000000	36.000000	176.710310	6.392405	4.779935e-01	3.385612e-02	2.180913e+02	2.937071e-02	
32.000000	40.000000	177.022838	35.886795	6.015420e-01	2.804855e-02	2.186239e+02	4.029666e-02	
32.000000	44.000000	180.219837	925.776768	5.953339e-01	3.012645e-02	2.190148e+02	3.875331e-02	
32.000000	48.000000	187.680798	238.057540	5.754871e-01	2.958753e-02	2.189602e+02	3.757547e-02	
32.000000	52.000000	198.440005	8.932504	6.552617e-01	3.466887e-02	2.185725e+02	4.512708e-02	
32.000000	56.000000	217.159971	642.955647	5.859552e-01	2.827844e-02	2.174789e+02	3.966504e-02	
32.000000	60.000000	245.458248	18.271359	6.341441e-01	3.917189e-02	2.152420e+02	4.478599e-02	
36.000000	0.000000	242.682682	1037.494131	6.176274e-01	2.916896e-02	2.115320e+02	4.109095e-02	
36.000000	4.000000	198.699083	51.451623	6.010122e-01	3.115763e-02	2.166218e+02	4.116163e-02	
36.000000	8.000000	197.370609	41.417294	6.173998e-01	3.269816e-02	2.164124e+02	4.198879e-02	
36.000000	12.000000	193.130586	948.578927	6.265667e-01	3.396485e-02	2.165523e+02	4.324191e-02	
36.000000	16.000000	189.209170	13.910920	6.070701e-01	2.798066e-02	2.167812e+02	4.101265e-02	
36.000000	20.000000	185.751624	56.941675	5.267993e-01	2.937598e-02	2.171044e+02	3.359648e-02	
36.000000	24.000000	182.806610	807.731458	5.806556e-01	3.028021e-02	2.173034e+02	3.965095e-02	
36.000000	28.000000	180.384710	920.703913	6.027274e-01	3.190100e-02	2.173991e+02	4.054126e-02	
36.000000	32.000000	179.631111	549.458162	5.931020e-01	2.825997e-02	2.175628e+02	3.991022e-02	
36.000000	36.000000	179.748824	11.088630	5.395249e-01	3.515965e-02	2.180337e+02	3.866793e-02	
36.000000	40.000000	180.863889	958.670028	6.243690e-01	2.854130e-02	2.184373e+02	4.159874e-02	
36.000000	44.000000	183.337627	195.410096	5.651415e-01	3.281888e-02	2.190207e+02	3.939395e-02	
36.000000	48.000000	190.804913	5.836495	6.330698e-01	3.193485e-02	2.189807e+02	4.261112e-02	
36.000000	52.000000	203.304791	4.134922	6.308983e-01	2.809616e-02	2.187552e+02	4.406069e-02	
36.000000	56.000000	220.963873	96.291290	5.746993e-01	2.783902e-02	2.178125e+02	3.788038e-02	
36.000000	60.000000	247.052051	18.079764	5.811660e-01	2.766106e-02	2.158418e+02	3.924144e-02	
40.000000	0.000000	253.304972	11.666861	6.449008e-01	3.233541e-02	2.120959e+02	4.260352e-02	
40.000000	4.000000	205.790535	953.326389	5.806211e-01	2.595653e-02	2.162976e+02	3.905052e-02	
40.000000	8.000000	204.034330	29.356349	5.771781e-01	2.882628e-02	2.158970e+02	3.786340e-02	
40.000000	12.000000	200.840536	13.825221	5.769515e-01	2.587497e-02	2.162883e+02	3.878496e-02	
40.000000	16.000000	195.300474	650.854414	5.706226e-01	2.721851e-02	2.164952e+02	3.850786e-02	
40.000000	20.000000	191.274347	40.130636	6.021273e-01	2.960667e-02	2.167044e+02	3.985053e-02	
40.000000	24.000000	188.201298	53.113643	6.073172e-01	3.106254e-02	2.169658e+02	4.136617e-02	
40.000000	28.000000	185.591039	48.590309	5.776135e-01	2.926642e-02	2.171452e+02	3.766411e-02	
40.000000	32.000000	185.059363	70.587738	6.047998e-01	2.996851e-02	2.173085e+02	4.012495e-02	
40.000000	36.000000	185.058224	135.226798	6.697310e-01	4.249566e-02	2.177023e+02	4.817293e-02	
40.000000	40.000000	185.715792	50.397777	5.932451e-01	3.362207e-02	2.182220e+02	3.983254e-02	
40.000000	44.000000	188.814613	7.216627	5.912432e-01	2.634243e-02	2.187839e+02	4.509812e-02	
40.000000	48.000000	194.530155	149.682829	6.035265e-01	3.054583e-02	2.189872e+02	3.974581e-02	
40.000000	52.000000	203.712701	313.387684	6.150742e-01	2.578900e-02	2.187108e+02	4.459363e-02	
40.000000	56.000000	222.084755	37.203723	6.344285e-01	3.200523e-02	2.180024e+02	4.227175e-02	
40.000000	60.000000	248.181954	18.235317	5.943909e-01	3.065434e-02	2.161457e+02	3.902617e-02	
44.000000	0.000000	265.797278	32.512592	6.173639e-01	3.157965e-02	2.127946e+02	4.076377e-02	
44.000000	4.000000	214.925574	37.967840	6.594687e-01	4.228091e-02	2.157599e+02	4.793978e-02	
44.000000	8.000000	212.040535	68.192208	5.979871e-01	3.067124e-02	2.154219e+02	3.988563e-02	
44.000000	12.000000	208.189138	534.987905	6.270689e-01	3.478553e-02	2.156329e+02	4.336308e-02	
44.000000	16.000000	202.261569	26.002203	6.041549e-01	3.177488e-02	2.161343e+02	3.992745e-02	
44.000000	20.000000	198.302405	55.388880	5.785171e-01	2.738585e-02	2.164461e+02	3.904207e-02	
44.000000	24.000000	195.069979	852.850152	5.811224e-01	2.591438e-02	2.167912e+02	4.262702e-02	
44.000000	28.000000	191.966176	662.309693	6.038125e-01	2.896292e-02	2.168699e+02	4.107239e-02	
44.000000	32.000000	190.283423	9.213965	5.531493e-01	2.989740e-02	2.171226e+02	3.574032e-02	
44.000000	36.000000	189.050467	8.699696	6.007838e-01	3.101195e-02	2.176082e+02	4.122549e-02	
44.000000	40.000000	189.941775	7.757628	6.334892e-01	3.848362e-02	2.181133e+02	4.568191e-02	
44.000000	44.000000	192.286552	833.845506	5.456557e-01	2.461330e-02	2.185608e+02	3.744259e-02	
44.000000	48.000000	197.455244	7.078960	5.469233e-01	2.950731e-02	2.189632e+02	3.518609e-02	
44.000000	52.000000	209.476400	5.318386	6.042755e-01	3.012565e-02	2.189266e+02	4.115477e-02	
44.000000	56.000000	225.999526	11.364180	5.668064e-01	3.163102e-02	2.181606e+02	3.741169e-02	
44.000000	60.000000	251.707301	14.476547	6.915313e-01	4.651544e-02	2.167174e+02	5.096308e-02	
48.000000	0.000000	279.169240	12.896285	6.316774e-01	3.467371e-02	2.135477e+02	4.366243e-02	
48.000000	4.000000	226.579525	61.078509	5.887934e-01	3.373595e-02	2.151275e+02	3.983669e-02	
48.000000	8.000000	223.783917	60.758403	6.169771e-01	3.027127e-02	2.152339e+02	4.089791e-02	
48.000000	12.000000	219.992263	851.051332	6.046193e-01	2.612602e-02	2.153248e+02	4.123858e-02	
48.000000	16.000000	214.028946	52.622358	5.905994e-01	2.600369e-02	2.156916e+02	3.992128e-02	
48.000000	20.000000	207.778935	769.559386	6.233877e-01	3.089181e-02	2.161269e+02	4.098111e-02	
48.000000	24.000000	203.674650	100.381970	6.097779e-01	3.472898e-02	2.163073e+02	4.115206e-02	
48.000000	28.000000	201.691634	8.516168	6.045216e-01	3.076270e-02	2.165188e+02	4.139709e-02	
48.000000	32.000000	198.553606	68.014433	6.333839e-01	4.119378e-02	2.168373e+02	4.632710e-02	
48.000000	36.000000	198.377022	10.012270	5.977751e-01	3.124189e-02	2.174379e+02	4.035772e-02	
48.000000	40.000000	198.301175	306.793021	5.711286e-01	2.906698e-02	2.180734e+02	3.775707e-02	
48.000000	44.000000	198.783938	52.547437	5.957347e-01	2.678680e-02	2.183472e+02	4.015798e-02	
48.000000	48.000000	204.105884	111.297000	6.285446e-01	3.456720e-02	2.185997e+02	4.339528e-02	
48.000000	52.000000	214.213126	6.655877	6.159960e-01	3.715154e-02	2.187890e+02	4.335892e-02	
48.000000	56.000000	229.631650	449.943566	6.144260e-01	3.083140e-02	2.182572e+02	4.067311e-02	
48.000000	60.000000	254.172426	12.628235	5.714117e-01	2.726712e-02	2.165574e+02	3.850104e-02	
52.000000	0.000000	291.342525	11.644072	6.381784e-01	3.355751e-02	2.140384e+02	4.342038e-02	
52.000000	4.000000	246.874958	525.481473	5.697836e-01	2.865517e-02	2.146590e+02	3.880664e-02	
52.000000	8.000000	242.982233	832.913597	6.498545e-01	3.377218e-02	2.142829e+02	4.326589e-02	
52.000000	12.000000	237.951402	96.909184	5.910384e-01	2.827373e-02	2.144415e+02	3.987615e-02	
52.000000	16.000000	229.592228	694.375312	5.861090e-01	2.566367e-02	2.147177e+02	3.983759e-02	
52.000000	20.000000	222.725560	88.498611	6.584257e-01	3.864459e-02	2.155049e+02	4.595499e-02	
52.000000	24.000000	217.107522	708.844865	6.408135e-01	2.766738e-02	2.156020e+02	4.456541e-02	
52.000000	28.000000	214.155318	62.945797	5.564269e-01	3.009835e-02	2.158526e+02	3.621702e-02	
52.000000	32.000000	210.818954	65.188032	5.288279e-01	3.274916e-02	2.161253e+02	3.454829e-02	
52.000000	36.000000	209.058265	423.244240	6.287677e-01	3.697804e-02	2.167288e+02	4.409010e-02	
52.000000	40.000000	207.874696	401.530128	6.399475e-01	3.468925e-02	2.172448e+02	4.273425e-02	
52.000000	44.000000	208.688630	8.361022	6.277931e-01	2.803432e-02	2.177721e+02	4.440218e-02	
52.000000	48.000000	212.665348	58.808340	5.830761e-01	2.565688e-02	2.182722e+02	3.974272e-02	
52.000000	52.000000	220.946573	31.910551	6.134780e-01	3.221096e-02	2.185827e+02	4.167911e-02	
52.000000	56.000000	235.392280	10.401932	5.967811e-01	3.575445e-02	2.180973e+02	4.211017e-02	
52.000000	60.000000	259.967024	41.318545	6.100031e-01	2.893708e-02	2.172869e+02	4.060031e-02	
56.000000	0.000000	299.261689	38.378569	6.194307e-01	3.048546e-02	2.148948e+02	4.072900e-02	
56.000000	4.000000	296.080047	279.276039	6.081873e-01	2.883275e-02	2.138511e+02	4.096651e-02	
56.000000	8.000000	290.409636	221.412213	6.945105e-01	4.013556e-02	2.135583e+02	4.852612e-02	
56.000000	12.000000	281.631041	748.883928	6.078720e-01	2.768029e-02	2.137985e+02	4.195281e-02	
56.000000	16.000000	269.551050	792.437151	5.651933e-01	3.199874e-02	2.140826e+02	3.752279e-02	
56.000000	20.000000	257.090324	754.561434	5.798492e-01	2.633402e-02	2.146818e+02	3.895745e-02	
56.000000	24.000000	248.027400	180.294720	5.894471e-01	3.022727e-02	2.149555e+02	3.984729e-02	
56.000000	28.000000	242.155772	729.567856	5.946014e-01	2.575755e-02	2.152971e+02	4.057152e-02	
56.000000	32.000000	236.467409	126.613807	6.352613e-01	3.364370e-02	2.154346e+02	4.340035e-02	
56.000000	36.000000	230.682388	793.191711	5.217095e-01	3.725727e-02	2.160731e+02	3.671349e-02	
56.000000	40.000000	226.490585	75.515514	6.629148e-01	2.952507e-02	2.165077e+02	4.436770e-02	
56.000000	44.000000	225.244767	87.235568	6.285724e-01	3.037245e-02	2.171707e+02	4.162432e-02	
56.000000	48.000000	226.584234	56.320798	6.469294e-01	2.888338e-02	2.175625e+02	4.459540e-02	
56.000000	52.000000	233.315816	122.896789	5.452808e-01	2.999906e-02	2.179859e+02	3.546028e-02	
56.000000	56.000000	247.354933	64.530961	4.538188e-01	3.685914e-02	2.180634e+02	2.693304e-02	
56.000000	60.000000	270.294640	1.028154	5.606765e-01	2.604140e-02	2.173072e+02	3.748267e-02	
60.000000	0.000000	308.447713	30.680289	5.871739e-01	3.027948e-02	2.156641e+02	4.017588e-02	
60.000000	4.000000	3145.805407	497.046756	8.715521e+02	6.205236e+02	-1.657388e+03	8.546889e+02	
60.000000	8.000000	758.027978	561.201782	7.058895e-01	3.867810e-02	2.173910e+02	5.147051e-02	
60.000000	12.000000	8209.815620	1188.069548	8.005694e+02	4.987706e+02	-1.065511e+03	3.555747e+03	
60.000000	16.000000	660.901852	551.983998	4.527616e+02	5.003681e+01	-2.019079e+03	2.579739e+02	
60.000000	20.000000	459.406226	753.536200	1.001645e+03	6.135675e+02	-1.125362e+03	1.789617e+03	
60.000000	24.000000	480.829291	498.354256	4.498425e+01	2.099797e+01	2.723295e+02	1.819623e+01	
60.000000	28.000000	517.936837	351.799048	1.117505e+00	3.885425e+02	2.192373e+02	1.797145e+00	
60.000000	32.000000	446.631311	347.928599	5.885747e-01	3.140356e-02	2.190918e+02	3.932022e-02	
60.000000	36.000000	373.757169	738.390453	5.812442e-01	2.732028e-02	2.184091e+02	3.908814e-02	
60.000000	40.000000	320.319937	316.597626	6.373280e-01	3.779201e-02	2.176557e+02	4.400357e-02	
60.000000	44.000000	288.886521	335.617764	6.180325e-01	3.064678e-02	2.169506e+02	4.066343e-02	
60.000000	48.000000	273.549000	257.624332	5.616635e-01	3.108349e-02	2.170490e+02	3.689640e-02	
60.000000	52.000000	269.705690	797.157935	5.821293e-01	2.697862e-02	2.173367e+02	3.899241e-02	
60.000000	56.000000	277.091833	80.913154	6.032379e-01	2.567545e-02	2.172913e+02	4.207648e-02	
60.000000	60.000000	293.476054	857.211895	6.000943e-01	2.887521e-02	2.168441e+02	3.972069e-02	
0.000000	0.000000	329.949082	838.425536	6.242778e-01	2.791781e-02	2.155988e+02	4.239636e-02	
