0.000000	4.000000	128.305864	9.980046	5.179775e-01	2.413236e-02	4.513166e+02	3.567176e-02	
0.000000	8.000000	128.310761	10.840459	5.413671e-01	2.584169e-02	4.507235e+02	3.618278e-02	
0.000000	12.000000	128.290612	10.940435	4.853387e-01	1.978618e-02	4.505893e+02	3.515901e-02	
0.000000	16.000000	128.303003	9.610201	5.028618e-01	2.037905e-02	4.505203e+02	3.579784e-02	
0.000000	20.000000	128.306000	5.769285	6.103525e-01	3.190306e-02	4.505755e+02	4.195420e-02	
0.000000	24.000000	128.304275	4.679767	5.165868e-01	2.637626e-02	4.507815e+02	3.416142e-02	
0.000000	28.000000	123.298627	820.703910	5.507106e-01	2.669167e-02	4.513220e+02	3.745696e-02	
0.000000	32.000000	122.056244	3.798231	5.688988e-01	2.980135e-02	4.517243e+02	3.868753e-02	
0.000000	36.000000	122.646362	76.452253	4.978292e-01	3.113327e-02	4.520038e+02	3.062436e-02	
0.000000	40.000000	128.301792	2.512479	5.763670e-01	3.010588e-02	4.520379e+02	3.746082e-02	
0.000000	44.000000	133.337550	2.158952	5.785458e-01	3.420727e-02	4.518175e+02	3.967687e-02	
0.000000	48.000000	140.803010	2.817101	5.651332e-01	2.699313e-02	4.503825e+02	3.865912e-02	
0.000000	52.000000	159.545666	7.571071	5.714808e-01	2.597462e-02	4.471958e+02	4.122091e-02	
0.000000	56.000000	153.303493	7.025027	5.179029e-01	2.169737e-02	4.405443e+02	3.631413e-02	
0.000000	60.000000	140.802247	5.627201	5.162759e-01	3.523473e-02	4.320229e+02	3.623766e-02	
4.000000	0.000000	134.551207	7.062884	6.021074e-01	3.295165e-02	4.310757e+02	4.074117e-02	
4.000000	4.000000	128.305403	6.574051	5.689156e-01	2.770334e-02	4.516361e+02	3.887297e-02	
4.000000	8.000000	128.305428	5.950398	5.352919e-01	2.844865e-02	4.507618e+02	3.535826e-02	
4.000000	12.000000	128.296123	6.299011	5.288420e-01	2.278504e-02	4.505038e+02	3.673268e-02	
4.000000	16.000000	128.295530	4.799721	5.268337e-01	2.530428e-02	4.502998e+02	3.599333e-02	
4.000000	20.000000	128.309155	8.741050	5.427699e-01	2.568764e-02	4.502912e+02	3.627538e-02	
4.000000	24.000000	128.295191	7.211569	5.402077e-01	2.356752e-02	4.504856e+02	3.737600e-02	
4.000000	28.000000	127.415932	4.696369	6.081077e-01	3.881547e-02	4.508515e+02	4.349063e-02	
4.000000	32.000000	126.679020	704.377864	5.816363e-01	2.881918e-02	4.513828e+02	3.979113e-02	
4.000000	36.000000	127.422535	17.950576	5.518217e-01	2.518646e-02	4.515852e+02	3.791039e-02	
4.000000	40.000000	128.309124	4.897928	5.528378e-01	2.559995e-02	4.516342e+02	3.727535e-02	
4.000000	44.000000	134.555426	2.242408	5.772998e-01	2.747933e-02	4.514859e+02	3.956308e-02	
4.000000	48.000000	141.610922	4.329712	5.624151e-01	2.703536e-02	4.503597e+02	3.834379e-02	
4.000000	52.000000	159.556003	5.913334	5.450643e-01	2.566694e-02	4.473410e+02	3.678893e-02	
4.000000	56.000000	153.768089	8.222193	5.914122e-01	3.103907e-02	4.412845e+02	3.940918e-02	
4.000000	60.000000	140.800629	5.863112	5.332012e-01	2.380767e-02	4.326027e+02	3.647397e-02	
8.000000	0.000000	135.267120	7.374122	5.486357e-01	2.992157e-02	4.310993e+02	3.534638e-02	
8.000000	4.000000	132.958840	10.846216	5.695466e-01	2.660108e-02	4.515141e+02	3.906193e-02	
8.000000	8.000000	132.929020	9.617423	5.365709e-01	2.808543e-02	4.507579e+02	3.615532e-02	
8.000000	12.000000	132.791094	8.239158	5.607396e-01	2.614694e-02	4.503244e+02	3.762064e-02	
8.000000	16.000000	130.956757	16.290506	4.949386e-01	2.537067e-02	4.502394e+02	3.329317e-02	
8.000000	20.000000	128.755323	9.164818	4.905061e-01	2.684176e-02	4.502115e+02	3.313748e-02	
8.000000	24.000000	128.305958	5.354301	4.946544e-01	2.027825e-02	4.504226e+02	3.550358e-02	
8.000000	28.000000	128.307076	13.575051	4.806483e-01	4.085811e-02	4.509553e+02	2.966746e-02	
8.000000	32.000000	128.337923	3.805430	5.605276e-01	2.817280e-02	4.512834e+02	3.728359e-02	
8.000000	36.000000	128.299161	4.031381	5.571455e-01	2.534365e-02	4.514622e+02	3.829311e-02	
8.000000	40.000000	128.302698	3.380250	5.569805e-01	2.759358e-02	4.516877e+02	3.791574e-02	
8.000000	44.000000	134.551804	121.566716	5.507756e-01	2.493113e-02	4.515160e+02	3.771742e-02	
8.000000	48.000000	145.006235	25.681664	5.742531e-01	2.825333e-02	4.507836e+02	3.787288e-02	
8.000000	52.000000	159.549967	7.933284	5.074388e-01	4.826466e-02	4.480271e+02	3.592566e-02	
8.000000	56.000000	159.561280	5.817888	5.596521e-01	2.803748e-02	4.421460e+02	3.671746e-02	
8.000000	60.000000	147.050044	7.117834	6.241929e-01	2.947817e-02	4.334491e+02	4.218206e-02	
12.000000	0.000000	140.805443	5.071093	5.739953e-01	2.685753e-02	4.306148e+02	3.865463e-02	
12.000000	4.000000	134.551919	6.710149	5.516165e-01	2.597566e-02	4.512738e+02	3.685513e-02	
12.000000	8.000000	134.552152	6.050079	5.372695e-01	2.565349e-02	4.502849e+02	3.598256e-02	
12.000000	12.000000	134.550779	5.579584	4.746927e-01	2.879621e-02	4.501759e+02	3.187860e-02	
12.000000	16.000000	134.547311	5.179688	4.725331e-01	3.271159e-02	4.500950e+02	2.881847e-02	
12.000000	20.000000	133.523699	4.878959	5.170379e-01	3.297209e-02	4.500653e+02	3.354967e-02	
12.000000	24.000000	130.182682	14.933977	5.361281e-01	2.402218e-02	4.503900e+02	3.697468e-02	
12.000000	28.000000	128.301093	5.147053	5.303692e-01	2.617076e-02	4.507621e+02	3.530654e-02	
12.000000	32.000000	128.301189	14.039687	5.778975e-01	2.567521e-02	4.512665e+02	3.923066e-02	
12.000000	36.000000	128.299715	5.679255	5.529576e-01	2.526628e-02	4.515366e+02	3.790086e-02	
12.000000	40.000000	129.701019	5.863758	5.468487e-01	2.704305e-02	4.517022e+02	3.717701e-02	
12.000000	44.000000	134.548227	3.735253	5.584088e-01	2.822984e-02	4.517061e+02	3.794899e-02	
12.000000	48.000000	147.055717	3.245353	5.888172e-01	2.945497e-02	4.508295e+02	3.866542e-02	
12.000000	52.000000	159.550274	6.308907	4.925190e-01	2.745935e-02	4.481826e+02	3.218374e-02	
12.000000	56.000000	164.209214	648.668298	6.127101e-01	3.218692e-02	4.425800e+02	4.205355e-02	
12.000000	60.000000	148.818645	1064.387405	5.473709e-01	2.730248e-02	4.342884e+02	3.643239e-02	
16.000000	0.000000	140.800017	5.466181	5.989550e-01	3.103929e-02	4.306311e+02	4.100510e-02	
16.000000	4.000000	134.555925	7.090126	5.131406e-01	2.845636e-02	4.511026e+02	3.389957e-02	
16.000000	8.000000	134.545833	6.303015	5.576403e-01	2.563074e-02	4.504292e+02	3.828016e-02	
16.000000	12.000000	134.545784	7.052573	5.511928e-01	3.083058e-02	4.500671e+02	3.579895e-02	
16.000000	16.000000	134.551590	7.203435	5.034696e-01	2.920646e-02	4.500889e+02	3.258086e-02	
16.000000	20.000000	134.555628	9.289839	5.641548e-01	3.272684e-02	4.500564e+02	3.824903e-02	
16.000000	24.000000	134.558909	4.930100	5.050240e-01	3.028973e-02	4.501231e+02	3.189831e-02	
16.000000	28.000000	132.836697	7.681453	6.031293e-01	3.272204e-02	4.506884e+02	4.152159e-02	
16.000000	32.000000	128.698629	7.575075	5.197825e-01	3.444809e-02	4.511096e+02	3.388247e-02	
16.000000	36.000000	128.781122	8.091277	6.406278e-01	3.085938e-02	4.514830e+02	4.369990e-02	
16.000000	40.000000	134.563091	3.167673	5.863595e-01	2.594028e-02	4.517823e+02	4.328444e-02	
16.000000	44.000000	135.798804	69.098547	5.968249e-01	2.760522e-02	4.518096e+02	4.056623e-02	
16.000000	48.000000	147.048341	3.826304	5.189736e-01	3.119366e-02	4.510071e+02	3.383272e-02	
16.000000	52.000000	162.516645	1142.870480	5.921469e-01	2.783886e-02	4.486116e+02	3.951633e-02	
16.000000	56.000000	165.795462	9.669431	5.497934e-01	2.459165e-02	4.434620e+02	3.787209e-02	
16.000000	60.000000	153.301890	6.439959	5.658587e-01	2.847105e-02	4.353127e+02	3.854079e-02	
20.000000	0.000000	147.058643	5.425235	5.513023e-01	2.563276e-02	4.306443e+02	3.721923e-02	
20.000000	4.000000	139.275169	786.912344	5.176832e-01	3.125218e-02	4.510503e+02	3.278546e-02	
20.000000	8.000000	139.060193	717.749379	5.414526e-01	2.884448e-02	4.500777e+02	3.544455e-02	
20.000000	12.000000	138.736274	1019.441490	5.609061e-01	3.006828e-02	4.499247e+02	4.044338e-02	
20.000000	16.000000	137.433269	1115.321019	5.665170e-01	3.047642e-02	4.499202e+02	4.201033e-02	
20.000000	20.000000	134.887246	7.449962	5.721263e-01	3.826826e-02	4.499050e+02	3.997695e-02	
20.000000	24.000000	134.554258	6.285280	4.708562e-01	3.196299e-02	4.500864e+02	2.880063e-02	
20.000000	28.000000	134.558903	5.970751	5.043820e-01	2.142887e-02	4.506100e+02	3.559370e-02	
20.000000	32.000000	134.545261	4.931678	5.466086e-01	2.972463e-02	4.509755e+02	3.538528e-02	
20.000000	36.000000	134.551164	4.366747	5.773401e-01	2.862667e-02	4.513640e+02	3.946263e-02	
20.000000	40.000000	134.550783	14.924707	5.569811e-01	2.973754e-02	4.517566e+02	3.766777e-02	
20.000000	44.000000	140.804676	4.016053	5.734953e-01	2.703744e-02	4.514906e+02	3.931539e-02	
20.000000	48.000000	147.064332	8.702612	5.208769e-01	2.894373e-02	4.510923e+02	3.618219e-02	
20.000000	52.000000	165.796135	7.512640	5.907025e-01	3.550234e-02	4.488192e+02	4.098384e-02	
20.000000	56.000000	172.059214	6.003559	5.417450e-01	2.608759e-02	4.442326e+02	3.604779e-02	
20.000000	60.000000	159.548875	7.788847	6.013404e-01	2.971963e-02	4.363213e+02	4.010050e-02	
24.000000	0.000000	147.054019	5.134377	5.384684e-01	2.379667e-02	4.304234e+02	3.719769e-02	
24.000000	4.000000	140.804335	11.245053	4.798863e-01	2.518876e-02	4.507632e+02	3.328775e-02	
24.000000	8.000000	140.833072	10.934803	5.881386e-01	2.845774e-02	4.498648e+02	4.220230e-02	
24.000000	12.000000	140.802970	9.928305	5.997405e-01	3.034936e-02	4.494483e+02	4.113300e-02	
24.000000	16.000000	140.803064	9.222720	6.010745e-01	3.042669e-02	4.495329e+02	4.123042e-02	
24.000000	20.000000	140.801890	5.512248	5.844521e-01	2.906558e-02	4.495782e+02	3.976136e-02	
24.000000	24.000000	138.929079	881.704289	5.253896e-01	2.723138e-02	4.497583e+02	3.534811e-02	
24.000000	28.000000	134.558733	5.710216	5.047863e-01	2.068475e-02	4.504993e+02	3.584317e-02	
24.000000	32.000000	134.555642	11.637462	5.438998e-01	2.863620e-02	4.508346e+02	3.533729e-02	
24.000000	36.000000	134.552040	13.930747	6.101677e-01	3.064235e-02	4.512481e+02	4.034819e-02	
24.000000	40.000000	135.075415	4.676701	5.649950e-01	2.651217e-02	4.514686e+02	3.854767e-02	
24.000000	44.000000	140.805545	7.081452	6.060987e-01	3.163655e-02	4.513963e+02	4.164063e-02	
24.000000	48.000000	147.054466	4.844667	5.356658e-01	2.817439e-02	4.511157e+02	3.855192e-02	
24.000000	52.000000	165.801938	7.334139	5.399659e-01	3.129221e-02	4.490547e+02	3.509966e-02	
24.000000	56.000000	178.296051	9.155248	5.381813e-01	2.634077e-02	4.448147e+02	3.591418e-02	
24.000000	60.000000	165.800981	7.232580	5.665943e-01	2.790695e-02	4.373406e+02	3.866174e-02	
28.000000	0.000000	153.304258	6.038320	5.193484e-01	2.990471e-02	4.301689e+02	3.353629e-02	
28.000000	4.000000	142.343100	13.716116	5.289951e-01	2.430298e-02	4.506334e+02	3.620908e-02	
28.000000	8.000000	142.343100	15.496087	5.547168e-01	2.873632e-02	4.497338e+02	3.757721e-02	
28.000000	12.000000	142.060196	12.119351	6.138823e-01	3.213289e-02	4.495378e+02	4.220978e-02	
28.000000	16.000000	141.396363	8.748454	5.658587e-01	2.847104e-02	4.493127e+02	3.854080e-02	
28.000000	20.000000	140.798725	7.165305	5.570383e-01	2.658150e-02	4.493548e+02	3.798120e-02	
28.000000	24.000000	140.805383	10.329434	6.242372e-01	3.477677e-02	4.496523e+02	4.327511e-02	
28.000000	28.000000	139.956953	5.799523	5.651933e-01	3.199894e-02	4.500826e+02	3.752306e-02	
28.000000	32.000000	135.857531	875.177116	5.267993e-01	2.937598e-02	4.508956e+02	3.359612e-02	
28.000000	36.000000	135.707048	274.408880	5.567865e-01	2.848555e-02	4.512800e+02	3.778258e-02	
28.000000	40.000000	139.615442	159.673493	5.314764e-01	2.434389e-02	4.513765e+02	3.639208e-02	
28.000000	44.000000	140.795136	4.122076	5.843569e-01	2.723973e-02	4.513813e+02	3.929393e-02	
28.000000	48.000000	151.713746	67.389652	5.428981e-01	2.743183e-02	4.508661e+02	3.894853e-02	
28.000000	52.000000	165.805399	8.736574	5.579851e-01	2.575352e-02	4.494082e+02	3.775281e-02	
28.000000	56.000000	184.540677	7.679776	5.659473e-01	2.730669e-02	4.456315e+02	3.868240e-02	
28.000000	60.000000	172.044125	7.962367	5.393114e-01	2.489864e-02	4.386426e+02	3.701352e-02	
32.000000	0.000000	156.020155	10.001500	5.444043e-01	2.669802e-02	4.303022e+02	3.704182e-02	
32.000000	4.000000	147.057155	10.519346	5.718695e-01	2.670895e-02	4.503758e+02	3.849207e-02	
32.000000	8.000000	147.056299	11.662154	5.929660e-01	2.967720e-02	4.495751e+02	4.063220e-02	
32.000000	12.000000	147.046691	12.276638	5.050240e-01	3.028973e-02	4.491231e+02	3.189831e-02	
32.000000	16.000000	147.076763	10.017504	5.647222e-01	2.568642e-02	4.492380e+02	3.819947e-02	
32.000000	20.000000	146.268389	6.231838	5.489644e-01	3.224732e-02	4.491708e+02	3.679944e-02	
32.000000	24.000000	144.166438	19.618459	5.492913e-01	2.539191e-02	4.493817e+02	3.767430e-02	
32.000000	28.000000	140.827153	7.481525	5.665170e-01	3.047642e-02	4.499202e+02	4.201033e-02	
32.000000	32.000000	140.808581	8.240564	5.284134e-01	2.284169e-02	4.504274e+02	3.671242e-02	
32.000000	36.000000	140.802962	6.042660	5.606007e-01	2.592189e-02	4.507473e+02	3.768361e-02	
32.000000	40.000000	140.805212	12.417821	5.423305e-01	2.866944e-02	4.511696e+02	3.524155e-02	
32.000000	44.000000	147.045823	4.897356	6.177670e-01	3.354439e-02	4.513786e+02	4.223970e-02	
32.000000	48.000000	153.298744	8.029311	5.586835e-01	2.961206e-02	4.508934e+02	3.622098e-02	
32.000000	52.000000	167.190097	8.566952	6.214967e-01	3.327921e-02	4.495569e+02	4.283070e-02	
32.000000	56.000000	189.572946	774.088249	5.440374e-01	3.053614e-02	4.459965e+02	3.575381e-02	
32.000000	60.000000	178.301006	7.077060	5.734648e-01	2.668983e-02	4.396281e+02	3.849472e-02	
36.000000	0.000000	160.607011	557.807098	5.492952e-01	2.596356e-02	4.307911e+02	3.688149e-02	
36.000000	4.000000	151.295404	990.505261	5.778901e-01	2.579962e-02	4.497502e+02	3.958871e-02	
36.000000	8.000000	151.406900	963.991240	4.923574e-01	3.082225e-02	4.490527e+02	3.136148e-02	
36.000000	12.000000	150.658196	1073.606261	5.248973e-01	2.816831e-02	4.487806e+02	3.510830e-02	
36.000000	16.000000	148.575401	947.307946	5.514924e-01	2.829879e-02	4.488593e+02	3.592062e-02	
36.000000	20.000000	147.907694	99.912296	5.259777e-01	3.248509e-02	4.489092e+02	3.415720e-02	
36.000000	24.000000	147.051960	14.355779	5.654395e-01	2.793417e-02	4.491595e+02	3.721997e-02	
36.000000	28.000000	146.126042	6.401587	5.658587e-01	2.847125e-02	4.496873e+02	3.854041e-02	
36.000000	32.000000	141.952027	16.295917	5.141826e-01	2.317149e-02	4.503399e+02	3.559294e-02	
36.000000	36.000000	141.297209	8.104328	5.808443e-01	2.894167e-02	4.506272e+02	3.981073e-02	
36.000000	40.000000	144.152967	16.722837	5.264895e-01	2.947507e-02	4.511069e+02	3.365135e-02	
36.000000	44.000000	147.054264	12.690058	5.545620e-01	2.935648e-02	4.512479e+02	3.749520e-02	
36.000000	48.000000	153.802833	5.887780	5.145851e-01	3.171050e-02	4.509390e+02	3.266920e-02	
36.000000	52.000000	171.046873	7.384719	5.937107e-01	3.267638e-02	4.497109e+02	4.063074e-02	
36.000000	56.000000	190.795260	6.627241	5.785072e-01	2.809889e-02	4.465892e+02	3.959821e-02	
36.000000	60.000000	184.557683	8.786245	5.445902e-01	2.606153e-02	4.407754e+02	3.629674e-02	
40.000000	0.000000	168.488314	9.951138	5.612093e-01	2.797147e-02	4.318621e+02	3.698067e-02	
40.000000	4.000000	153.778182	8.598381	5.287631e-01	2.247028e-02	4.494807e+02	3.673506e-02	
40.000000	8.000000	153.820909	9.346396	5.319464e-01	2.932721e-02	4.487942e+02	3.555640e-02	
40.000000	12.000000	153.288373	9.307350	5.988472e-01	3.029816e-02	4.484389e+02	4.106727e-02	
40.000000	16.000000	153.303588	7.857084	5.779227e-01	2.756903e-02	4.484789e+02	3.918557e-02	
40.000000	20.000000	153.297837	14.776296	5.904531e-01	2.866903e-02	4.484716e+02	3.953885e-02	
40.000000	24.000000	152.298129	7.497367	5.526646e-01	2.756597e-02	4.487029e+02	3.689608e-02	
40.000000	28.000000	147.892682	7.947895	5.818550e-01	2.853869e-02	4.494062e+02	3.982699e-02	
40.000000	32.000000	147.050013	12.368829	5.208456e-01	3.268880e-02	4.500562e+02	3.392219e-02	
40.000000	36.000000	147.046104	9.064222	5.795153e-01	2.785969e-02	4.505469e+02	3.969867e-02	
40.000000	40.000000	147.054232	13.252105	5.158054e-01	3.703551e-02	4.509241e+02	3.346548e-02	
40.000000	44.000000	151.525280	48.751821	6.023360e-01	3.093257e-02	4.510003e+02	4.004178e-02	
40.000000	48.000000	159.543364	6.600037	5.817875e-01	2.967751e-02	4.509198e+02	3.787705e-02	
40.000000	52.000000	172.047914	12.543283	5.777183e-01	3.242237e-02	4.497756e+02	3.943678e-02	
40.000000	56.000000	197.062032	6.934915	5.614884e-01	3.324887e-02	4.471703e+02	3.799975e-02	
40.000000	60.000000	195.025945	8.963070	4.901230e-01	3.184436e-02	4.419667e+02	3.151624e-02	
44.000000	0.000000	178.309263	11.109380	5.387746e-01	2.827680e-02	4.332524e+02	3.571952e-02	
44.000000	4.000000	159.553813	11.681688	5.576195e-01	2.581868e-02	4.492361e+02	3.745281e-02	
44.000000	8.000000	159.574845	11.619081	5.583519e-01	2.538246e-02	4.485095e+02	3.837945e-02	
44.000000	12.000000	159.551771	13.252878	5.184892e-01	2.836104e-02	4.482084e+02	3.465617e-02	
44.000000	16.000000	159.552002	13.502196	5.581081e-01	3.000760e-02	4.481430e+02	3.630724e-02	
44.000000	20.000000	159.545584	9.510637	4.896100e-01	2.671281e-02	4.482144e+02	3.322240e-02	
44.000000	24.000000	156.447728	19.373644	5.655702e-01	2.652445e-02	4.484782e+02	3.856805e-02	
44.000000	28.000000	153.300947	10.973082	5.113516e-01	3.029978e-02	4.489650e+02	3.196627e-02	
44.000000	32.000000	153.309609	6.711933	5.607396e-01	2.614819e-02	4.496756e+02	3.762213e-02	
44.000000	36.000000	151.586697	876.807633	5.393679e-01	3.027666e-02	4.500863e+02	3.459109e-02	
44.000000	40.000000	153.301962	7.122541	5.361598e-01	2.357150e-02	4.505470e+02	3.699057e-02	
44.000000	44.000000	153.306624	6.949651	5.302645e-01	2.916270e-02	4.509116e+02	3.389695e-02	
44.000000	48.000000	160.178431	6.427483	5.214120e-01	2.775162e-02	4.508797e+02	3.483222e-02	
44.000000	52.000000	175.446451	1095.169750	5.471712e-01	2.999849e-02	4.499426e+02	3.785757e-02	
44.000000	56.000000	197.055546	8.595044	5.873012e-01	3.059330e-02	4.476782e+02	4.018484e-02	
44.000000	60.000000	204.068575	9.562914	6.063917e-01	3.844992e-02	4.428495e+02	4.314443e-02	
48.000000	0.000000	189.560724	496.579071	5.266542e-01	2.588686e-02	4.347185e+02	3.584696e-02	
48.000000	4.000000	167.155318	14.533183	6.064754e-01	3.179151e-02	4.486173e+02	4.159228e-02	
48.000000	8.000000	167.076931	10.717081	5.684836e-01	2.801996e-02	4.478189e+02	3.740474e-02	
48.000000	12.000000	166.672782	14.067940	5.672252e-01	2.678905e-02	4.474154e+02	3.885339e-02	
48.000000	16.000000	166.281111	12.582737	5.799050e-01	2.816164e-02	4.474202e+02	3.970298e-02	
48.000000	20.000000	165.805998	21.352957	5.391350e-01	2.401806e-02	4.474385e+02	3.720085e-02	
48.000000	24.000000	164.189805	819.667255	6.032634e-01	3.619694e-02	4.478023e+02	4.219254e-02	
48.000000	28.000000	159.554259	8.680057	5.073905e-01	2.093176e-02	4.485246e+02	3.593599e-02	
48.000000	32.000000	157.810859	9.454170	5.900218e-01	2.614256e-02	4.493116e+02	3.989824e-02	
48.000000	36.000000	156.813123	40.571356	5.452255e-01	2.594787e-02	4.497317e+02	3.639625e-02	
48.000000	40.000000	157.692042	16.444794	5.083716e-01	2.511065e-02	4.502610e+02	3.420059e-02	
48.000000	44.000000	159.541078	14.737981	5.569805e-01	2.759358e-02	4.506877e+02	3.791574e-02	
48.000000	48.000000	165.802520	9.327851	5.707791e-01	2.692676e-02	4.505564e+02	3.911574e-02	
48.000000	52.000000	178.306628	8.927629	5.824462e-01	2.789690e-02	4.498579e+02	4.022094e-02	
48.000000	56.000000	203.295260	11.459841	5.435396e-01	2.858648e-02	4.481313e+02	3.518286e-02	
48.000000	60.000000	220.997283	9.533020	5.638657e-01	3.367983e-02	4.441655e+02	3.825322e-02	
52.000000	0.000000	203.299491	9.544393	5.517831e-01	2.775039e-02	4.367110e+02	3.746537e-02	
52.000000	4.000000	178.300174	24.971431	5.554310e-01	2.963224e-02	4.479628e+02	3.644833e-02	
52.000000	8.000000	177.322451	26.390326	5.202438e-01	2.755355e-02	4.471319e+02	3.437965e-02	
52.000000	12.000000	177.217415	20.224339	5.568083e-01	3.241352e-02	4.468204e+02	3.753414e-02	
52.000000	16.000000	176.553907	658.231409	6.344771e-01	3.890054e-02	4.467687e+02	4.516820e-02	
52.000000	20.000000	174.047097	1008.413512	5.382220e-01	3.554002e-02	4.468954e+02	3.580376e-02	
52.000000	24.000000	172.052904	14.012575	5.532736e-01	2.591158e-02	4.471867e+02	3.788421e-02	
52.000000	28.000000	169.966084	23.756141	5.235530e-01	3.584973e-02	4.480126e+02	3.842052e-02	
52.000000	32.000000	165.805781	31.307311	6.013534e-01	3.248202e-02	4.486844e+02	4.144858e-02	
52.000000	36.000000	164.167922	438.301442	5.418933e-01	2.646245e-02	4.493152e+02	3.642330e-02	
52.000000	40.000000	164.393138	485.051828	5.814308e-01	3.126170e-02	4.497293e+02	3.971305e-02	
52.000000	44.000000	165.795381	10.800554	5.729072e-01	2.970722e-02	4.503139e+02	3.835521e-02	
52.000000	48.000000	172.055373	8.953464	5.192111e-01	2.170504e-02	4.504754e+02	3.639482e-02	
52.000000	52.000000	184.555766	10.755244	5.835939e-01	2.957811e-02	4.499407e+02	3.828010e-02	
52.000000	56.000000	209.540633	8.925688	5.920714e-01	2.933691e-02	4.485423e+02	4.057320e-02	
52.000000	60.000000	235.756902	794.916004	5.488713e-01	2.745070e-02	4.451396e+02	4.023211e-02	
56.000000	0.000000	222.055746	10.458933	5.467696e-01	2.886722e-02	4.387571e+02	3.688559e-02	
56.000000	4.000000	195.310076	24.069898	5.390641e-01	2.633646e-02	4.468186e+02	3.606752e-02	
56.000000	8.000000	195.357520	21.242298	5.769886e-01	3.012029e-02	4.462941e+02	3.935323e-02	
56.000000	12.000000	195.259233	30.134409	5.492981e-01	3.368340e-02	4.460524e+02	3.779303e-02	
56.000000	16.000000	193.750000	40.467007	5.567439e-01	2.992581e-02	4.459585e+02	3.587080e-02	
56.000000	20.000000	192.048790	24.280052	5.567439e-01	2.992581e-02	4.459585e+02	3.587080e-02	
56.000000	24.000000	189.073122	669.079108	5.865292e-01	3.118244e-02	4.462938e+02	4.013133e-02	
56.000000	28.000000	184.555020	28.219849	5.355105e-01	2.675197e-02	4.471520e+02	3.622225e-02	
56.000000	32.000000	179.705647	10.939162	5.297427e-01	3.064661e-02	4.480275e+02	3.532206e-02	
56.000000	36.000000	176.657594	19.659670	5.790373e-01	2.562293e-02	4.487373e+02	3.944689e-02	
56.000000	40.000000	176.601231	834.595853	5.395422e-01	2.381581e-02	4.495083e+02	3.721451e-02	
56.000000	44.000000	177.224378	15.393890	5.071455e-01	2.805999e-02	4.498592e+02	3.281302e-02	
56.000000	48.000000	182.960723	8.652814	6.506651e-01	3.380599e-02	4.502243e+02	4.329890e-02	
56.000000	52.000000	195.448880	6.926472	5.408289e-01	3.169082e-02	4.499029e+02	4.486940e-02	
56.000000	56.000000	215.805805	15.562988	5.722857e-01	2.841628e-02	4.486547e+02	3.907205e-02	
56.000000	60.000000	251.504428	12.514953	5.831001e-01	3.137968e-02	4.459013e+02	4.628747e-02	
60.000000	0.000000	253.300016	17.156804	5.548509e-01	2.554586e-02	4.405898e+02	3.807833e-02	
60.000000	4.000000	248.575377	783.239648	5.875947e-01	2.881636e-02	4.455469e+02	4.025470e-02	
60.000000	8.000000	248.322892	668.674271	5.543658e-01	2.722683e-02	4.446832e+02	3.775651e-02	
60.000000	12.000000	247.450858	175.331810	5.614682e-01	2.616626e-02	4.444109e+02	3.839851e-02	
60.000000	16.000000	245.726441	96.494145	5.600291e-01	2.847557e-02	4.443190e+02	3.757074e-02	
60.000000	20.000000	242.118777	96.615293	5.658364e-01	2.618510e-02	4.444906e+02	3.883115e-02	
60.000000	24.000000	235.801399	717.860165	5.474022e-01	2.843103e-02	4.448734e+02	4.156731e-02	
60.000000	28.000000	226.451465	280.449082	6.137942e-01	3.475419e-02	4.456971e+02	4.219401e-02	
60.000000	32.000000	217.107530	48.568924	5.663379e-01	3.029655e-02	4.469705e+02	3.688116e-02	
60.000000	36.000000	210.821999	520.398131	5.774145e-01	3.002397e-02	4.480000e+02	3.764721e-02	
60.000000	40.000000	205.863891	55.524608	5.623354e-01	2.608960e-02	4.484885e+02	3.833126e-02	
60.000000	44.000000	204.163125	31.769444	5.500669e-01	3.344174e-02	4.489504e+02	3.771913e-02	
60.000000	48.000000	206.666456	51.516674	5.984007e-01	2.556903e-02	4.492581e+02	4.291631e-02	
60.000000	52.000000	215.805440	27.894543	5.199608e-01	2.975992e-02	4.489248e+02	3.285922e-02	
60.000000	56.000000	235.091716	25.505080	5.322192e-01	2.381640e-02	4.483843e+02	3.683312e-02	
60.000000	60.000000	270.952899	18.925521	5.726598e-01	2.700713e-02	4.464553e+02	3.881555e-02	
0.000000	0.000000	319.787336	35.438703	6.099497e-01	3.300907e-02	4.423435e+02	4.212744e-02	
