0.000000	4.000000	128.305355	6.442169	6.104605e-01	3.160368e-02	4.474858e+02	4.193832e-02	
0.000000	8.000000	128.312397	5.046268	6.377629e-01	3.697664e-02	4.473277e+02	4.454554e-02	
0.000000	12.000000	126.792917	120.821296	6.599102e-01	3.298654e-02	4.476690e+02	4.433846e-02	
0.000000	16.000000	123.213096	144.793282	6.212376e-01	3.136021e-02	4.478616e+02	4.093836e-02	
0.000000	20.000000	122.057831	4.839595	6.171986e-01	3.200503e-02	4.480137e+02	4.162324e-02	
0.000000	24.000000	122.054139	3.825587	5.928313e-01	2.998646e-02	4.482073e+02	3.899172e-02	
0.000000	28.000000	126.370739	94.249918	5.267993e-01	2.937598e-02	4.481044e+02	3.359660e-02	
0.000000	32.000000	128.305476	3.067190	5.852978e-01	3.004143e-02	4.480465e+02	3.808326e-02	
0.000000	36.000000	128.896361	4.536156	6.125567e-01	3.077163e-02	4.480043e+02	4.021974e-02	
0.000000	40.000000	135.410672	158.640273	6.194664e-01	3.665959e-02	4.477609e+02	4.342321e-02	
0.000000	44.000000	147.077285	4.374386	5.762192e-01	2.729098e-02	4.464506e+02	3.900613e-02	
0.000000	48.000000	153.305587	6.999956	6.683677e-01	2.568893e-02	4.435262e+02	4.450115e-02	
0.000000	52.000000	147.039580	8.356122	6.363084e-01	3.000810e-02	4.384331e+02	4.301344e-02	
0.000000	56.000000	140.115926	216.178981	6.059357e-01	2.603489e-02	4.313212e+02	4.148238e-02	
0.000000	60.000000	128.304406	5.870772	6.321997e-01	3.180198e-02	4.249263e+02	4.167609e-02	
4.000000	0.000000	124.511136	1149.007398	6.729368e-01	3.600878e-02	4.251971e+02	4.496322e-02	
4.000000	4.000000	128.301962	5.995635	6.364630e-01	3.064508e-02	4.474777e+02	4.331859e-02	
4.000000	8.000000	128.310514	12.476528	5.988917e-01	3.040433e-02	4.470811e+02	3.916972e-02	
4.000000	12.000000	128.305158	4.153353	6.019590e-01	3.047865e-02	4.475047e+02	4.129527e-02	
4.000000	16.000000	128.746697	81.469485	6.665508e-01	4.027423e-02	4.475881e+02	4.680349e-02	
4.000000	20.000000	127.092740	730.989963	6.574293e-01	4.629048e-02	4.478780e+02	5.113185e-02	
4.000000	24.000000	127.171660	117.170370	5.579009e-01	2.887171e-02	4.478625e+02	4.459197e-02	
4.000000	28.000000	128.301934	3.279216	6.658707e-01	3.315406e-02	4.479716e+02	4.399484e-02	
4.000000	32.000000	128.290169	4.719086	6.120514e-01	3.565516e-02	4.482143e+02	4.167917e-02	
4.000000	36.000000	132.922979	2.968426	5.205330e-01	2.963930e-02	4.481246e+02	3.318964e-02	
4.000000	40.000000	138.356068	1071.599560	6.023743e-01	3.203660e-02	4.476601e+02	4.140142e-02	
4.000000	44.000000	147.087222	6.208115	6.280098e-01	3.106298e-02	4.465149e+02	4.188450e-02	
4.000000	48.000000	158.966119	6.134783	6.447314e-01	3.095784e-02	4.438032e+02	4.308345e-02	
4.000000	52.000000	153.322692	10.676091	7.092299e-01	3.775666e-02	4.388547e+02	4.753203e-02	
4.000000	56.000000	140.804266	5.880569	6.788358e-01	3.481524e-02	4.320533e+02	4.541668e-02	
4.000000	60.000000	130.013726	6.136314	6.459904e-01	3.175768e-02	4.253834e+02	4.354295e-02	
8.000000	0.000000	128.291725	5.665678	5.953812e-01	3.027405e-02	4.250255e+02	3.884872e-02	
8.000000	4.000000	129.522777	11.412446	5.942285e-01	2.740038e-02	4.473778e+02	3.997169e-02	
8.000000	8.000000	128.307912	5.605257	5.876870e-01	3.129960e-02	4.471640e+02	3.875690e-02	
8.000000	12.000000	128.306033	7.701964	5.880035e-01	2.978489e-02	4.470976e+02	3.838376e-02	
8.000000	16.000000	128.288831	5.406258	5.842440e-01	3.121030e-02	4.472809e+02	3.986020e-02	
8.000000	20.000000	128.305489	3.985033	5.964248e-01	2.878041e-02	4.474557e+02	4.025802e-02	
8.000000	24.000000	128.294267	4.139760	5.721652e-01	2.687390e-02	4.476603e+02	3.833047e-02	
8.000000	28.000000	128.300376	5.908061	5.645391e-01	2.567853e-02	4.477976e+02	3.920098e-02	
8.000000	32.000000	128.300830	3.486555	5.551760e-01	4.172304e-02	4.479732e+02	5.315237e-02	
8.000000	36.000000	134.553158	3.008794	5.672618e-01	2.960461e-02	4.479583e+02	3.667983e-02	
8.000000	40.000000	140.796386	3.331912	6.528067e-01	2.718293e-02	4.475164e+02	4.328434e-02	
8.000000	44.000000	147.076784	5.691449	6.069646e-01	2.989717e-02	4.466739e+02	4.049784e-02	
8.000000	48.000000	159.554196	5.630632	5.683208e-01	2.559279e-02	4.442226e+02	3.906127e-02	
8.000000	52.000000	153.279453	11.028499	6.532014e-01	2.718179e-02	4.395000e+02	4.327551e-02	
8.000000	56.000000	145.988675	4.897446	6.314931e-01	3.070269e-02	4.332571e+02	4.204862e-02	
8.000000	60.000000	134.548433	5.979301	5.662338e-01	3.152570e-02	4.262075e+02	3.756349e-02	
12.000000	0.000000	128.298047	5.553404	6.198310e-01	3.089683e-02	4.250193e+02	4.069797e-02	
12.000000	4.000000	134.552291	5.395299	5.764818e-01	2.836994e-02	4.471202e+02	4.038807e-02	
12.000000	8.000000	132.821817	6.748728	6.000788e-01	3.638321e-02	4.468160e+02	4.199138e-02	
12.000000	12.000000	128.829586	7.277350	5.367383e-01	3.052172e-02	4.470948e+02	3.445457e-02	
12.000000	16.000000	128.297505	4.596885	5.253120e-01	2.810998e-02	4.472076e+02	3.435683e-02	
12.000000	20.000000	128.298397	5.567387	5.876770e-01	2.548154e-02	4.472535e+02	4.102112e-02	
12.000000	24.000000	128.301734	9.613190	5.952207e-01	2.993136e-02	4.474205e+02	4.070978e-02	
12.000000	28.000000	128.303069	3.761025	5.846594e-01	2.913906e-02	4.475112e+02	3.974883e-02	
12.000000	32.000000	129.724721	7.507662	5.730478e-01	2.554345e-02	4.477677e+02	3.946468e-02	
12.000000	36.000000	134.504914	7.534866	6.137243e-01	3.311518e-02	4.478155e+02	4.092027e-02	
12.000000	40.000000	140.822534	4.833799	5.655423e-01	2.580794e-02	4.471976e+02	3.970413e-02	
12.000000	44.000000	147.021769	4.022759	6.029109e-01	3.238714e-02	4.463257e+02	4.147251e-02	
12.000000	48.000000	159.553366	7.462570	5.881591e-01	2.972455e-02	4.443733e+02	4.026296e-02	
12.000000	52.000000	159.554769	7.168505	6.389450e-01	3.576921e-02	4.401707e+02	4.334909e-02	
12.000000	56.000000	147.052225	6.356180	5.980290e-01	2.900787e-02	4.338834e+02	4.067591e-02	
12.000000	60.000000	135.884829	661.638956	6.258351e-01	2.997769e-02	4.265565e+02	4.188866e-02	
16.000000	0.000000	130.956757	5.213998	6.492379e-01	2.997226e-02	4.247886e+02	4.491130e-02	
16.000000	4.000000	134.545706	9.721656	6.189700e-01	3.351617e-02	4.470019e+02	4.404935e-02	
16.000000	8.000000	134.564266	5.569622	6.172400e-01	3.129480e-02	4.466260e+02	4.099596e-02	
16.000000	12.000000	133.799720	4.670640	5.758865e-01	2.642879e-02	4.466737e+02	3.864676e-02	
16.000000	16.000000	129.790775	15.307167	5.296245e-01	3.069165e-02	4.470692e+02	3.378988e-02	
16.000000	20.000000	128.788139	5.361514	6.284601e-01	2.805202e-02	4.472530e+02	4.321396e-02	
16.000000	24.000000	128.829124	4.569291	5.762192e-01	2.729098e-02	4.474506e+02	3.900613e-02	
16.000000	28.000000	129.672286	7.746025	6.473803e-01	3.730113e-02	4.475869e+02	4.511493e-02	
16.000000	32.000000	134.548585	2.669714	5.810307e-01	2.553641e-02	4.477448e+02	3.990988e-02	
16.000000	36.000000	134.557248	3.665539	5.553022e-01	2.814425e-02	4.478795e+02	3.651679e-02	
16.000000	40.000000	140.801686	12.984578	6.373970e-01	3.516114e-02	4.473872e+02	4.371825e-02	
16.000000	44.000000	148.178647	550.739572	5.400869e-01	2.536301e-02	4.466864e+02	3.626467e-02	
16.000000	48.000000	160.412373	86.322220	6.201942e-01	2.831679e-02	4.447380e+02	4.190634e-02	
16.000000	52.000000	160.782520	861.523987	6.710488e-01	3.083552e-02	4.407700e+02	4.900634e-02	
16.000000	56.000000	153.295226	7.468760	5.934149e-01	2.940861e-02	4.345141e+02	4.067219e-02	
16.000000	60.000000	140.811049	6.179904	6.261713e-01	3.200522e-02	4.274005e+02	4.205346e-02	
20.000000	0.000000	134.559190	7.390890	6.531455e-01	3.924026e-02	4.246655e+02	4.610801e-02	
20.000000	4.000000	135.364831	80.293283	5.921906e-01	2.821935e-02	4.467642e+02	3.932468e-02	
20.000000	8.000000	134.564797	5.257224	5.887995e-01	2.887739e-02	4.465282e+02	4.034358e-02	
20.000000	12.000000	134.558087	11.524387	5.811169e-01	2.793305e-02	4.465188e+02	3.981678e-02	
20.000000	16.000000	134.544901	4.399470	5.247732e-01	3.301906e-02	4.469319e+02	4.209020e-02	
20.000000	20.000000	133.379020	3.475452	5.776121e-01	2.987284e-02	4.470252e+02	3.745952e-02	
20.000000	24.000000	133.845324	3.779046	5.736616e-01	3.031585e-02	4.472477e+02	3.803919e-02	
20.000000	28.000000	134.541462	4.180568	6.113598e-01	2.936412e-02	4.474954e+02	4.071094e-02	
20.000000	32.000000	134.554270	5.908426	6.122835e-01	2.585399e-02	4.477273e+02	4.525702e-02	
20.000000	36.000000	134.954003	7.069411	5.986654e-01	2.559605e-02	4.477484e+02	4.344400e-02	
20.000000	40.000000	140.802180	3.863736	5.672252e-01	2.678905e-02	4.474154e+02	3.885339e-02	
20.000000	44.000000	151.786905	68.972589	5.742160e-01	2.734679e-02	4.465611e+02	3.933573e-02	
20.000000	48.000000	164.060179	751.966411	6.126399e-01	2.604515e-02	4.447371e+02	4.639749e-02	
20.000000	52.000000	165.798653	5.469573	6.200206e-01	2.710833e-02	4.413701e+02	4.237013e-02	
20.000000	56.000000	154.634828	8.283523	6.330499e-01	3.510802e-02	4.355812e+02	4.383432e-02	
20.000000	60.000000	146.197500	6.466568	6.419040e-01	2.980205e-02	4.286684e+02	4.282348e-02	
24.000000	0.000000	134.548304	6.149032	5.949352e-01	3.223021e-02	4.246533e+02	3.983170e-02	
24.000000	4.000000	140.807908	5.123354	6.173412e-01	3.267594e-02	4.464479e+02	4.249197e-02	
24.000000	8.000000	139.559266	701.682181	5.882231e-01	3.181099e-02	4.461187e+02	3.887724e-02	
24.000000	12.000000	134.971411	73.968610	5.562297e-01	2.578629e-02	4.464883e+02	3.809114e-02	
24.000000	16.000000	134.545184	7.478755	5.855431e-01	2.563252e-02	4.467710e+02	4.204735e-02	
24.000000	20.000000	134.551793	12.929233	5.633479e-01	3.233468e-02	4.469821e+02	4.042634e-02	
24.000000	24.000000	134.577314	6.721460	5.557922e-01	2.815172e-02	4.471165e+02	3.665627e-02	
24.000000	28.000000	134.557476	21.937697	5.758089e-01	2.556340e-02	4.472494e+02	3.933896e-02	
24.000000	32.000000	134.550916	3.637490	6.275914e-01	3.436417e-02	4.475857e+02	4.337756e-02	
24.000000	36.000000	140.801927	3.643914	5.591337e-01	2.622894e-02	4.473917e+02	3.829657e-02	
24.000000	40.000000	144.802567	16.598260	6.193574e-01	2.660648e-02	4.473541e+02	4.250204e-02	
24.000000	44.000000	153.298270	4.874017	5.541876e-01	2.584389e-02	4.467551e+02	3.700014e-02	
24.000000	48.000000	165.790004	7.339542	5.332537e-01	3.205600e-02	4.449155e+02	4.334717e-02	
24.000000	52.000000	172.048511	10.299950	5.775804e-01	2.882852e-02	4.419011e+02	3.799415e-02	
24.000000	56.000000	159.547771	5.517807	6.235437e-01	4.097813e-02	4.368574e+02	4.572305e-02	
24.000000	60.000000	147.054778	7.844020	6.480239e-01	4.731518e-02	4.299263e+02	5.185050e-02	
28.000000	0.000000	140.802772	7.323682	6.340623e-01	3.373340e-02	4.245429e+02	4.280888e-02	
28.000000	4.000000	140.805826	6.985489	5.759506e-01	2.700808e-02	4.463945e+02	3.880392e-02	
28.000000	8.000000	140.795256	12.628618	6.176126e-01	3.011950e-02	4.461526e+02	4.071449e-02	
28.000000	12.000000	140.796619	6.493696	5.435313e-01	2.660126e-02	4.463115e+02	3.640022e-02	
28.000000	16.000000	137.697726	1097.636900	5.779410e-01	2.894743e-02	4.466500e+02	3.948765e-02	
28.000000	20.000000	134.846565	102.941050	6.786282e-01	3.299762e-02	4.468490e+02	4.597980e-02	
28.000000	24.000000	134.545560	4.679860	5.442352e-01	3.154004e-02	4.470868e+02	3.543915e-02	
28.000000	28.000000	134.954003	91.428395	5.782277e-01	2.556688e-02	4.472635e+02	3.925704e-02	
28.000000	32.000000	139.275169	142.387783	5.815497e-01	2.805993e-02	4.472184e+02	3.838272e-02	
28.000000	36.000000	140.820398	18.040383	5.972103e-01	2.896415e-02	4.474650e+02	4.033330e-02	
28.000000	40.000000	147.051785	4.152715	5.913211e-01	2.929740e-02	4.474483e+02	4.051807e-02	
28.000000	44.000000	153.279421	7.437982	5.556630e-01	2.951202e-02	4.470414e+02	3.634036e-02	
28.000000	48.000000	165.792952	9.602627	5.590290e-01	2.602163e-02	4.453703e+02	3.771971e-02	
28.000000	52.000000	175.619414	1136.505106	6.530371e-01	2.879329e-02	4.424388e+02	4.437859e-02	
28.000000	56.000000	165.799663	6.909784	6.235498e-01	3.109442e-02	4.371907e+02	4.121295e-02	
28.000000	60.000000	153.307848	7.227990	6.972928e-01	4.578673e-02	4.305965e+02	5.003411e-02	
32.000000	0.000000	141.071914	7.264533	6.447480e-01	3.570087e-02	4.243907e+02	4.443973e-02	
32.000000	4.000000	147.055385	6.567700	5.776618e-01	3.184748e-02	4.459935e+02	4.020607e-02	
32.000000	8.000000	143.022083	18.178261	6.342666e-01	3.079450e-02	4.458952e+02	4.258940e-02	
32.000000	12.000000	140.804159	6.647304	5.009897e-01	3.635859e-02	4.459789e+02	3.815537e-02	
32.000000	16.000000	140.808734	8.082931	6.202161e-01	3.122250e-02	4.460173e+02	4.085275e-02	
32.000000	20.000000	140.798685	4.537249	5.426506e-01	2.376177e-02	4.464810e+02	3.741880e-02	
32.000000	24.000000	140.800021	4.834169	6.125968e-01	2.908072e-02	4.465460e+02	4.080438e-02	
32.000000	28.000000	140.804141	4.133725	6.062600e-01	3.356881e-02	4.467076e+02	4.186073e-02	
32.000000	32.000000	140.797440	6.790370	6.027553e-01	3.471045e-02	4.471718e+02	4.095288e-02	
32.000000	36.000000	141.249703	5.640105	5.856010e-01	3.145784e-02	4.472798e+02	4.006295e-02	
32.000000	40.000000	147.054270	4.451704	5.976105e-01	3.055138e-02	4.474580e+02	4.039691e-02	
32.000000	44.000000	153.300139	6.153233	5.390647e-01	3.022154e-02	4.469556e+02	3.661829e-02	
32.000000	48.000000	165.821720	6.696390	6.060987e-01	3.163654e-02	4.453963e+02	4.164062e-02	
32.000000	52.000000	178.294966	6.603944	5.878178e-01	3.024721e-02	4.429783e+02	3.860226e-02	
32.000000	56.000000	172.050331	6.592573	6.033810e-01	3.432833e-02	4.382582e+02	4.071577e-02	
32.000000	60.000000	159.553206	6.705930	5.820995e-01	3.342694e-02	4.320599e+02	4.014320e-02	
36.000000	0.000000	147.063595	7.047726	6.488786e-01	3.144574e-02	4.248469e+02	4.328372e-02	
36.000000	4.000000	147.045278	6.945622	5.742531e-01	2.825333e-02	4.457836e+02	3.787287e-02	
36.000000	8.000000	147.042036	12.587803	5.258482e-01	2.647696e-02	4.457368e+02	3.564462e-02	
36.000000	12.000000	147.053104	6.759166	5.879382e-01	3.173332e-02	4.458130e+02	3.894155e-02	
36.000000	16.000000	143.832246	21.500176	5.916876e-01	3.050508e-02	4.460444e+02	3.856807e-02	
36.000000	20.000000	140.793993	5.341845	6.085609e-01	2.952612e-02	4.463081e+02	4.056924e-02	
36.000000	24.000000	140.806934	5.295439	5.464844e-01	2.423964e-02	4.464667e+02	3.769481e-02	
36.000000	28.000000	140.814099	5.148596	5.513212e-01	2.845053e-02	4.468252e+02	3.596499e-02	
36.000000	32.000000	141.694988	6.034367	5.745712e-01	2.911265e-02	4.471221e+02	3.748891e-02	
36.000000	36.000000	147.021803	4.571390	6.369450e-01	3.123676e-02	4.474959e+02	4.326898e-02	
36.000000	40.000000	150.630820	1083.475347	6.549835e-01	3.810859e-02	4.475435e+02	4.558671e-02	
36.000000	44.000000	158.534945	4.845721	5.982256e-01	2.915104e-02	4.471670e+02	3.948245e-02	
36.000000	48.000000	170.304973	9.594308	5.714718e-01	2.940435e-02	4.461347e+02	3.723582e-02	
36.000000	52.000000	184.548215	7.813240	5.754029e-01	2.903898e-02	4.438821e+02	3.758417e-02	
36.000000	56.000000	178.288746	6.726985	6.565165e-01	3.295366e-02	4.391182e+02	4.347676e-02	
36.000000	60.000000	165.799806	8.458328	6.361650e-01	3.171637e-02	4.330130e+02	4.207077e-02	
40.000000	0.000000	153.305359	7.405618	6.289891e-01	3.176951e-02	4.257810e+02	4.158966e-02	
40.000000	4.000000	153.305465	13.998900	6.273589e-01	3.531394e-02	4.453604e+02	4.230088e-02	
40.000000	8.000000	153.289257	8.440719	5.882803e-01	2.825849e-02	4.451394e+02	4.181900e-02	
40.000000	12.000000	148.370848	870.218419	6.654215e-01	3.504708e-02	4.454252e+02	4.627157e-02	
40.000000	16.000000	147.059057	7.772691	6.357043e-01	3.051012e-02	4.456536e+02	4.271437e-02	
40.000000	20.000000	147.056196	7.487320	5.763016e-01	3.039388e-02	4.461060e+02	3.759920e-02	
40.000000	24.000000	147.055587	4.782344	5.908659e-01	3.433230e-02	4.461496e+02	4.017946e-02	
40.000000	28.000000	147.053971	4.822421	5.959576e-01	3.056015e-02	4.463785e+02	3.976276e-02	
40.000000	32.000000	147.041868	5.691763	5.787274e-01	3.143619e-02	4.468402e+02	3.818067e-02	
40.000000	36.000000	147.051882	5.038841	5.824462e-01	2.789224e-02	4.471421e+02	4.021440e-02	
40.000000	40.000000	153.307906	11.379471	5.336624e-01	3.016801e-02	4.470526e+02	3.396981e-02	
40.000000	44.000000	159.535203	5.305644	6.068395e-01	3.035024e-02	4.470857e+02	3.978142e-02	
40.000000	48.000000	172.054633	12.173188	5.953747e-01	2.754943e-02	4.461955e+02	4.013126e-02	
40.000000	52.000000	184.544098	5.482770	6.082276e-01	2.922333e-02	4.441866e+02	4.022507e-02	
40.000000	56.000000	184.548427	9.685945	6.276677e-01	3.387840e-02	4.401634e+02	4.201335e-02	
40.000000	60.000000	172.045143	7.846409	5.525158e-01	2.508616e-02	4.344602e+02	3.766055e-02	
44.000000	0.000000	159.550310	7.047426	6.119052e-01	3.256122e-02	4.271660e+02	4.064882e-02	
44.000000	4.000000	159.545141	10.771627	6.227875e-01	3.434034e-02	4.446379e+02	4.309594e-02	
44.000000	8.000000	157.339365	20.467375	5.656367e-01	2.682153e-02	4.444354e+02	3.860622e-02	
44.000000	12.000000	153.825400	6.976709	6.040292e-01	2.665851e-02	4.446553e+02	4.095598e-02	
44.000000	16.000000	153.299092	9.534475	5.295239e-01	2.917928e-02	4.451382e+02	3.402325e-02	
44.000000	20.000000	151.571313	87.530237	6.132239e-01	3.208942e-02	4.455473e+02	4.216248e-02	
44.000000	24.000000	149.675495	262.532909	5.949805e-01	2.926518e-02	4.458637e+02	4.424585e-02	
44.000000	28.000000	148.666428	160.978948	5.344707e-01	2.619922e-02	4.462267e+02	3.546980e-02	
44.000000	32.000000	151.236274	183.792410	5.832953e-01	2.867420e-02	4.464455e+02	3.965824e-02	
44.000000	36.000000	153.279447	6.398510	5.658334e-01	3.268834e-02	4.468852e+02	3.776524e-02	
44.000000	40.000000	155.522083	20.994447	5.829242e-01	3.042478e-02	4.471192e+02	3.811377e-02	
44.000000	44.000000	164.285919	62.297405	5.598385e-01	3.181297e-02	4.470231e+02	3.784506e-02	
44.000000	48.000000	173.286254	134.179541	5.860346e-01	2.936313e-02	4.463964e+02	3.945811e-02	
44.000000	52.000000	190.794738	6.988218	5.986747e-01	2.959895e-02	4.444975e+02	4.052699e-02	
44.000000	56.000000	197.054143	10.309144	6.299024e-01	2.926413e-02	4.408152e+02	4.312644e-02	
44.000000	60.000000	184.553861	7.518510	6.048838e-01	3.415937e-02	4.357359e+02	4.185639e-02	
48.000000	0.000000	171.382886	6.094587	7.020215e-01	4.987351e-02	4.287739e+02	5.386990e-02	
48.000000	4.000000	165.804565	28.846976	6.927037e-01	3.559154e-02	4.439910e+02	4.630908e-02	
48.000000	8.000000	164.078292	661.902998	6.390773e-01	3.178465e-02	4.437067e+02	4.263353e-02	
48.000000	12.000000	160.828855	435.888670	5.979676e-01	3.637624e-02	4.442044e+02	4.128088e-02	
48.000000	16.000000	159.545842	15.057272	6.194796e-01	3.145695e-02	4.446165e+02	4.114435e-02	
48.000000	20.000000	157.709225	34.607803	5.551035e-01	3.236920e-02	4.449489e+02	4.220327e-02	
48.000000	24.000000	154.786575	8.239833	6.108967e-01	3.176261e-02	4.454436e+02	4.189444e-02	
48.000000	28.000000	154.457042	5.475861	5.723349e-01	2.871378e-02	4.456686e+02	3.905018e-02	
48.000000	32.000000	154.450663	5.515152	5.752990e-01	3.169069e-02	4.460908e+02	3.806519e-02	
48.000000	36.000000	158.370799	6.948873	6.105739e-01	3.111960e-02	4.465356e+02	4.141868e-02	
48.000000	40.000000	159.571804	6.130186	5.821887e-01	2.778966e-02	4.468084e+02	3.867504e-02	
48.000000	44.000000	165.804878	5.338782	5.570825e-01	2.644971e-02	4.466126e+02	3.808283e-02	
48.000000	48.000000	178.302002	17.310950	5.639292e-01	3.177062e-02	4.462341e+02	3.768777e-02	
48.000000	52.000000	191.245623	12.082718	6.652915e-01	3.206398e-02	4.448235e+02	4.480210e-02	
48.000000	56.000000	207.956868	7.517745	6.291604e-01	2.639207e-02	4.417042e+02	4.742426e-02	
48.000000	60.000000	195.870432	7.810675	6.079125e-01	3.244726e-02	4.368907e+02	4.048224e-02	
52.000000	0.000000	181.299883	9.315597	6.487334e-01	3.720643e-02	4.305577e+02	4.505712e-02	
52.000000	4.000000	177.489230	401.637009	6.343777e-01	2.883843e-02	4.432110e+02	4.774438e-02	
52.000000	8.000000	173.575401	915.314696	6.973489e-01	3.491510e-02	4.430934e+02	4.680003e-02	
52.000000	12.000000	172.050023	24.072545	7.009857e-01	3.273206e-02	4.434211e+02	4.986159e-02	
52.000000	16.000000	167.682666	32.125844	6.145810e-01	2.803258e-02	4.438085e+02	4.403608e-02	
52.000000	20.000000	165.809741	24.869713	6.250173e-01	3.020164e-02	4.441561e+02	4.149901e-02	
52.000000	24.000000	164.968375	190.653966	6.266462e-01	2.779473e-02	4.447483e+02	4.278909e-02	
52.000000	28.000000	164.101231	844.864845	5.584724e-01	3.166449e-02	4.451520e+02	3.678208e-02	
52.000000	32.000000	163.476359	139.681043	6.472323e-01	3.292803e-02	4.456637e+02	4.282723e-02	
52.000000	36.000000	164.853638	9.677404	5.578402e-01	2.958617e-02	4.461082e+02	3.608367e-02	
52.000000	40.000000	166.180105	5.425338	5.507794e-01	2.461880e-02	4.465190e+02	3.794192e-02	
52.000000	44.000000	172.055511	6.413663	6.034310e-01	3.308905e-02	4.466820e+02	4.124437e-02	
52.000000	48.000000	184.548200	7.896360	6.148197e-01	3.090385e-02	4.463677e+02	4.116878e-02	
52.000000	52.000000	197.087222	9.489103	6.289493e-01	3.034433e-02	4.452437e+02	4.187471e-02	
52.000000	56.000000	216.909532	11.860992	6.893932e-01	3.043233e-02	4.425107e+02	4.840399e-02	
52.000000	60.000000	209.555408	9.067287	6.451398e-01	3.705895e-02	4.384320e+02	4.404307e-02	
56.000000	0.000000	197.045159	12.685845	6.395439e-01	3.249711e-02	4.325944e+02	4.303900e-02	
56.000000	4.000000	199.802274	1005.639532	6.405776e-01	3.557127e-02	4.421307e+02	4.368987e-02	
56.000000	8.000000	197.058744	27.924264	6.364121e-01	3.332899e-02	4.420838e+02	4.261458e-02	
56.000000	12.000000	192.397714	43.349203	6.007432e-01	3.219895e-02	4.421437e+02	3.985770e-02	
56.000000	16.000000	188.201303	985.903372	6.022238e-01	2.886778e-02	4.428536e+02	4.024050e-02	
56.000000	20.000000	183.682565	30.382770	6.404612e-01	3.142275e-02	4.434719e+02	4.246083e-02	
56.000000	24.000000	181.134182	48.183253	6.331455e-01	3.205647e-02	4.439551e+02	4.320337e-02	
56.000000	28.000000	178.301921	50.982775	5.559628e-01	2.573440e-02	4.445076e+02	3.811515e-02	
56.000000	32.000000	176.595167	618.423280	5.212481e-01	3.052935e-02	4.449805e+02	3.371696e-02	
56.000000	36.000000	176.669676	799.207445	6.661009e-01	3.986688e-02	4.455342e+02	4.658370e-02	
56.000000	40.000000	178.337222	27.017476	6.352724e-01	3.382049e-02	4.461298e+02	4.247067e-02	
56.000000	44.000000	182.923038	7.449170	6.480189e-01	3.701295e-02	4.464855e+02	4.503309e-02	
56.000000	48.000000	190.798743	7.407809	5.915344e-01	2.952233e-02	4.460905e+02	4.097304e-02	
56.000000	52.000000	204.541160	14.982364	6.265379e-01	3.090446e-02	4.454900e+02	4.248202e-02	
56.000000	56.000000	228.301094	14.000345	6.723955e-01	3.164835e-02	4.434585e+02	4.486129e-02	
56.000000	60.000000	236.093074	971.377383	6.173705e-01	3.908190e-02	4.400749e+02	4.685014e-02	
60.000000	0.000000	222.049428	13.990415	6.448949e-01	3.190782e-02	4.349296e+02	4.401656e-02	
60.000000	4.000000	304.601565	371.782344	6.683914e-01	3.257094e-02	4.405901e+02	4.553646e-02	
60.000000	8.000000	296.269426	711.436053	6.338868e-01	2.622319e-02	4.406533e+02	4.439016e-02	
60.000000	12.000000	284.843444	349.677191	6.155404e-01	2.982837e-02	4.408747e+02	4.092863e-02	
60.000000	16.000000	269.741356	620.349349	6.595495e-01	3.358569e-02	4.419516e+02	4.612689e-02	
60.000000	20.000000	257.715423	237.218111	6.369430e-01	2.694001e-02	4.426100e+02	4.328629e-02	
60.000000	24.000000	246.547533	170.746541	6.856483e-01	3.821400e-02	4.433680e+02	4.892876e-02	
60.000000	28.000000	236.838562	875.562059	6.540345e-01	3.225569e-02	4.439097e+02	4.430916e-02	
60.000000	32.000000	224.057863	805.172799	5.898133e-01	2.960089e-02	4.443537e+02	3.950048e-02	
60.000000	36.000000	214.243082	703.018590	6.488214e-01	3.820756e-02	4.447716e+02	4.439857e-02	
60.000000	40.000000	207.830686	33.857691	6.217300e-01	2.656235e-02	4.453503e+02	4.299123e-02	
60.000000	44.000000	207.905342	10.330500	6.513695e-01	3.871519e-02	4.456505e+02	4.581571e-02	
60.000000	48.000000	212.729845	1024.939618	5.497708e-01	2.849583e-02	4.458210e+02	3.586544e-02	
60.000000	52.000000	223.447672	653.982813	6.242775e-01	2.791852e-02	4.455988e+02	4.239752e-02	
60.000000	56.000000	247.053793	18.656195	6.881651e-01	3.356517e-02	4.442271e+02	4.663944e-02	
60.000000	60.000000	278.301906	19.155995	6.683419e-01	2.563114e-02	4.414963e+02	4.424702e-02	
0.000000	0.000000	276.580687	627.595917	6.121611e-01	3.712927e-02	4.372008e+02	4.314944e-02	
