0.000000	4.000000	103.300253	4.686811	6.363557e-01	3.517107e-02	4.305143e+02	4.393399e-02	
0.000000	8.000000	103.307608	5.114434	6.041084e-01	3.057410e-02	4.300129e+02	3.957160e-02	
0.000000	12.000000	103.300885	3.990270	6.242423e-01	3.647438e-02	4.297817e+02	4.221162e-02	
0.000000	16.000000	103.270845	5.017694	5.834265e-01	2.548783e-02	4.297560e+02	4.071581e-02	
0.000000	20.000000	103.304857	6.809059	6.022890e-01	2.572395e-02	4.297051e+02	4.179298e-02	
0.000000	24.000000	103.236656	5.106725	6.035817e-01	2.913047e-02	4.301192e+02	4.160900e-02	
0.000000	28.000000	101.442365	3.822198	6.984887e-01	4.676534e-02	4.306581e+02	5.085350e-02	
0.000000	32.000000	100.805781	1075.910082	5.977679e-01	2.963856e-02	4.310814e+02	3.965551e-02	
0.000000	36.000000	101.509179	51.026508	6.024532e-01	3.058338e-02	4.310470e+02	3.942493e-02	
0.000000	40.000000	103.303842	2.749701	6.080514e-01	2.937389e-02	4.311895e+02	4.026413e-02	
0.000000	44.000000	103.236630	3.428154	6.699546e-01	3.353197e-02	4.310722e+02	4.432443e-02	
0.000000	48.000000	111.360523	1031.967454	6.590136e-01	4.098257e-02	4.302490e+02	4.567438e-02	
0.000000	52.000000	122.048720	4.576540	7.050135e-01	3.548377e-02	4.268728e+02	4.656660e-02	
0.000000	56.000000	115.801820	7.764221	6.645951e-01	3.039702e-02	4.202353e+02	4.706679e-02	
0.000000	60.000000	103.311598	4.958178	5.475059e-01	2.593393e-02	4.097862e+02	3.656653e-02	
4.000000	0.000000	97.064202	5.702061	5.467438e-01	2.745086e-02	4.053094e+02	3.670570e-02	
4.000000	4.000000	104.678687	10.668177	5.841895e-01	3.023111e-02	4.300551e+02	3.806038e-02	
4.000000	8.000000	103.888413	10.307592	5.832979e-01	2.890519e-02	4.295112e+02	3.958102e-02	
4.000000	12.000000	103.485532	6.831691	6.054515e-01	3.090123e-02	4.291681e+02	3.987530e-02	
4.000000	16.000000	103.305310	6.194065	6.103785e-01	3.645938e-02	4.291828e+02	4.208821e-02	
4.000000	20.000000	103.293594	5.247492	5.956557e-01	2.958358e-02	4.290998e+02	3.899944e-02	
4.000000	24.000000	103.302028	5.677826	5.813438e-01	2.794353e-02	4.294906e+02	3.983371e-02	
4.000000	28.000000	103.305583	4.292102	5.572668e-01	3.377848e-02	4.300743e+02	3.814471e-02	
4.000000	32.000000	103.305084	4.315079	6.595768e-01	3.373659e-02	4.302820e+02	4.405642e-02	
4.000000	36.000000	103.236656	3.705114	6.864033e-01	2.801385e-02	4.305625e+02	4.544095e-02	
4.000000	40.000000	103.236643	5.117622	5.874631e-01	2.617746e-02	4.306839e+02	3.953896e-02	
4.000000	44.000000	107.130739	19.813365	6.383695e-01	3.172150e-02	4.306174e+02	4.291259e-02	
4.000000	48.000000	115.045998	4.101707	6.611700e-01	3.148378e-02	4.296179e+02	4.493648e-02	
4.000000	52.000000	122.061920	5.874636	5.758336e-01	3.363197e-02	4.268549e+02	5.702086e-02	
4.000000	56.000000	115.795945	8.845963	6.960949e-01	3.956359e-02	4.206054e+02	4.623453e-02	
4.000000	60.000000	103.848750	5.928638	6.754103e-01	2.870212e-02	4.103854e+02	4.491680e-02	
8.000000	0.000000	97.049864	5.497262	6.179775e-01	3.453458e-02	4.044499e+02	4.191408e-02	
8.000000	4.000000	108.385168	5.967041	6.016650e-01	3.311267e-02	4.293893e+02	4.039648e-02	
8.000000	8.000000	108.554444	5.560972	6.157581e-01	2.898704e-02	4.285503e+02	4.100356e-02	
8.000000	12.000000	107.959210	6.526361	6.241033e-01	2.820686e-02	4.284244e+02	4.156300e-02	
8.000000	16.000000	107.040067	9.681686	5.723067e-01	4.391911e-02	4.278765e+02	7.371733e-02	
8.000000	20.000000	104.916426	11.795155	6.324063e-01	2.629866e-02	4.286639e+02	4.546729e-02	
8.000000	24.000000	103.292897	5.135344	5.889722e-01	2.550823e-02	4.287539e+02	4.165948e-02	
8.000000	28.000000	103.254600	9.050538	6.741535e-01	3.387659e-02	4.290044e+02	4.487892e-02	
8.000000	32.000000	103.288871	5.135911	5.902846e-01	2.897079e-02	4.294881e+02	4.001398e-02	
8.000000	36.000000	103.325362	6.580563	6.065943e-01	3.054641e-02	4.298591e+02	4.864813e-02	
8.000000	40.000000	103.305593	3.466104	6.167138e-01	2.984883e-02	4.301128e+02	4.144803e-02	
8.000000	44.000000	108.867080	3.561419	5.024547e-01	4.358561e-02	4.299927e+02	4.471285e-02	
8.000000	48.000000	115.801898	3.304858	5.697443e-01	2.996343e-02	4.291698e+02	3.729156e-02	
8.000000	52.000000	122.057912	4.926484	6.476738e-01	3.194598e-02	4.269259e+02	4.291735e-02	
8.000000	56.000000	122.056329	8.354836	6.824500e-01	3.879919e-02	4.211648e+02	4.656277e-02	
8.000000	60.000000	109.555466	6.708195	6.408448e-01	3.181402e-02	4.109587e+02	4.284766e-02	
12.000000	0.000000	98.430530	715.728076	6.823401e-01	3.260331e-02	4.042598e+02	4.644670e-02	
12.000000	4.000000	109.543967	6.391847	6.022919e-01	4.003806e-02	4.290186e+02	5.034179e-02	
12.000000	8.000000	109.551986	6.923499	6.361178e-01	3.308576e-02	4.284534e+02	4.340184e-02	
12.000000	12.000000	109.551759	5.530136	6.410573e-01	3.158102e-02	4.283783e+02	4.312720e-02	
12.000000	16.000000	109.560189	5.721555	6.377025e-01	3.552059e-02	4.280959e+02	4.402945e-02	
12.000000	20.000000	109.565008	5.348386	6.601609e-01	3.596944e-02	4.281872e+02	4.437448e-02	
12.000000	24.000000	106.216578	10.230930	6.210873e-01	2.955700e-02	4.281418e+02	4.400446e-02	
12.000000	28.000000	103.297440	5.466392	6.211112e-01	3.091029e-02	4.290628e+02	4.230570e-02	
12.000000	32.000000	103.294406	4.424572	6.158828e-01	3.305981e-02	4.295245e+02	4.179922e-02	
12.000000	36.000000	103.278424	4.466979	5.863026e-01	2.859774e-02	4.294533e+02	4.007748e-02	
12.000000	40.000000	103.812185	5.503563	6.690698e-01	2.886792e-02	4.296401e+02	4.482556e-02	
12.000000	44.000000	109.538112	3.385152	6.109894e-01	3.242337e-02	4.296597e+02	4.093158e-02	
12.000000	48.000000	115.738757	4.596237	6.224234e-01	3.102219e-02	4.288688e+02	4.090820e-02	
12.000000	52.000000	127.416751	36.122651	6.435824e-01	3.007773e-02	4.264662e+02	4.395466e-02	
12.000000	56.000000	122.055091	7.767412	6.487892e-01	3.777290e-02	4.216113e+02	4.534080e-02	
12.000000	60.000000	109.552026	6.530188	5.987375e-01	3.629380e-02	4.119017e+02	4.243602e-02	
16.000000	0.000000	103.300025	4.683640	5.948465e-01	3.114061e-02	4.038303e+02	3.913705e-02	
16.000000	4.000000	109.545188	6.284152	6.454207e-01	4.006263e-02	4.287526e+02	4.627694e-02	
16.000000	8.000000	109.555357	5.936616	5.258940e-01	3.209614e-02	4.279572e+02	3.429237e-02	
16.000000	12.000000	109.551997	6.726347	7.007288e-01	4.297800e-02	4.277272e+02	4.740649e-02	
16.000000	16.000000	109.553170	6.357482	6.490081e-01	3.034135e-02	4.274717e+02	4.459879e-02	
16.000000	20.000000	109.553497	7.862072	6.513384e-01	3.532568e-02	4.274604e+02	4.397116e-02	
16.000000	24.000000	109.543586	5.384137	7.499121e-01	4.501030e-02	4.280920e+02	5.366522e-02	
16.000000	28.000000	107.939804	9.774218	6.924407e-01	3.016128e-02	4.284358e+02	4.614315e-02	
16.000000	32.000000	103.945555	8.568791	7.088855e-01	3.635042e-02	4.289420e+02	4.735316e-02	
16.000000	36.000000	104.537368	8.126847	6.376181e-01	3.099682e-02	4.291960e+02	4.237098e-02	
16.000000	40.000000	107.901588	6.098105	6.461424e-01	4.054679e-02	4.292236e+02	4.530019e-02	
16.000000	44.000000	109.582943	7.260683	6.102182e-01	3.109581e-02	4.289873e+02	4.079745e-02	
16.000000	48.000000	115.801742	8.121074	6.527915e-01	3.448460e-02	4.281214e+02	4.368142e-02	
16.000000	52.000000	128.296864	5.494112	7.293026e-01	3.755050e-02	4.264399e+02	5.171911e-02	
16.000000	56.000000	128.306867	8.813974	6.507923e-01	3.122862e-02	4.218662e+02	4.398394e-02	
16.000000	60.000000	115.795282	7.094492	6.229831e-01	3.383560e-02	4.126041e+02	4.293153e-02	
20.000000	0.000000	103.299933	5.265692	6.652693e-01	3.121247e-02	4.037159e+02	4.533546e-02	
20.000000	4.000000	112.334652	1115.503308	5.988788e-01	3.386236e-02	4.280042e+02	4.348283e-02	
20.000000	8.000000	110.987032	945.560705	6.330142e-01	3.212752e-02	4.274011e+02	4.244962e-02	
20.000000	12.000000	110.912354	705.393259	6.947750e-01	3.553460e-02	4.270445e+02	4.642453e-02	
20.000000	16.000000	110.364830	7.724274	5.508330e-01	2.969052e-02	4.270909e+02	3.546397e-02	
20.000000	20.000000	109.546354	7.064875	6.334330e-01	3.065718e-02	4.267551e+02	4.202777e-02	
20.000000	24.000000	109.550822	7.438690	6.717099e-01	3.488672e-02	4.272670e+02	4.443679e-02	
20.000000	28.000000	109.551707	4.816856	7.052865e-01	3.184797e-02	4.276970e+02	4.999221e-02	
20.000000	32.000000	108.695595	3.915521	5.735627e-01	2.913677e-02	4.283970e+02	3.857207e-02	
20.000000	36.000000	108.686410	4.070422	6.842040e-01	3.960829e-02	4.284105e+02	4.637062e-02	
20.000000	40.000000	109.531970	3.713623	6.713787e-01	2.840571e-02	4.285692e+02	4.890792e-02	
20.000000	44.000000	109.551728	4.765542	5.962891e-01	2.909196e-02	4.288538e+02	3.941347e-02	
20.000000	48.000000	115.791490	4.247032	6.015847e-01	3.009803e-02	4.280556e+02	3.952923e-02	
20.000000	52.000000	128.301445	6.464833	6.544772e-01	3.819156e-02	4.263404e+02	4.416524e-02	
20.000000	56.000000	129.112043	9.715988	6.813291e-01	3.744964e-02	4.218408e+02	4.603944e-02	
20.000000	60.000000	117.797097	4.397132	6.312734e-01	3.229372e-02	4.134052e+02	4.242794e-02	
24.000000	0.000000	107.963746	5.886118	5.863170e-01	3.061738e-02	4.032426e+02	3.884609e-02	
24.000000	4.000000	115.805908	6.423432	6.149366e-01	3.479917e-02	4.271309e+02	4.199675e-02	
24.000000	8.000000	115.807883	6.866209	6.230348e-01	3.180403e-02	4.265550e+02	4.135733e-02	
24.000000	12.000000	115.069420	6.139783	6.889598e-01	3.482983e-02	4.259955e+02	4.597313e-02	
24.000000	16.000000	114.163480	235.843620	6.135919e-01	3.100882e-02	4.260234e+02	4.027294e-02	
24.000000	20.000000	114.227223	820.963430	5.729612e-01	2.612027e-02	4.262995e+02	3.845759e-02	
24.000000	24.000000	109.994221	9.366929	6.125567e-01	3.077164e-02	4.270043e+02	4.021975e-02	
24.000000	28.000000	109.559136	5.499720	6.212335e-01	2.937462e-02	4.274439e+02	4.202779e-02	
24.000000	32.000000	109.541586	6.967117	6.637162e-01	3.363808e-02	4.280505e+02	4.409815e-02	
24.000000	36.000000	109.564910	6.260827	6.082753e-01	3.021621e-02	4.280578e+02	4.028548e-02	
24.000000	40.000000	109.547680	7.198952	6.781054e-01	3.300653e-02	4.283389e+02	4.602105e-02	
24.000000	44.000000	114.086718	905.354185	6.422755e-01	3.209743e-02	4.280522e+02	4.237559e-02	
24.000000	48.000000	119.817318	11.276689	6.175875e-01	3.123821e-02	4.277301e+02	4.102548e-02	
24.000000	52.000000	128.288675	6.378014	6.869150e-01	3.484148e-02	4.259734e+02	4.654093e-02	
24.000000	56.000000	134.554929	5.163489	5.902846e-01	2.897067e-02	4.225119e+02	4.001358e-02	
24.000000	60.000000	122.055439	7.724905	7.002649e-01	3.567151e-02	4.140447e+02	4.782897e-02	
28.000000	0.000000	109.552196	7.397188	6.673397e-01	3.014837e-02	4.037530e+02	4.605808e-02	
28.000000	4.000000	115.800627	7.497046	6.754985e-01	3.089962e-02	4.267320e+02	4.742023e-02	
28.000000	8.000000	115.801891	6.547735	7.275264e-01	3.735749e-02	4.259302e+02	4.958139e-02	
28.000000	12.000000	115.806341	8.573125	6.679671e-01	3.743097e-02	4.255208e+02	4.564184e-02	
28.000000	16.000000	115.808271	7.868919	6.215193e-01	3.048338e-02	4.258490e+02	4.110528e-02	
28.000000	20.000000	115.806485	7.310978	6.133441e-01	2.931919e-02	4.258043e+02	4.065131e-02	
28.000000	24.000000	115.800042	6.476905	6.438867e-01	3.203943e-02	4.261745e+02	4.265514e-02	
28.000000	28.000000	111.298090	1032.388466	6.198431e-01	3.086990e-02	4.269764e+02	4.064700e-02	
28.000000	32.000000	109.565415	6.109977	6.403861e-01	2.939291e-02	4.274481e+02	4.372086e-02	
28.000000	36.000000	109.555611	5.455884	6.014306e-01	3.211490e-02	4.276734e+02	4.125436e-02	
28.000000	40.000000	110.144098	77.501659	5.945889e-01	3.060784e-02	4.277564e+02	3.929866e-02	
28.000000	44.000000	115.806837	5.085055	6.440401e-01	3.215988e-02	4.276028e+02	4.328766e-02	
28.000000	48.000000	122.087222	3.387983	6.791017e-01	3.304034e-02	4.274208e+02	4.677049e-02	
28.000000	52.000000	129.672957	5.488223	5.879429e-01	3.310231e-02	4.261022e+02	3.967264e-02	
28.000000	56.000000	140.802172	6.228228	6.004893e-01	2.891444e-02	4.224486e+02	4.009213e-02	
28.000000	60.000000	128.308843	7.653293	5.812315e-01	2.623802e-02	4.152010e+02	4.354907e-02	
32.000000	0.000000	115.826837	6.334080	6.504153e-01	3.245714e-02	4.045980e+02	4.391439e-02	
32.000000	4.000000	120.371019	7.923567	6.723241e-01	3.347294e-02	4.263130e+02	4.424056e-02	
32.000000	8.000000	119.903886	10.767123	5.820445e-01	3.015640e-02	4.256634e+02	3.965604e-02	
32.000000	12.000000	118.215541	13.049005	6.250078e-01	3.411770e-02	4.252213e+02	4.183748e-02	
32.000000	16.000000	117.068960	12.839019	5.682963e-01	3.112537e-02	4.252417e+02	3.776088e-02	
32.000000	20.000000	115.805312	6.657406	6.140949e-01	2.891479e-02	4.251541e+02	4.171621e-02	
32.000000	24.000000	115.804893	6.592873	6.149794e-01	2.945507e-02	4.256906e+02	4.097146e-02	
32.000000	28.000000	115.801799	5.575948	6.538468e-01	3.099614e-02	4.263676e+02	4.426172e-02	
32.000000	32.000000	114.321352	127.092097	5.756735e-01	2.862888e-02	4.268866e+02	4.078671e-02	
32.000000	36.000000	114.201374	5.775907	6.431180e-01	3.216589e-02	4.270066e+02	4.256175e-02	
32.000000	40.000000	115.116575	5.322742	5.454793e-01	2.752423e-02	4.273130e+02	3.673855e-02	
32.000000	44.000000	115.801692	6.231361	6.586806e-01	3.459142e-02	4.273728e+02	4.418905e-02	
32.000000	48.000000	122.053209	6.876612	6.800070e-01	3.377957e-02	4.271076e+02	4.520722e-02	
32.000000	52.000000	134.543229	4.170622	6.283151e-01	3.385050e-02	4.259412e+02	4.298752e-02	
32.000000	56.000000	141.301326	7.737911	7.280059e-01	5.344987e-02	4.227222e+02	5.568615e-02	
32.000000	60.000000	133.047943	5.557167	6.339929e-01	3.097407e-02	4.159104e+02	4.320737e-02	
36.000000	0.000000	116.683713	9.696699	5.739260e-01	2.750029e-02	4.054713e+02	3.866468e-02	
36.000000	4.000000	122.049937	9.120159	5.749235e-01	2.835723e-02	4.257648e+02	3.789103e-02	
36.000000	8.000000	122.055409	9.158956	5.281936e-01	2.708812e-02	4.251394e+02	3.535558e-02	
36.000000	12.000000	122.039896	7.960511	6.617550e-01	2.574643e-02	4.246007e+02	4.609525e-02	
36.000000	16.000000	122.050015	7.736358	6.705674e-01	2.872912e-02	4.246436e+02	4.505728e-02	
36.000000	20.000000	122.055211	5.886119	5.647277e-01	2.845394e-02	4.248915e+02	3.848811e-02	
36.000000	24.000000	120.196381	10.325701	6.615966e-01	3.120661e-02	4.252094e+02	4.485197e-02	
36.000000	28.000000	115.802310	7.103758	5.183111e-01	3.002399e-02	4.259231e+02	3.685689e-02	
36.000000	32.000000	115.800106	10.246302	6.679391e-01	3.190852e-02	4.264876e+02	4.661001e-02	
36.000000	36.000000	115.798656	9.998305	6.571309e-01	3.453465e-02	4.265494e+02	4.412350e-02	
36.000000	40.000000	115.798998	7.358883	6.140949e-01	2.891821e-02	4.268459e+02	4.172108e-02	
36.000000	44.000000	119.105463	13.710798	6.328589e-01	3.216235e-02	4.269343e+02	4.499493e-02	
36.000000	48.000000	123.485311	512.596401	6.365967e-01	3.174240e-02	4.269913e+02	4.195891e-02	
36.000000	52.000000	134.575650	6.338064	6.834208e-01	3.444923e-02	4.257236e+02	4.516517e-02	
36.000000	56.000000	147.054697	5.779692	5.578754e-01	3.132616e-02	4.229389e+02	4.149274e-02	
36.000000	60.000000	136.719845	1137.953766	6.702073e-01	3.337502e-02	4.169425e+02	4.532613e-02	
40.000000	0.000000	122.050111	8.055410	6.373361e-01	3.121510e-02	4.070888e+02	4.215895e-02	
40.000000	4.000000	126.747225	706.715359	5.975415e-01	3.400598e-02	4.250068e+02	4.347266e-02	
40.000000	8.000000	126.045000	1069.610652	6.914358e-01	3.445194e-02	4.244303e+02	4.953557e-02	
40.000000	12.000000	123.474718	945.962304	6.288054e-01	3.134237e-02	4.239914e+02	4.137326e-02	
40.000000	16.000000	123.448120	723.689419	5.885038e-01	3.241887e-02	4.243242e+02	3.974243e-02	
40.000000	20.000000	122.051295	6.341759	6.692396e-01	2.991477e-02	4.243346e+02	4.709588e-02	
40.000000	24.000000	122.049914	9.118194	6.416490e-01	3.059737e-02	4.248206e+02	4.302118e-02	
40.000000	28.000000	122.052147	5.393796	6.287661e-01	3.323591e-02	4.255693e+02	4.279600e-02	
40.000000	32.000000	119.655096	8.237204	6.249618e-01	3.093644e-02	4.258137e+02	4.131936e-02	
40.000000	36.000000	117.548090	14.693914	6.037937e-01	2.778007e-02	4.261775e+02	4.249562e-02	
40.000000	40.000000	120.156900	11.639829	6.282786e-01	2.617736e-02	4.263300e+02	4.491790e-02	
40.000000	44.000000	122.052609	6.394650	5.974332e-01	3.045516e-02	4.264651e+02	3.991579e-02	
40.000000	48.000000	128.299862	5.699059	6.631174e-01	4.160270e-02	4.263410e+02	4.648856e-02	
40.000000	52.000000	134.963586	5.555341	5.881601e-01	3.138672e-02	4.257200e+02	3.910341e-02	
40.000000	56.000000	153.302244	6.168501	6.251495e-01	3.218867e-02	4.230006e+02	4.236550e-02	
40.000000	60.000000	145.449741	6.806246	6.579238e-01	3.107987e-02	4.178010e+02	4.470105e-02	
44.000000	0.000000	129.080679	9.897474	6.048119e-01	3.078023e-02	4.085000e+02	4.141842e-02	
44.000000	4.000000	128.303347	7.385788	6.374631e-01	3.228083e-02	4.240914e+02	4.212698e-02	
44.000000	8.000000	128.296129	7.029126	5.980265e-01	3.091660e-02	4.237438e+02	3.967921e-02	
44.000000	12.000000	128.295180	8.986927	6.809051e-01	3.383099e-02	4.233759e+02	4.512288e-02	
44.000000	16.000000	128.309641	8.653587	6.030202e-01	2.800863e-02	4.234012e+02	4.061957e-02	
44.000000	20.000000	128.302198	8.912425	5.887995e-01	2.887741e-02	4.234718e+02	4.034370e-02	
44.000000	24.000000	128.301986	6.813406	6.075595e-01	3.013379e-02	4.240747e+02	3.984416e-02	
44.000000	28.000000	122.907554	117.439076	6.081239e-01	3.121150e-02	4.249377e+02	4.315522e-02	
44.000000	32.000000	122.050019	7.345607	6.057739e-01	3.228581e-02	4.254905e+02	4.111630e-02	
44.000000	36.000000	122.051894	9.058214	6.040874e-01	2.927044e-02	4.258824e+02	4.187118e-02	
44.000000	40.000000	122.045264	8.435107	5.837805e-01	3.016266e-02	4.260682e+02	4.095067e-02	
44.000000	44.000000	123.202057	801.004967	6.118018e-01	2.881709e-02	4.262828e+02	4.076361e-02	
44.000000	48.000000	128.304140	5.041228	5.166606e-01	2.918497e-02	4.262058e+02	3.388530e-02	
44.000000	52.000000	140.827485	4.670157	6.382069e-01	3.193678e-02	4.255143e+02	4.340032e-02	
44.000000	56.000000	153.305748	7.575495	5.845308e-01	2.687771e-02	4.233542e+02	3.926951e-02	
44.000000	60.000000	153.305399	8.796555	6.100420e-01	2.809474e-02	4.184022e+02	4.116748e-02	
48.000000	0.000000	139.118226	936.585660	6.163155e-01	3.082650e-02	4.099293e+02	4.036483e-02	
48.000000	4.000000	134.545595	9.860491	5.947729e-01	2.570556e-02	4.237618e+02	4.360185e-02	
48.000000	8.000000	134.555556	10.349770	5.024144e-01	2.901847e-02	4.231002e+02	3.229931e-02	
48.000000	12.000000	134.587834	8.437992	6.554854e-01	3.421419e-02	4.228852e+02	4.377745e-02	
48.000000	16.000000	134.555400	7.455107	6.741658e-01	3.091975e-02	4.226873e+02	4.492444e-02	
48.000000	20.000000	134.562234	6.765353	7.016478e-01	3.542224e-02	4.228898e+02	4.746861e-02	
48.000000	24.000000	132.977237	8.513175	5.721652e-01	2.687264e-02	4.233397e+02	3.832894e-02	
48.000000	28.000000	128.292273	7.462480	6.445160e-01	3.161087e-02	4.238900e+02	4.366840e-02	
48.000000	32.000000	128.295874	7.828015	5.972767e-01	2.883019e-02	4.248777e+02	4.022956e-02	
48.000000	36.000000	128.298570	4.982567	6.267872e-01	3.455628e-02	4.254365e+02	4.190942e-02	
48.000000	40.000000	128.301989	5.372417	6.305071e-01	2.794189e-02	4.255743e+02	4.203367e-02	
48.000000	44.000000	127.943472	6.236495	6.035673e-01	3.245908e-02	4.258575e+02	3.999715e-02	
48.000000	48.000000	134.551357	6.600400	5.676093e-01	2.960153e-02	4.259666e+02	3.677535e-02	
48.000000	52.000000	142.082698	6.374011	6.321699e-01	3.492873e-02	4.254208e+02	4.263503e-02	
48.000000	56.000000	159.555957	6.291090	5.969496e-01	2.952372e-02	4.239128e+02	3.933604e-02	
48.000000	60.000000	163.781614	1047.396180	6.724265e-01	3.651703e-02	4.194156e+02	4.539830e-02	
52.000000	0.000000	147.052862	8.173908	6.233869e-01	2.593001e-02	4.122986e+02	4.590639e-02	
52.000000	4.000000	140.805436	9.221345	7.266270e-01	4.472458e-02	4.226300e+02	5.299981e-02	
52.000000	8.000000	140.804972	9.907134	6.121051e-01	3.260817e-02	4.219208e+02	4.100694e-02	
52.000000	12.000000	140.802325	10.627184	6.277236e-01	2.747923e-02	4.216050e+02	4.224799e-02	
52.000000	16.000000	140.799567	9.701935	6.245140e-01	3.709288e-02	4.218017e+02	4.303054e-02	
52.000000	20.000000	140.808456	9.868977	6.546775e-01	3.242054e-02	4.219384e+02	4.421659e-02	
52.000000	24.000000	139.071314	695.579040	6.161071e-01	3.420613e-02	4.223199e+02	4.265186e-02	
52.000000	28.000000	134.557486	7.551083	6.148879e-01	3.053302e-02	4.234937e+02	4.160998e-02	
52.000000	32.000000	134.558297	5.119692	6.179212e-01	2.909175e-02	4.241782e+02	4.153873e-02	
52.000000	36.000000	134.550382	4.599082	6.879367e-01	2.781361e-02	4.246162e+02	4.617074e-02	
52.000000	40.000000	133.690779	4.657669	6.790280e-01	3.387245e-02	4.250531e+02	4.553347e-02	
52.000000	44.000000	134.550755	9.963870	6.270258e-01	3.043825e-02	4.253461e+02	4.190776e-02	
52.000000	48.000000	140.837222	4.600651	6.304739e-01	3.197333e-02	4.255227e+02	4.277498e-02	
52.000000	52.000000	147.051996	6.570795	6.068987e-01	2.565358e-02	4.252736e+02	4.377592e-02	
52.000000	56.000000	164.773956	8.254844	6.364109e-01	3.067219e-02	4.236687e+02	4.243140e-02	
52.000000	60.000000	177.423513	11.782148	6.419101e-01	3.467494e-02	4.199936e+02	4.620986e-02	
56.000000	0.000000	160.844741	909.133659	6.033449e-01	3.076413e-02	4.140215e+02	3.965250e-02	
56.000000	4.000000	153.302037	10.360550	6.149124e-01	2.997443e-02	4.213265e+02	4.106137e-02	
56.000000	8.000000	153.305227	13.637261	6.447272e-01	3.297514e-02	4.205798e+02	4.337988e-02	
56.000000	12.000000	153.293455	12.387574	6.387972e-01	3.262378e-02	4.204672e+02	4.349352e-02	
56.000000	16.000000	153.305108	11.573041	6.505335e-01	3.317555e-02	4.204539e+02	4.329707e-02	
56.000000	20.000000	153.301979	9.241590	6.665179e-01	2.587358e-02	4.205227e+02	4.431694e-02	
56.000000	24.000000	148.297685	115.554760	5.553174e-01	2.779377e-02	4.212925e+02	3.702364e-02	
56.000000	28.000000	147.058873	7.942089	5.934634e-01	3.005341e-02	4.220553e+02	3.872529e-02	
56.000000	32.000000	142.705000	13.018896	6.153247e-01	3.126440e-02	4.230741e+02	4.394062e-02	
56.000000	36.000000	140.801930	8.740594	6.142445e-01	3.278241e-02	4.235245e+02	4.159661e-02	
56.000000	40.000000	140.795846	6.645859	5.934767e-01	3.175556e-02	4.240330e+02	4.212320e-02	
56.000000	44.000000	142.147609	11.004970	6.003682e-01	2.549329e-02	4.242754e+02	4.222608e-02	
56.000000	48.000000	147.047342	11.487847	5.544258e-01	2.632352e-02	4.247272e+02	3.715085e-02	
56.000000	52.000000	154.163540	10.533732	6.844984e-01	4.067983e-02	4.242426e+02	4.679799e-02	
56.000000	56.000000	172.053613	6.809700	6.649989e-01	2.894811e-02	4.233420e+02	4.491635e-02	
56.000000	60.000000	194.380820	11.332649	6.852145e-01	4.104122e-02	4.206994e+02	4.567230e-02	
60.000000	0.000000	182.807732	9.681503	6.772546e-01	2.958158e-02	4.155275e+02	4.680932e-02	
60.000000	4.000000	185.447205	732.799171	5.988680e-01	3.792417e-02	4.191493e+02	4.247997e-02	
60.000000	8.000000	185.842808	206.237965	6.764988e-01	4.165183e-02	4.185444e+02	4.758423e-02	
60.000000	12.000000	185.027914	21.001137	6.510183e-01	3.239012e-02	4.178979e+02	4.295705e-02	
60.000000	16.000000	184.551955	26.926078	6.241650e-01	2.602896e-02	4.182981e+02	4.620756e-02	
60.000000	20.000000	182.895308	36.039516	6.388281e-01	3.312077e-02	4.180551e+02	4.279926e-02	
60.000000	24.000000	178.957181	35.774342	5.980850e-01	2.923386e-02	4.188917e+02	4.118483e-02	
60.000000	28.000000	173.299388	18.789914	6.708917e-01	3.545692e-02	4.203240e+02	4.501477e-02	
60.000000	32.000000	170.392469	35.288896	6.246399e-01	3.414714e-02	4.213954e+02	4.316750e-02	
60.000000	36.000000	166.460044	24.251800	7.499034e-01	4.161567e-02	4.220353e+02	5.215368e-02	
60.000000	40.000000	164.074893	243.892482	6.536415e-01	2.618092e-02	4.223940e+02	4.524258e-02	
60.000000	44.000000	164.131841	805.761804	7.343988e-01	3.464886e-02	4.228169e+02	4.885268e-02	
60.000000	48.000000	165.797234	22.084303	6.400821e-01	3.477381e-02	4.235940e+02	4.384498e-02	
60.000000	52.000000	172.054884	15.959374	5.674803e-01	2.585284e-02	4.237659e+02	3.862344e-02	
60.000000	56.000000	185.392811	9.126882	5.859561e-01	2.824251e-02	4.232307e+02	3.880887e-02	
60.000000	60.000000	214.060186	719.435667	5.612792e-01	3.004818e-02	4.211373e+02	3.654560e-02	
0.000000	0.000000	226.706572	624.329236	5.787229e-01	2.741694e-02	4.174365e+02	3.910887e-02	
