0.000000	4.000000	134.545825	5.654619	5.338276e-01	2.897166e-02	4.361043e+02	3.932180e-02	
0.000000	8.000000	134.587211	5.999639	6.275066e-01	2.636077e-02	4.356528e+02	4.335155e-02	
0.000000	12.000000	134.551931	7.556692	5.742160e-01	2.734668e-02	4.354389e+02	3.933579e-02	
0.000000	16.000000	134.550853	9.245454	5.741498e-01	2.732243e-02	4.355026e+02	3.902188e-02	
0.000000	20.000000	134.551892	4.621375	5.834113e-01	2.900463e-02	4.354442e+02	3.948380e-02	
0.000000	24.000000	128.963156	4.817572	5.597323e-01	3.056842e-02	4.360817e+02	3.631680e-02	
0.000000	28.000000	128.285762	4.357240	5.736933e-01	2.831639e-02	4.363553e+02	3.910489e-02	
0.000000	32.000000	128.300025	3.507401	5.701587e-01	2.906544e-02	4.366957e+02	3.875424e-02	
0.000000	36.000000	129.807635	3.877274	5.510311e-01	2.715799e-02	4.366842e+02	3.694059e-02	
0.000000	40.000000	134.553644	2.268419	5.407146e-01	2.870920e-02	4.370897e+02	3.509626e-02	
0.000000	44.000000	140.768731	3.647975	5.697080e-01	2.665691e-02	4.365633e+02	3.850498e-02	
0.000000	48.000000	153.305482	5.456684	5.478052e-01	2.467911e-02	4.354196e+02	3.760970e-02	
0.000000	52.000000	165.802247	6.589311	5.869767e-01	2.863114e-02	4.315374e+02	4.012696e-02	
0.000000	56.000000	153.300224	6.056241	5.717518e-01	2.811159e-02	4.241987e+02	3.766016e-02	
0.000000	60.000000	140.805664	8.048372	5.662443e-01	2.939618e-02	4.177197e+02	3.849003e-02	
4.000000	0.000000	134.548249	6.262370	6.281689e-01	3.058736e-02	4.188923e+02	4.399558e-02	
4.000000	4.000000	138.499525	1051.407369	5.331110e-01	2.950735e-02	4.358033e+02	3.482362e-02	
4.000000	8.000000	136.243765	1011.595779	5.543658e-01	2.722624e-02	4.353168e+02	3.775637e-02	
4.000000	12.000000	134.994221	73.890562	5.538758e-01	2.572959e-02	4.353653e+02	3.740926e-02	
4.000000	16.000000	134.553200	5.768253	5.403775e-01	2.596159e-02	4.352585e+02	3.602330e-02	
4.000000	20.000000	134.556870	10.297191	5.895687e-01	2.966909e-02	4.353915e+02	3.965394e-02	
4.000000	24.000000	133.458687	3.743781	5.206089e-01	3.057252e-02	4.359826e+02	3.363692e-02	
4.000000	28.000000	129.576187	4.911669	5.740013e-01	2.891686e-02	4.363275e+02	3.908142e-02	
4.000000	32.000000	129.014080	4.132101	5.753343e-01	2.724878e-02	4.364673e+02	3.934274e-02	
4.000000	36.000000	132.946202	3.465213	5.418216e-01	2.386557e-02	4.364522e+02	3.742859e-02	
4.000000	40.000000	134.504798	3.421768	5.736591e-01	3.550042e-02	4.368540e+02	3.942594e-02	
4.000000	44.000000	140.799704	2.528290	5.439320e-01	2.391372e-02	4.365000e+02	3.757453e-02	
4.000000	48.000000	154.531058	8.125312	5.789739e-01	2.825355e-02	4.356028e+02	3.953104e-02	
4.000000	52.000000	170.985937	6.159233	5.652291e-01	3.283794e-02	4.321682e+02	3.768745e-02	
4.000000	56.000000	157.798981	6.039008	5.538055e-01	2.810933e-02	4.252600e+02	3.669206e-02	
4.000000	60.000000	140.826997	7.404257	5.900272e-01	3.089605e-02	4.177145e+02	3.923599e-02	
8.000000	0.000000	139.052328	258.195166	5.957656e-01	2.569062e-02	4.187065e+02	4.081606e-02	
8.000000	4.000000	140.808654	6.039081	5.920704e-01	3.097059e-02	4.356729e+02	4.047944e-02	
8.000000	8.000000	140.801892	6.014326	4.633635e-01	3.256332e-02	4.351196e+02	2.879603e-02	
8.000000	12.000000	140.799729	5.929654	5.726064e-01	2.860775e-02	4.347391e+02	3.792770e-02	
8.000000	16.000000	138.996885	830.688658	6.200085e-01	2.989392e-02	4.348600e+02	4.111306e-02	
8.000000	20.000000	134.555421	4.771979	5.676287e-01	2.913824e-02	4.352942e+02	3.862669e-02	
8.000000	24.000000	134.551944	4.491684	5.355998e-01	2.597138e-02	4.356988e+02	3.649883e-02	
8.000000	28.000000	134.504978	3.306515	5.310724e-01	2.862031e-02	4.362241e+02	3.493873e-02	
8.000000	32.000000	134.504885	3.073478	5.567849e-01	3.151052e-02	4.360583e+02	4.153737e-02	
8.000000	36.000000	134.504973	2.533795	5.756620e-01	2.684106e-02	4.363812e+02	3.865878e-02	
8.000000	40.000000	134.555683	2.309012	5.723237e-01	2.684668e-02	4.364906e+02	3.915490e-02	
8.000000	44.000000	143.022083	1.324945	5.929660e-01	2.967731e-02	4.364249e+02	4.063261e-02	
8.000000	48.000000	157.638946	17.581100	5.496755e-01	2.900367e-02	4.352527e+02	3.644003e-02	
8.000000	52.000000	172.051672	5.454542	5.867626e-01	2.877481e-02	4.324437e+02	4.019334e-02	
8.000000	56.000000	159.549970	6.435726	5.795133e-01	2.997072e-02	4.259070e+02	3.772276e-02	
8.000000	60.000000	147.052005	5.998595	5.547195e-01	2.620545e-02	4.178288e+02	3.896951e-02	
12.000000	0.000000	140.807772	6.296987	5.842509e-01	2.799345e-02	4.184696e+02	3.945083e-02	
12.000000	4.000000	140.804157	6.917200	6.005430e-01	3.023117e-02	4.355047e+02	4.110122e-02	
12.000000	8.000000	140.806496	8.199130	6.591949e-01	4.435090e-02	4.348255e+02	4.946403e-02	
12.000000	12.000000	140.804593	13.250628	5.696390e-01	3.046073e-02	4.347428e+02	3.872208e-02	
12.000000	16.000000	140.801362	8.006634	5.573801e-01	2.822109e-02	4.347479e+02	3.678801e-02	
12.000000	20.000000	139.156027	88.228955	5.959982e-01	3.396865e-02	4.351391e+02	4.038163e-02	
12.000000	24.000000	134.556612	4.873100	5.994159e-01	2.658887e-02	4.356607e+02	4.055046e-02	
12.000000	28.000000	134.552851	6.198999	5.599355e-01	2.926462e-02	4.360973e+02	3.614283e-02	
12.000000	32.000000	134.554935	3.610401	5.512998e-01	2.586530e-02	4.361983e+02	3.724477e-02	
12.000000	36.000000	134.559576	4.532230	5.404520e-01	2.472350e-02	4.363736e+02	3.675519e-02	
12.000000	40.000000	139.101231	45.108950	5.775453e-01	2.728324e-02	4.364271e+02	3.900888e-02	
12.000000	44.000000	147.053958	2.675857	6.138733e-01	3.081121e-02	4.364878e+02	4.149716e-02	
12.000000	48.000000	158.561486	4.372089	6.215197e-01	3.505140e-02	4.356894e+02	4.309979e-02	
12.000000	52.000000	175.534459	1161.348831	6.536103e-01	4.324154e-02	4.328149e+02	4.852876e-02	
12.000000	56.000000	165.799538	10.574741	6.169540e-01	3.398336e-02	4.266453e+02	4.227977e-02	
12.000000	60.000000	147.050659	6.655499	5.819246e-01	2.778476e-02	4.181435e+02	3.998124e-02	
16.000000	0.000000	140.802058	7.025236	5.964538e-01	3.170659e-02	4.186581e+02	4.062498e-02	
16.000000	4.000000	145.627838	7.131623	5.707791e-01	2.692661e-02	4.354436e+02	3.911573e-02	
16.000000	8.000000	145.325065	12.689509	5.362546e-01	3.076909e-02	4.349051e+02	4.241959e-02	
16.000000	12.000000	142.944219	16.402018	5.175041e-01	2.967137e-02	4.348672e+02	3.300853e-02	
16.000000	16.000000	141.198869	7.428108	5.975972e-01	3.126996e-02	4.346545e+02	4.091339e-02	
16.000000	20.000000	140.798998	16.909110	5.944642e-01	3.329698e-02	4.347550e+02	4.068451e-02	
16.000000	24.000000	139.132058	228.105110	6.144156e-01	2.922274e-02	4.351916e+02	4.080375e-02	
16.000000	28.000000	134.551021	4.508146	5.816141e-01	2.769050e-02	4.358458e+02	3.946342e-02	
16.000000	32.000000	134.579664	3.937311	5.851880e-01	2.793934e-02	4.357909e+02	3.882388e-02	
16.000000	36.000000	135.795328	3.925985	5.379866e-01	2.861570e-02	4.361792e+02	3.490850e-02	
16.000000	40.000000	140.800082	3.485398	5.734787e-01	2.996848e-02	4.361847e+02	3.755565e-02	
16.000000	44.000000	147.074109	3.876025	5.579374e-01	2.604810e-02	4.362970e+02	3.735021e-02	
16.000000	48.000000	159.552290	5.024394	5.513444e-01	2.642320e-02	4.356641e+02	3.755446e-02	
16.000000	52.000000	178.304599	9.174903	5.513196e-01	3.141300e-02	4.330348e+02	3.648380e-02	
16.000000	56.000000	172.050025	6.000714	5.628908e-01	2.649118e-02	4.276031e+02	3.846098e-02	
16.000000	60.000000	153.308971	7.422603	6.005911e-01	2.947470e-02	4.186924e+02	4.000411e-02	
20.000000	0.000000	147.055392	6.236054	5.914195e-01	3.021392e-02	4.181236e+02	3.870216e-02	
20.000000	4.000000	147.048136	12.805438	5.909971e-01	3.160138e-02	4.351123e+02	3.903662e-02	
20.000000	8.000000	147.087222	13.505326	5.648158e-01	2.630748e-02	4.344552e+02	3.837720e-02	
20.000000	12.000000	147.055775	7.126960	6.481565e-01	2.895391e-02	4.344375e+02	4.483200e-02	
20.000000	16.000000	146.228632	5.085549	6.138748e-01	2.939397e-02	4.345477e+02	4.136975e-02	
20.000000	20.000000	142.036253	6.658886	5.957174e-01	3.103227e-02	4.346503e+02	4.084813e-02	
20.000000	24.000000	140.798799	8.149370	5.282533e-01	2.710608e-02	4.351420e+02	3.535186e-02	
20.000000	28.000000	139.587627	5.041823	5.850013e-01	2.867252e-02	4.354644e+02	3.973376e-02	
20.000000	32.000000	138.596556	88.026654	6.032570e-01	2.773444e-02	4.357780e+02	4.054211e-02	
20.000000	36.000000	140.811871	3.546478	5.414672e-01	2.904084e-02	4.359304e+02	3.570897e-02	
20.000000	40.000000	140.784356	4.538970	5.264444e-01	2.335219e-02	4.363793e+02	3.644876e-02	
20.000000	44.000000	147.050137	4.825037	5.640053e-01	2.667191e-02	4.363965e+02	3.861457e-02	
20.000000	48.000000	159.547699	15.161566	5.532873e-01	2.704687e-02	4.356825e+02	3.760627e-02	
20.000000	52.000000	178.289059	6.662526	5.352640e-01	2.459549e-02	4.333542e+02	3.637393e-02	
20.000000	56.000000	173.825132	1077.544782	6.214967e-01	3.327922e-02	4.285569e+02	4.283071e-02	
20.000000	60.000000	159.552162	6.833579	5.808190e-01	2.848656e-02	4.197566e+02	3.842447e-02	
24.000000	0.000000	147.739065	7.189512	5.724981e-01	2.741008e-02	4.184065e+02	3.910131e-02	
24.000000	4.000000	148.718379	706.289434	5.771271e-01	2.990829e-02	4.349979e+02	3.750563e-02	
24.000000	8.000000	148.415767	209.860992	6.296282e-01	2.922429e-02	4.344412e+02	4.267960e-02	
24.000000	12.000000	147.797086	114.346529	6.041994e-01	2.767554e-02	4.342181e+02	4.074562e-02	
24.000000	16.000000	147.048366	8.587095	5.510247e-01	2.587373e-02	4.342924e+02	3.679875e-02	
24.000000	20.000000	147.087222	5.192384	5.652869e-01	2.630025e-02	4.344391e+02	3.867809e-02	
24.000000	24.000000	141.445556	5.508286	5.534552e-01	3.035623e-02	4.349798e+02	3.691833e-02	
24.000000	28.000000	140.801062	158.517611	5.675475e-01	2.560119e-02	4.352264e+02	3.882482e-02	
24.000000	32.000000	140.802667	5.503066	6.382725e-01	2.742104e-02	4.356111e+02	4.441396e-02	
24.000000	36.000000	140.800753	72.433262	5.803712e-01	2.985660e-02	4.359113e+02	3.776879e-02	
24.000000	40.000000	142.653444	27.991324	5.780837e-01	2.889622e-02	4.360907e+02	3.828531e-02	
24.000000	44.000000	147.867245	87.593284	5.854318e-01	2.987669e-02	4.360400e+02	3.800031e-02	
24.000000	48.000000	159.552141	6.640184	5.116153e-01	2.220977e-02	4.356232e+02	3.579340e-02	
24.000000	52.000000	178.938969	10.918981	6.246399e-01	3.414679e-02	4.336046e+02	4.316667e-02	
24.000000	56.000000	178.946599	14.321231	5.609916e-01	2.967668e-02	4.292536e+02	3.793294e-02	
24.000000	60.000000	164.847566	551.471620	6.013126e-01	3.043823e-02	4.205449e+02	4.080703e-02	
28.000000	0.000000	153.305334	8.698256	5.716674e-01	2.627929e-02	4.178121e+02	4.205341e-02	
28.000000	4.000000	153.300015	20.840461	5.935637e-01	2.941670e-02	4.345047e+02	4.068330e-02	
28.000000	8.000000	153.302177	10.675535	5.827369e-01	3.525789e-02	4.338803e+02	4.042350e-02	
28.000000	12.000000	153.306151	9.609033	5.525030e-01	2.590964e-02	4.337295e+02	3.683821e-02	
28.000000	16.000000	151.577297	77.612488	5.175401e-01	2.986478e-02	4.339153e+02	3.260505e-02	
28.000000	20.000000	147.321628	6.992517	5.371558e-01	2.570456e-02	4.343152e+02	3.667419e-02	
28.000000	24.000000	147.059219	4.456921	5.805162e-01	2.758689e-02	4.348405e+02	3.904240e-02	
28.000000	28.000000	142.454596	7.001709	5.551233e-01	2.596462e-02	4.352656e+02	3.710504e-02	
28.000000	32.000000	141.603143	4.008998	5.217025e-01	2.441535e-02	4.353146e+02	3.541133e-02	
28.000000	36.000000	142.134606	7.358235	5.507487e-01	2.713346e-02	4.356927e+02	3.747683e-02	
28.000000	40.000000	147.051723	3.280456	5.475968e-01	2.832033e-02	4.361086e+02	3.565178e-02	
28.000000	44.000000	152.553238	4.010850	5.338890e-01	3.191562e-02	4.359781e+02	3.729797e-02	
28.000000	48.000000	162.533423	1048.399000	6.149760e-01	3.220573e-02	4.355095e+02	4.228820e-02	
28.000000	52.000000	182.981126	9.996766	5.598385e-01	3.181196e-02	4.339769e+02	3.784380e-02	
28.000000	56.000000	185.144535	229.599923	5.499667e-01	3.386936e-02	4.298592e+02	3.683233e-02	
28.000000	60.000000	168.930798	9.292638	5.461508e-01	2.589816e-02	4.217350e+02	3.637246e-02	
32.000000	0.000000	157.837648	7.287308	5.778975e-01	2.567879e-02	4.177335e+02	3.923589e-02	
32.000000	4.000000	156.020157	33.770461	5.636119e-01	2.899929e-02	4.342849e+02	3.830196e-02	
32.000000	8.000000	155.469825	24.511693	5.419775e-01	2.636213e-02	4.336935e+02	3.691386e-02	
32.000000	12.000000	154.552579	11.881768	5.764927e-01	2.826918e-02	4.335922e+02	3.918142e-02	
32.000000	16.000000	153.305366	10.786757	6.212035e-01	3.701012e-02	4.337623e+02	4.371847e-02	
32.000000	20.000000	153.295404	7.380488	5.710223e-01	3.151587e-02	4.340013e+02	3.896006e-02	
32.000000	24.000000	147.864334	76.407870	5.850605e-01	3.032247e-02	4.346539e+02	3.986685e-02	
32.000000	28.000000	147.055905	6.294353	4.794358e-01	2.822105e-02	4.351780e+02	3.116721e-02	
32.000000	32.000000	147.054599	4.054531	5.804752e-01	2.823613e-02	4.355404e+02	3.946347e-02	
32.000000	36.000000	147.054673	4.616935	6.250441e-01	2.758339e-02	4.356117e+02	4.270160e-02	
32.000000	40.000000	147.057152	4.885060	5.822079e-01	3.118493e-02	4.360433e+02	3.857200e-02	
32.000000	44.000000	153.301880	128.118936	5.816611e-01	2.899139e-02	4.361170e+02	4.225924e-02	
32.000000	48.000000	165.007603	5.113008	6.043306e-01	3.566877e-02	4.357869e+02	4.206440e-02	
32.000000	52.000000	184.542711	7.612271	6.099703e-01	2.561597e-02	4.342837e+02	4.372502e-02	
32.000000	56.000000	192.006902	12.021053	5.913036e-01	2.851091e-02	4.304387e+02	3.956587e-02	
32.000000	60.000000	176.541094	962.583056	5.560113e-01	3.283424e-02	4.228839e+02	5.062523e-02	
36.000000	0.000000	159.536747	6.878777	6.058442e-01	3.206372e-02	4.176408e+02	4.157019e-02	
36.000000	4.000000	159.540248	15.970812	5.629933e-01	3.194985e-02	4.340651e+02	4.329859e-02	
36.000000	8.000000	159.550014	18.144332	6.083335e-01	3.143059e-02	4.334360e+02	4.134207e-02	
36.000000	12.000000	159.553955	16.023488	5.646541e-01	2.756863e-02	4.333640e+02	3.795206e-02	
36.000000	16.000000	158.447994	10.125524	5.312694e-01	2.314455e-02	4.334229e+02	3.683607e-02	
36.000000	20.000000	154.949070	21.056951	5.530863e-01	2.514561e-02	4.335174e+02	3.780911e-02	
36.000000	24.000000	153.304703	7.680003	5.278795e-01	3.194673e-02	4.341235e+02	3.415834e-02	
36.000000	28.000000	148.825112	823.422556	5.740976e-01	2.847332e-02	4.347615e+02	3.792444e-02	
36.000000	32.000000	147.710017	4.851419	5.917787e-01	3.102494e-02	4.350516e+02	3.899725e-02	
36.000000	36.000000	147.914295	315.176558	5.799376e-01	2.946872e-02	4.353321e+02	3.953102e-02	
36.000000	40.000000	151.443922	4.379093	5.618767e-01	3.052322e-02	4.357658e+02	3.804362e-02	
36.000000	44.000000	156.004848	45.569288	5.572614e-01	2.810494e-02	4.360736e+02	3.499639e-02	
36.000000	48.000000	165.796019	7.962723	5.358191e-01	2.511925e-02	4.356664e+02	3.670303e-02	
36.000000	52.000000	184.552649	10.905236	5.685760e-01	2.684053e-02	4.345752e+02	3.895332e-02	
36.000000	56.000000	201.561531	712.699542	6.032634e-01	3.619695e-02	4.308023e+02	4.219256e-02	
36.000000	60.000000	184.551967	9.300867	5.760456e-01	2.779906e-02	4.241407e+02	3.905514e-02	
40.000000	0.000000	165.805386	7.430067	5.223859e-01	2.992774e-02	4.170336e+02	3.341249e-02	
40.000000	4.000000	165.805036	25.025614	5.964326e-01	3.027380e-02	4.334056e+02	4.013578e-02	
40.000000	8.000000	164.780463	25.383656	5.459756e-01	2.951458e-02	4.329469e+02	3.497201e-02	
40.000000	12.000000	164.106022	121.949155	5.683105e-01	2.598213e-02	4.327092e+02	3.803090e-02	
40.000000	16.000000	163.736274	149.664404	6.243350e-01	3.874630e-02	4.328019e+02	4.459188e-02	
40.000000	20.000000	160.414246	14.831305	5.714889e-01	3.218215e-02	4.332393e+02	3.821200e-02	
40.000000	24.000000	157.806611	7.069029	5.712762e-01	2.576968e-02	4.337352e+02	3.853798e-02	
40.000000	28.000000	153.285292	9.269006	5.901834e-01	2.982762e-02	4.343827e+02	4.041760e-02	
40.000000	32.000000	153.295259	6.696642	5.463496e-01	2.595944e-02	4.347823e+02	3.642057e-02	
40.000000	36.000000	153.313390	7.368499	5.190848e-01	2.987447e-02	4.349205e+02	3.684927e-02	
40.000000	40.000000	153.337222	5.194089	6.003972e-01	2.906848e-02	4.352905e+02	3.986251e-02	
40.000000	44.000000	159.557897	7.323078	5.171361e-01	2.581540e-02	4.357583e+02	3.435971e-02	
40.000000	48.000000	170.275313	174.149088	5.484510e-01	2.509727e-02	4.356042e+02	3.766826e-02	
40.000000	52.000000	186.057957	958.403572	5.759383e-01	2.810644e-02	4.345784e+02	3.922590e-02	
40.000000	56.000000	209.555914	13.268438	6.234956e-01	3.574493e-02	4.317049e+02	4.347235e-02	
40.000000	60.000000	190.804184	8.807287	5.911303e-01	2.764261e-02	4.253955e+02	3.977165e-02	
44.000000	0.000000	172.054281	6.951894	5.882328e-01	3.255972e-02	4.171464e+02	3.914569e-02	
44.000000	4.000000	172.051952	19.396981	5.239463e-01	2.698341e-02	4.331652e+02	3.451016e-02	
44.000000	8.000000	170.838634	17.293558	5.618664e-01	2.925128e-02	4.322710e+02	3.813131e-02	
44.000000	12.000000	170.453757	14.407621	5.586770e-01	2.607758e-02	4.322785e+02	3.744979e-02	
44.000000	16.000000	169.824697	29.054536	5.855627e-01	2.753947e-02	4.321728e+02	3.937929e-02	
44.000000	20.000000	166.327084	24.132464	6.192024e-01	3.178815e-02	4.325360e+02	4.204059e-02	
44.000000	24.000000	161.880584	1020.436651	6.111522e-01	3.941815e-02	4.331429e+02	4.399476e-02	
44.000000	28.000000	159.554928	5.719637	5.486193e-01	2.630086e-02	4.338347e+02	3.801171e-02	
44.000000	32.000000	157.803067	5.313269	5.405578e-01	2.611197e-02	4.342079e+02	3.591539e-02	
44.000000	36.000000	158.302423	5.431633	5.371571e-01	2.391596e-02	4.346000e+02	3.698372e-02	
44.000000	40.000000	158.737522	5.867527	5.709085e-01	2.894551e-02	4.350816e+02	3.747884e-02	
44.000000	44.000000	163.800919	110.200369	5.525593e-01	2.574311e-02	4.356620e+02	3.711266e-02	
44.000000	48.000000	172.048470	11.010010	5.326077e-01	2.316564e-02	4.355674e+02	3.692659e-02	
44.000000	52.000000	190.790631	6.931640	6.317906e-01	2.838804e-02	4.344155e+02	4.314268e-02	
44.000000	56.000000	215.838189	10.091043	5.540788e-01	2.809443e-02	4.318741e+02	3.622526e-02	
44.000000	60.000000	203.295806	10.786045	6.287822e-01	3.511387e-02	4.263664e+02	4.361282e-02	
48.000000	0.000000	184.550013	7.227765	5.803668e-01	3.219932e-02	4.177618e+02	3.965402e-02	
48.000000	4.000000	180.548697	41.619861	5.498398e-01	3.018207e-02	4.321175e+02	4.490960e-02	
48.000000	8.000000	179.580324	28.216103	5.802577e-01	2.791229e-02	4.315379e+02	3.890139e-02	
48.000000	12.000000	179.602866	29.796507	5.629102e-01	2.621566e-02	4.314203e+02	3.850422e-02	
48.000000	16.000000	177.268552	28.439284	5.241250e-01	2.248022e-02	4.314596e+02	3.644520e-02	
48.000000	20.000000	174.023619	990.009495	5.721078e-01	3.168497e-02	4.318258e+02	3.784256e-02	
48.000000	24.000000	170.335858	10.372295	6.041570e-01	3.074075e-02	4.324719e+02	4.137076e-02	
48.000000	28.000000	166.329259	34.106837	5.652624e-01	2.932300e-02	4.331188e+02	3.662164e-02	
48.000000	32.000000	164.085855	172.435877	6.100844e-01	3.232842e-02	4.336222e+02	4.189103e-02	
48.000000	36.000000	164.179028	5.075690	5.624086e-01	2.795560e-02	4.341299e+02	3.727556e-02	
48.000000	40.000000	164.274562	453.307266	6.179434e-01	3.095270e-02	4.344922e+02	4.177864e-02	
48.000000	44.000000	169.088618	6.720291	5.324013e-01	2.872493e-02	4.352207e+02	3.491871e-02	
48.000000	48.000000	177.212124	6.525426	5.411986e-01	2.637464e-02	4.351697e+02	3.659087e-02	
48.000000	52.000000	195.309995	18.633692	6.003966e-01	3.022260e-02	4.345141e+02	4.109039e-02	
48.000000	56.000000	222.055746	12.017935	5.975194e-01	3.073370e-02	4.325966e+02	4.057532e-02	
48.000000	60.000000	220.120740	12.165921	6.045455e-01	2.606312e-02	4.276995e+02	4.175409e-02	
52.000000	0.000000	197.054767	9.839211	5.917871e-01	3.079283e-02	4.198483e+02	3.881606e-02	
52.000000	4.000000	194.726363	41.795017	6.194459e-01	3.313558e-02	4.314242e+02	4.268498e-02	
52.000000	8.000000	192.969844	33.255759	5.585701e-01	2.968000e-02	4.309876e+02	3.600464e-02	
52.000000	12.000000	192.090971	23.937730	6.210412e-01	2.827265e-02	4.307525e+02	4.206216e-02	
52.000000	16.000000	189.930651	28.730210	6.002788e-01	3.565380e-02	4.307970e+02	4.181524e-02	
52.000000	20.000000	185.800277	767.812097	5.930347e-01	3.011156e-02	4.310595e+02	3.868502e-02	
52.000000	24.000000	181.395938	59.980667	5.614948e-01	2.836080e-02	4.319030e+02	3.831108e-02	
52.000000	28.000000	176.642472	175.439455	6.398183e-01	2.821516e-02	4.325862e+02	4.411872e-02	
52.000000	32.000000	173.224831	690.959146	6.073376e-01	2.945175e-02	4.333088e+02	4.039571e-02	
52.000000	36.000000	172.059654	41.438590	5.949529e-01	3.171970e-02	4.337002e+02	3.951138e-02	
52.000000	40.000000	172.532093	29.595928	5.479780e-01	2.562152e-02	4.343322e+02	3.689906e-02	
52.000000	44.000000	176.320084	117.037362	5.871605e-01	2.766354e-02	4.346168e+02	3.920751e-02	
52.000000	48.000000	183.665707	7.546243	5.602246e-01	3.300080e-02	4.351717e+02	3.778972e-02	
52.000000	52.000000	198.388078	622.223357	6.220987e-01	3.051188e-02	4.348313e+02	4.111601e-02	
52.000000	56.000000	228.337490	16.848332	5.670699e-01	3.237714e-02	4.330494e+02	3.836047e-02	
52.000000	60.000000	239.909336	11.802904	5.903717e-01	2.566345e-02	4.287649e+02	4.275385e-02	
56.000000	0.000000	216.195194	9.257915	5.853018e-01	2.910635e-02	4.218499e+02	3.830249e-02	
56.000000	4.000000	220.120863	59.048560	6.259970e-01	3.388566e-02	4.303825e+02	4.207836e-02	
56.000000	8.000000	217.944214	59.733111	5.812552e-01	2.578293e-02	4.297845e+02	4.207694e-02	
56.000000	12.000000	216.701230	48.402759	6.352373e-01	3.527971e-02	4.295622e+02	4.398483e-02	
56.000000	16.000000	214.159960	268.849897	5.664073e-01	2.625841e-02	4.298181e+02	4.111744e-02	
56.000000	20.000000	210.858489	101.676435	5.605583e-01	2.602431e-02	4.301838e+02	3.948489e-02	
56.000000	24.000000	202.187636	14.670102	5.894276e-01	3.032635e-02	4.309252e+02	4.196772e-02	
56.000000	28.000000	195.358406	23.753013	5.949621e-01	2.548195e-02	4.317268e+02	4.136980e-02	
56.000000	32.000000	191.552683	33.495664	5.484510e-01	2.509649e-02	4.323958e+02	3.766751e-02	
56.000000	36.000000	188.331089	203.674504	5.769992e-01	3.106983e-02	4.327384e+02	3.934032e-02	
56.000000	40.000000	185.714093	717.815072	5.513361e-01	2.544640e-02	4.336088e+02	3.782336e-02	
56.000000	44.000000	188.507500	165.519388	5.950364e-01	3.016948e-02	4.339767e+02	3.872777e-02	
56.000000	48.000000	195.332004	7.508470	5.846499e-01	2.938887e-02	4.346354e+02	3.990942e-02	
56.000000	52.000000	209.555635	6.781065	6.299325e-01	3.454050e-02	4.344332e+02	4.354234e-02	
56.000000	56.000000	235.094326	11.136913	5.976574e-01	2.863192e-02	4.332627e+02	3.972156e-02	
56.000000	60.000000	272.087222	12.147888	5.311947e-01	3.119313e-02	4.300253e+02	3.446894e-02	
60.000000	0.000000	247.055112	17.943299	5.595747e-01	2.825585e-02	4.241800e+02	3.664031e-02	
60.000000	4.000000	348.381217	722.132636	5.892879e-01	3.857307e-02	4.298853e+02	4.177958e-02	
60.000000	8.000000	342.055142	263.521589	5.684371e-01	3.292165e-02	4.291379e+02	3.800409e-02	
60.000000	12.000000	338.711045	784.038437	6.269256e-01	3.347822e-02	4.289844e+02	4.475172e-02	
60.000000	16.000000	331.022944	276.291114	5.514924e-01	2.829804e-02	4.291407e+02	3.592004e-02	
60.000000	20.000000	317.221480	245.399230	6.038162e-01	3.055362e-02	4.293823e+02	4.041906e-02	
60.000000	24.000000	296.051084	720.733944	5.687654e-01	2.657043e-02	4.304671e+02	3.900521e-02	
60.000000	28.000000	274.362580	830.544756	6.256303e-01	3.184421e-02	4.314636e+02	4.163085e-02	
60.000000	32.000000	259.840466	289.081498	5.998745e-01	3.220972e-02	4.323165e+02	4.123094e-02	
60.000000	36.000000	245.204815	265.416461	6.071507e-01	3.093310e-02	4.326089e+02	4.075410e-02	
60.000000	40.000000	231.936630	125.486572	5.600862e-01	3.065836e-02	4.330261e+02	3.819201e-02	
60.000000	44.000000	221.838976	554.442892	5.547304e-01	2.500038e-02	4.335047e+02	3.816983e-02	
60.000000	48.000000	220.757118	64.951974	6.111516e-01	2.952634e-02	4.338134e+02	4.043769e-02	
60.000000	52.000000	231.052273	68.554351	5.517734e-01	2.958789e-02	4.339133e+02	3.551926e-02	
60.000000	56.000000	254.520861	24.681934	5.904675e-01	3.018975e-02	4.331252e+02	3.855792e-02	
60.000000	60.000000	302.339473	28.043797	6.410267e-01	3.271970e-02	4.306793e+02	4.283065e-02	
0.000000	0.000000	315.799650	27.969583	6.138477e-01	3.113424e-02	4.263817e+02	4.115579e-02	
