0.000000	4.000000	134.555358	4.913159	5.384890e-01	3.026192e-02	4.470879e+02	3.445865e-02	
0.000000	8.000000	134.553663	2.580355	5.126600e-01	3.301036e-02	4.471225e+02	3.314478e-02	
0.000000	12.000000	129.114892	3.044056	5.609411e-01	2.628811e-02	4.474011e+02	3.842999e-02	
0.000000	16.000000	128.300951	34.688342	5.998090e-01	3.252796e-02	4.476976e+02	4.125350e-02	
0.000000	20.000000	128.304651	2.147595	5.364035e-01	2.701354e-02	4.478598e+02	3.687129e-02	
0.000000	24.000000	128.298950	1.648925	5.379237e-01	2.919655e-02	4.477836e+02	3.599411e-02	
0.000000	28.000000	127.416394	1.699703	5.463960e-01	3.009682e-02	4.479451e+02	3.785304e-02	
0.000000	32.000000	128.301900	1.573105	5.408055e-01	3.001603e-02	4.480796e+02	3.457290e-02	
0.000000	36.000000	128.302198	113.344081	5.919711e-01	3.570879e-02	4.481773e+02	4.107005e-02	
0.000000	40.000000	129.143762	36.691542	5.239463e-01	2.698340e-02	4.481652e+02	3.451013e-02	
0.000000	44.000000	135.031122	120.496831	5.325948e-01	2.507999e-02	4.483117e+02	3.592344e-02	
0.000000	48.000000	147.053805	2.609869	5.282428e-01	2.635678e-02	4.477833e+02	3.496109e-02	
0.000000	52.000000	160.884833	681.684512	6.625678e-01	3.939213e-02	4.454609e+02	4.636814e-02	
0.000000	56.000000	159.552349	2.953090	5.967051e-01	3.145342e-02	4.403605e+02	4.009962e-02	
0.000000	60.000000	147.045137	5.390249	5.388947e-01	3.029673e-02	4.331576e+02	3.490852e-02	
4.000000	0.000000	140.803243	4.236861	5.998090e-01	3.252796e-02	4.286976e+02	4.125353e-02	
4.000000	4.000000	134.556006	3.060984	4.793749e-01	3.377772e-02	4.470876e+02	2.947712e-02	
4.000000	8.000000	134.551359	5.198602	5.804659e-01	3.128379e-02	4.469482e+02	4.197270e-02	
4.000000	12.000000	133.766203	1.824862	5.977495e-01	2.994006e-02	4.475000e+02	4.098564e-02	
4.000000	16.000000	128.304869	2.513226	6.099190e-01	3.551889e-02	4.477604e+02	4.251512e-02	
4.000000	20.000000	128.308862	18.768411	5.616500e-01	2.972731e-02	4.479202e+02	4.011427e-02	
4.000000	24.000000	128.300962	103.597043	5.196196e-01	4.019732e-02	4.479573e+02	4.860144e-02	
4.000000	28.000000	128.303686	2.448847	5.495401e-01	4.089100e-02	4.479597e+02	3.837116e-02	
4.000000	32.000000	128.297660	182.235001	5.327530e-01	2.935988e-02	4.480565e+02	3.459550e-02	
4.000000	36.000000	128.302000	1.653937	5.597390e-01	2.723369e-02	4.483364e+02	3.810000e-02	
4.000000	40.000000	133.716537	1.272891	5.258482e-01	2.647553e-02	4.482632e+02	3.564374e-02	
4.000000	44.000000	139.213746	361.080570	5.182990e-01	2.747227e-02	4.481435e+02	3.399969e-02	
4.000000	48.000000	147.055852	2.022689	5.830290e-01	2.593602e-02	4.477070e+02	3.940758e-02	
4.000000	52.000000	164.584781	5.253970	5.463430e-01	2.411170e-02	4.454858e+02	3.761764e-02	
4.000000	56.000000	163.461263	1139.019618	5.480735e-01	2.966276e-02	4.410061e+02	3.499543e-02	
4.000000	60.000000	153.305469	4.972755	5.009236e-01	3.282640e-02	4.340979e+02	3.160966e-02	
8.000000	0.000000	140.795157	4.230482	5.986321e-01	3.311833e-02	4.287258e+02	4.122765e-02	
8.000000	4.000000	137.824505	76.528239	6.062709e-01	2.961333e-02	4.466876e+02	4.041290e-02	
8.000000	8.000000	134.546006	3.480056	6.072019e-01	2.566872e-02	4.467328e+02	4.432515e-02	
8.000000	12.000000	134.547362	4.326322	5.287597e-01	3.164382e-02	4.470340e+02	3.441854e-02	
8.000000	16.000000	132.798981	37.234934	5.722857e-01	2.841616e-02	4.473453e+02	3.907244e-02	
8.000000	20.000000	128.308601	2.528646	6.001113e-01	3.050222e-02	4.475749e+02	4.107415e-02	
8.000000	24.000000	128.304164	1.934431	5.387060e-01	2.501430e-02	4.476380e+02	3.699919e-02	
8.000000	28.000000	128.305748	1.696779	5.736397e-01	2.620210e-02	4.476865e+02	3.840625e-02	
8.000000	32.000000	128.307900	1.700246	5.849717e-01	2.887242e-02	4.478936e+02	3.889894e-02	
8.000000	36.000000	129.689805	44.783709	5.420052e-01	3.320371e-02	4.480215e+02	3.757944e-02	
8.000000	40.000000	134.557353	1.997936	5.383116e-01	2.447383e-02	4.483719e+02	3.694024e-02	
8.000000	44.000000	140.805607	1.689278	5.415084e-01	2.893085e-02	4.480736e+02	3.557312e-02	
8.000000	48.000000	147.046021	2.520965	5.646946e-01	3.028945e-02	4.477520e+02	3.830228e-02	
8.000000	52.000000	165.791804	12.207417	5.772998e-01	2.747935e-02	4.455141e+02	3.956306e-02	
8.000000	56.000000	165.799936	3.322554	6.292543e-01	2.769291e-02	4.413937e+02	4.311067e-02	
8.000000	60.000000	153.295662	7.340842	5.686995e-01	3.457016e-02	4.348441e+02	3.880564e-02	
12.000000	0.000000	146.105900	4.696555	6.002275e-01	3.334537e-02	4.287297e+02	4.129917e-02	
12.000000	4.000000	140.815008	4.407265	5.658569e-01	2.774805e-02	4.463634e+02	3.810148e-02	
12.000000	8.000000	139.210310	86.287221	5.745657e-01	2.637756e-02	4.463007e+02	3.845587e-02	
12.000000	12.000000	134.551337	2.659678	5.431840e-01	2.912144e-02	4.467709e+02	3.654457e-02	
12.000000	16.000000	134.546191	2.552382	5.652291e-01	3.283797e-02	4.471682e+02	3.768747e-02	
12.000000	20.000000	133.659928	28.780544	5.632465e-01	2.943482e-02	4.472674e+02	3.814520e-02	
12.000000	24.000000	129.803619	54.240997	5.392967e-01	2.645851e-02	4.472933e+02	3.659265e-02	
12.000000	28.000000	129.682405	3.450800	5.776412e-01	2.858411e-02	4.473828e+02	3.880766e-02	
12.000000	32.000000	130.575657	27.876900	5.474282e-01	2.765029e-02	4.477205e+02	3.712217e-02	
12.000000	36.000000	134.577015	1.724885	5.798462e-01	3.814353e-02	4.478926e+02	4.071768e-02	
12.000000	40.000000	134.545186	7.497237	5.271312e-01	2.914940e-02	4.481437e+02	3.379959e-02	
12.000000	44.000000	140.802128	20.835505	5.347685e-01	2.882955e-02	4.478427e+02	3.450189e-02	
12.000000	48.000000	147.901320	54.479011	5.530701e-01	2.551715e-02	4.475701e+02	3.790561e-02	
12.000000	52.000000	165.803805	5.148819	5.749114e-01	2.852341e-02	4.456453e+02	3.927518e-02	
12.000000	56.000000	172.055644	4.853423	6.135319e-01	3.211602e-02	4.420718e+02	4.077949e-02	
12.000000	60.000000	159.554617	7.804411	5.517674e-01	2.686727e-02	4.356787e+02	3.760393e-02	
16.000000	0.000000	147.059251	4.860716	5.243055e-01	3.230822e-02	4.290473e+02	3.419264e-02	
16.000000	4.000000	140.801925	4.229586	5.768020e-01	2.771035e-02	4.461794e+02	3.816153e-02	
16.000000	8.000000	140.795153	4.785196	5.917787e-01	3.102495e-02	4.460516e+02	3.899726e-02	
16.000000	12.000000	139.060194	57.782402	6.552205e-01	2.835913e-02	4.464244e+02	4.612445e-02	
16.000000	16.000000	134.549002	2.304806	5.638419e-01	2.956818e-02	4.471257e+02	3.661775e-02	
16.000000	20.000000	134.545160	3.642877	5.725321e-01	3.026911e-02	4.472106e+02	3.774010e-02	
16.000000	24.000000	134.554096	2.006792	5.802180e-01	2.846342e-02	4.473968e+02	3.970381e-02	
16.000000	28.000000	134.551908	1.989189	5.304334e-01	2.354394e-02	4.473851e+02	3.658759e-02	
16.000000	32.000000	134.558616	2.199372	5.957256e-01	2.904973e-02	4.477153e+02	3.960101e-02	
16.000000	36.000000	134.557908	18.452269	5.737675e-01	2.548369e-02	4.477744e+02	3.978555e-02	
16.000000	40.000000	135.090664	2.601775	5.340298e-01	3.058491e-02	4.480126e+02	3.444515e-02	
16.000000	44.000000	140.798275	2.074217	5.326330e-01	2.947343e-02	4.479475e+02	3.469776e-02	
16.000000	48.000000	153.302089	2.135165	5.346066e-01	2.307964e-02	4.475383e+02	3.699592e-02	
16.000000	52.000000	165.806060	8.857328	5.972827e-01	2.953535e-02	4.458655e+02	4.553423e-02	
16.000000	56.000000	173.724055	1065.458653	5.775247e-01	2.748646e-02	4.425306e+02	3.913733e-02	
16.000000	60.000000	165.806005	4.841010	5.730534e-01	2.800126e-02	4.363692e+02	3.908285e-02	
20.000000	0.000000	153.300014	5.463987	5.497958e-01	2.568151e-02	4.293677e+02	3.765803e-02	
20.000000	4.000000	145.311120	29.666835	5.863672e-01	2.991616e-02	4.460296e+02	3.821565e-02	
20.000000	8.000000	141.327799	4.531164	6.149720e-01	2.986178e-02	4.458705e+02	4.078078e-02	
20.000000	12.000000	140.793492	4.302315	5.100592e-01	3.270304e-02	4.461271e+02	3.284811e-02	
20.000000	16.000000	139.104205	812.562861	6.000796e-01	3.141080e-02	4.466452e+02	4.110562e-02	
20.000000	20.000000	134.546600	2.450807	5.859919e-01	3.083851e-02	4.471414e+02	3.847490e-02	
20.000000	24.000000	134.553996	27.706608	5.672688e-01	2.829721e-02	4.473031e+02	3.775034e-02	
20.000000	28.000000	134.541754	18.790021	5.839069e-01	2.935431e-02	4.471571e+02	3.826152e-02	
20.000000	32.000000	134.556006	22.118545	5.799050e-01	2.816164e-02	4.474202e+02	3.970298e-02	
20.000000	36.000000	134.550018	2.298152	6.015132e-01	3.013392e-02	4.476510e+02	4.022106e-02	
20.000000	40.000000	140.044755	343.676773	5.998822e-01	3.490992e-02	4.477780e+02	4.161650e-02	
20.000000	44.000000	142.002958	45.883598	6.107445e-01	3.755607e-02	4.478168e+02	4.312978e-02	
20.000000	48.000000	153.352377	3.018171	5.725714e-01	2.699146e-02	4.475257e+02	3.878028e-02	
20.000000	52.000000	165.812449	4.970061	5.430436e-01	2.673517e-02	4.461501e+02	3.773076e-02	
20.000000	56.000000	178.302061	3.294030	5.670576e-01	3.113711e-02	4.429677e+02	3.974225e-02	
20.000000	60.000000	167.253277	7.705525	5.232494e-01	2.490784e-02	4.372925e+02	3.520118e-02	
24.000000	0.000000	154.592367	11.714562	6.203411e-01	2.863259e-02	4.302799e+02	4.158955e-02	
24.000000	4.000000	147.059112	11.651492	6.182922e-01	2.784798e-02	4.457873e+02	4.335452e-02	
24.000000	8.000000	147.050929	3.916670	5.951122e-01	3.083820e-02	4.456160e+02	4.053219e-02	
24.000000	12.000000	141.329806	4.212005	5.837805e-01	3.016706e-02	4.459318e+02	4.095654e-02	
24.000000	16.000000	140.802027	3.985583	6.316343e-01	3.298534e-02	4.465509e+02	4.304802e-02	
24.000000	20.000000	139.192842	76.801196	5.634024e-01	2.562305e-02	4.467899e+02	3.867885e-02	
24.000000	24.000000	135.842367	57.784291	5.377800e-01	2.871421e-02	4.471072e+02	3.456631e-02	
24.000000	28.000000	135.332165	3.082894	5.358967e-01	2.681895e-02	4.471481e+02	3.642372e-02	
24.000000	32.000000	135.792280	4.282716	5.798025e-01	2.977613e-02	4.473574e+02	3.892266e-02	
24.000000	36.000000	139.189804	32.787292	5.921733e-01	3.112607e-02	4.472987e+02	3.953055e-02	
24.000000	40.000000	140.825282	3.203516	5.863026e-01	2.859772e-02	4.475467e+02	4.007730e-02	
24.000000	44.000000	147.047734	2.112519	5.937079e-01	2.646485e-02	4.476655e+02	3.997409e-02	
24.000000	48.000000	153.310216	168.562003	5.318584e-01	3.116423e-02	4.471788e+02	3.485078e-02	
24.000000	52.000000	166.655316	6.343359	5.778009e-01	2.889379e-02	4.461014e+02	3.803267e-02	
24.000000	56.000000	184.545146	7.255343	5.907791e-01	2.925991e-02	4.438619e+02	3.906401e-02	
24.000000	60.000000	172.050732	7.566663	5.549501e-01	2.610099e-02	4.383727e+02	3.798725e-02	
28.000000	0.000000	159.550029	4.364277	5.719480e-01	2.710821e-02	4.315702e+02	3.909314e-02	
28.000000	4.000000	148.881852	846.091910	6.515164e-01	4.035615e-02	4.457332e+02	4.658177e-02	
28.000000	8.000000	147.050571	3.574479	6.092553e-01	2.911376e-02	4.457097e+02	4.061840e-02	
28.000000	12.000000	147.055411	3.524758	4.857188e-01	3.703132e-02	4.460065e+02	3.373888e-02	
28.000000	16.000000	142.066763	3.969629	6.143500e-01	3.123954e-02	4.463915e+02	4.113374e-02	
28.000000	20.000000	140.805591	206.749283	5.890110e-01	3.081344e-02	4.466821e+02	4.023598e-02	
28.000000	24.000000	140.794244	3.006607	6.055589e-01	2.893532e-02	4.467189e+02	4.033353e-02	
28.000000	28.000000	140.808295	2.630595	5.716674e-01	2.627960e-02	4.468121e+02	4.205391e-02	
28.000000	32.000000	140.810241	2.329458	4.956018e-01	3.152065e-02	4.469734e+02	3.050179e-02	
28.000000	36.000000	140.797491	2.832599	5.651928e-01	2.636728e-02	4.473987e+02	3.819169e-02	
28.000000	40.000000	140.791054	2.568690	5.850500e-01	3.536956e-02	4.478310e+02	4.038653e-02	
28.000000	44.000000	147.050154	4.562876	5.253152e-01	3.016630e-02	4.479159e+02	3.876801e-02	
28.000000	48.000000	153.297608	3.673128	5.939615e-01	2.947642e-02	4.475260e+02	4.027922e-02	
28.000000	52.000000	170.905280	5.550372	5.873015e-01	2.922457e-02	4.463972e+02	4.012351e-02	
28.000000	56.000000	185.134773	327.783381	5.416132e-01	3.003032e-02	4.440779e+02	3.470079e-02	
28.000000	60.000000	178.305417	4.614809	5.931642e-01	4.092927e-02	4.389201e+02	4.321718e-02	
32.000000	0.000000	165.803805	6.191891	5.790373e-01	2.561897e-02	4.322627e+02	3.944102e-02	
32.000000	4.000000	153.308932	22.980943	5.562069e-01	3.426131e-02	4.450029e+02	4.106857e-02	
32.000000	8.000000	152.435334	4.861027	5.697083e-01	3.333562e-02	4.450815e+02	3.875937e-02	
32.000000	12.000000	147.605593	4.437100	6.140086e-01	2.700018e-02	4.456251e+02	4.134197e-02	
32.000000	16.000000	147.052078	4.223339	5.586025e-01	2.965110e-02	4.460166e+02	3.597222e-02	
32.000000	20.000000	145.012063	65.326168	5.832356e-01	2.976268e-02	4.463608e+02	3.964307e-02	
32.000000	24.000000	141.122039	4.042664	5.988289e-01	3.059657e-02	4.464060e+02	4.107061e-02	
32.000000	28.000000	140.800191	3.194908	6.741998e-01	4.335890e-02	4.467082e+02	4.876635e-02	
32.000000	32.000000	140.801185	2.726264	5.671729e-01	2.776871e-02	4.468513e+02	3.747720e-02	
32.000000	36.000000	141.134262	3.471979	5.578190e-01	3.089971e-02	4.472222e+02	3.698219e-02	
32.000000	40.000000	146.423189	2.226162	6.852753e-01	4.401006e-02	4.476304e+02	4.908571e-02	
32.000000	44.000000	147.449760	3.521495	5.885257e-01	3.192333e-02	4.477250e+02	4.032048e-02	
32.000000	48.000000	158.344683	25.807149	5.577310e-01	2.600207e-02	4.477208e+02	3.730741e-02	
32.000000	52.000000	172.055154	4.970435	5.880896e-01	2.986683e-02	4.466066e+02	4.003308e-02	
32.000000	56.000000	190.794135	10.549128	5.445583e-01	2.884104e-02	4.442856e+02	3.670574e-02	
32.000000	60.000000	185.791252	631.694703	5.716403e-01	2.646784e-02	4.398161e+02	4.250749e-02	
36.000000	0.000000	172.044071	6.091029	5.769992e-01	3.106983e-02	4.337384e+02	3.934031e-02	
36.000000	4.000000	157.806772	0.240970	6.096164e-01	3.344815e-02	4.446843e+02	4.208184e-02	
36.000000	8.000000	154.600770	5.388865	6.196379e-01	3.478447e-02	4.446853e+02	4.299690e-02	
36.000000	12.000000	153.309888	7.326292	4.897158e-01	3.217431e-02	4.451210e+02	3.068778e-02	
36.000000	16.000000	148.315047	83.921023	6.210249e-01	3.740742e-02	4.457828e+02	4.365322e-02	
36.000000	20.000000	147.063674	0.456984	5.628717e-01	3.155737e-02	4.461425e+02	3.704911e-02	
36.000000	24.000000	147.060987	3.577077	5.905482e-01	2.687875e-02	4.463557e+02	3.962943e-02	
36.000000	28.000000	146.053075	3.191384	6.406278e-01	3.085939e-02	4.464830e+02	4.369992e-02	
36.000000	32.000000	147.056006	2.516490	5.835701e-01	2.950070e-02	4.466453e+02	3.990869e-02	
36.000000	36.000000	147.044214	3.229368	5.485703e-01	2.910006e-02	4.469279e+02	3.703483e-02	
36.000000	40.000000	147.055596	135.008470	5.818926e-01	2.793653e-02	4.474385e+02	3.896265e-02	
36.000000	44.000000	153.299674	3.000755	6.105739e-01	3.111960e-02	4.475356e+02	4.141868e-02	
36.000000	48.000000	159.551989	5.692125	6.258687e-01	3.432152e-02	4.476214e+02	4.279616e-02	
36.000000	52.000000	172.050340	3.907334	5.671629e-01	2.952331e-02	4.469647e+02	3.663705e-02	
36.000000	56.000000	190.806105	7.870292	5.811224e-01	2.591695e-02	4.447912e+02	4.263119e-02	
36.000000	60.000000	195.979418	5.401466	6.226882e-01	3.184635e-02	4.407072e+02	4.146266e-02	
40.000000	0.000000	179.180028	12.712387	5.753180e-01	2.987902e-02	4.348198e+02	3.765272e-02	
40.000000	4.000000	160.858930	105.365845	6.188075e-01	2.839737e-02	4.444125e+02	4.188625e-02	
40.000000	8.000000	159.551935	38.971881	6.763728e-01	3.208327e-02	4.443985e+02	4.666244e-02	
40.000000	12.000000	157.234532	215.772814	6.376060e-01	3.056835e-02	4.447412e+02	4.250344e-02	
40.000000	16.000000	153.304419	4.968528	5.708391e-01	2.838095e-02	4.452249e+02	3.763811e-02	
40.000000	20.000000	152.337286	3.164702	5.801979e-01	2.593269e-02	4.457329e+02	3.945615e-02	
40.000000	24.000000	148.440005	37.141006	5.878370e-01	2.812373e-02	4.458592e+02	4.155232e-02	
40.000000	28.000000	147.351268	3.958326	6.094553e-01	3.292006e-02	4.460860e+02	4.096556e-02	
40.000000	32.000000	147.420958	89.524189	6.447272e-01	3.297456e-02	4.464202e+02	4.337885e-02	
40.000000	36.000000	147.464425	68.091603	6.808775e-01	4.327046e-02	4.466393e+02	4.860728e-02	
40.000000	40.000000	151.567540	79.773620	6.033415e-01	3.031400e-02	4.469766e+02	3.945006e-02	
40.000000	44.000000	153.295970	3.109233	5.733775e-01	2.832319e-02	4.473640e+02	3.846153e-02	
40.000000	48.000000	160.789809	61.335564	5.285431e-01	2.258113e-02	4.474612e+02	3.678644e-02	
40.000000	52.000000	176.262063	61.020676	5.619867e-01	2.788644e-02	4.466820e+02	3.819673e-02	
40.000000	56.000000	195.196492	8.837974	5.666835e-01	3.661050e-02	4.450987e+02	4.052931e-02	
40.000000	60.000000	203.324827	7.080899	5.657594e-01	2.633045e-02	4.413713e+02	3.803047e-02	
44.000000	0.000000	190.795265	7.708646	5.831155e-01	3.265875e-02	4.357667e+02	3.991779e-02	
44.000000	4.000000	167.095950	6.134634	6.471468e-01	3.798359e-02	4.436451e+02	4.536965e-02	
44.000000	8.000000	165.801539	41.233934	6.135607e-01	2.663545e-02	4.433522e+02	4.181530e-02	
44.000000	12.000000	160.881774	63.377621	5.783398e-01	2.543501e-02	4.442352e+02	4.014772e-02	
44.000000	16.000000	158.710923	5.985494	5.938956e-01	2.812509e-02	4.448011e+02	4.983137e-02	
44.000000	20.000000	154.757196	79.461324	5.639293e-01	3.177062e-02	4.452341e+02	3.768777e-02	
44.000000	24.000000	153.303419	4.050654	5.947658e-01	2.932473e-02	4.453028e+02	3.959252e-02	
44.000000	28.000000	153.303430	204.489767	5.751465e-01	2.738614e-02	4.455517e+02	3.940444e-02	
44.000000	32.000000	153.298261	197.997284	6.257618e-01	3.734109e-02	4.457535e+02	4.411394e-02	
44.000000	36.000000	153.305468	205.996361	5.869495e-01	2.571344e-02	4.462816e+02	4.002166e-02	
44.000000	40.000000	153.304466	3.828620	6.012458e-01	2.748005e-02	4.466212e+02	4.050810e-02	
44.000000	44.000000	159.552246	3.668685	5.468689e-01	2.607101e-02	4.471808e+02	3.706816e-02	
44.000000	48.000000	165.798908	4.988390	6.172156e-01	3.550716e-02	4.471500e+02	4.231673e-02	
44.000000	52.000000	178.308280	96.464087	6.405341e-01	2.835725e-02	4.467438e+02	4.534335e-02	
44.000000	56.000000	197.051902	11.701353	6.504577e-01	3.071370e-02	4.454808e+02	4.470944e-02	
44.000000	60.000000	215.803782	6.639693	5.101537e-01	3.039383e-02	4.420466e+02	3.185017e-02	
48.000000	0.000000	201.713828	586.331591	5.440090e-01	3.339345e-02	4.370295e+02	4.097336e-02	
48.000000	4.000000	175.459466	293.551194	6.139428e-01	2.791098e-02	4.428073e+02	4.374614e-02	
48.000000	8.000000	172.572886	6.142921	5.526644e-01	2.840048e-02	4.428664e+02	4.271701e-02	
48.000000	12.000000	169.986299	6.845763	6.070232e-01	3.039918e-02	4.433537e+02	4.059874e-02	
48.000000	16.000000	164.914876	8.328714	5.457400e-01	2.984805e-02	4.440182e+02	3.538611e-02	
48.000000	20.000000	161.619261	182.070114	6.390226e-01	2.873980e-02	4.447124e+02	4.379366e-02	
48.000000	24.000000	159.551910	4.502724	6.503921e-01	3.223123e-02	4.449563e+02	4.309376e-02	
48.000000	28.000000	159.556003	4.805859	5.527640e-01	2.996405e-02	4.452062e+02	3.633307e-02	
48.000000	32.000000	158.688176	34.132902	6.480104e-01	3.458127e-02	4.454622e+02	4.385394e-02	
48.000000	36.000000	158.696958	37.229376	5.883308e-01	2.810093e-02	4.458565e+02	4.147865e-02	
48.000000	40.000000	159.555542	193.662544	5.966351e-01	3.202702e-02	4.463073e+02	4.097037e-02	
48.000000	44.000000	163.911522	133.916795	5.954341e-01	2.636907e-02	4.466693e+02	4.016613e-02	
48.000000	48.000000	170.309237	0.250189	5.330453e-01	3.731077e-02	4.469307e+02	5.004452e-02	
48.000000	52.000000	182.897145	3.596958	5.942285e-01	2.740171e-02	4.466222e+02	3.997362e-02	
48.000000	56.000000	201.909666	69.843622	5.778514e-01	2.592752e-02	4.452875e+02	3.895063e-02	
48.000000	60.000000	223.455386	921.117347	5.552158e-01	2.808504e-02	4.428821e+02	3.649023e-02	
52.000000	0.000000	215.796279	18.325624	5.564889e-01	3.071428e-02	4.382235e+02	3.680329e-02	
52.000000	4.000000	186.185362	898.874693	6.374483e-01	3.246245e-02	4.417595e+02	4.234347e-02	
52.000000	8.000000	184.554325	40.234359	6.384007e-01	3.130759e-02	4.419172e+02	4.247853e-02	
52.000000	12.000000	179.553403	0.006565	5.965991e-01	2.662913e-02	4.423437e+02	4.017132e-02	
52.000000	16.000000	174.834653	118.818402	6.056762e-01	3.011186e-02	4.431373e+02	3.980650e-02	
52.000000	20.000000	172.051889	71.367580	6.246493e-01	3.093368e-02	4.439015e+02	4.381632e-02	
52.000000	24.000000	169.642233	4.441481	5.820488e-01	2.985284e-02	4.442065e+02	3.801010e-02	
52.000000	28.000000	167.173052	5.261893	5.805710e-01	2.766645e-02	4.444553e+02	3.927592e-02	
52.000000	32.000000	166.474495	4.821367	6.213705e-01	2.822892e-02	4.447419e+02	4.212613e-02	
52.000000	36.000000	166.334672	5.291509	5.598207e-01	2.695051e-02	4.453503e+02	3.814752e-02	
52.000000	40.000000	166.175480	4.255295	5.628601e-01	2.913381e-02	4.458570e+02	4.610616e-02	
52.000000	44.000000	170.819972	17.172405	6.103523e-01	3.139395e-02	4.464198e+02	4.098113e-02	
52.000000	48.000000	176.556611	151.825807	5.893586e-01	2.919555e-02	4.465704e+02	4.037219e-02	
52.000000	52.000000	187.959465	95.742227	6.432608e-01	3.639880e-02	4.465623e+02	4.458390e-02	
52.000000	56.000000	204.701012	7.894448	6.581218e-01	4.439567e-02	4.458104e+02	4.886222e-02	
52.000000	60.000000	234.552409	9.103149	6.212863e-01	3.371495e-02	4.436134e+02	4.280823e-02	
56.000000	0.000000	234.549011	9.430602	6.180713e-01	3.272579e-02	4.395426e+02	4.254361e-02	
56.000000	4.000000	207.794808	46.426949	6.218416e-01	3.029032e-02	4.406588e+02	4.150812e-02	
56.000000	8.000000	203.960585	36.411231	6.359832e-01	2.819306e-02	4.405479e+02	4.231751e-02	
56.000000	12.000000	197.754663	102.831570	6.116470e-01	3.375536e-02	4.413288e+02	4.106794e-02	
56.000000	16.000000	192.142291	11.740033	6.062811e-01	3.210139e-02	4.420614e+02	4.051534e-02	
56.000000	20.000000	186.869179	950.562202	6.558532e-01	3.153913e-02	4.428534e+02	4.752835e-02	
56.000000	24.000000	183.459683	64.976725	5.561739e-01	2.823450e-02	4.432556e+02	3.681324e-02	
56.000000	28.000000	182.130739	60.181639	6.147366e-01	2.918690e-02	4.437047e+02	4.105776e-02	
56.000000	32.000000	179.541213	5.996774	6.054866e-01	3.382022e-02	4.440988e+02	4.124066e-02	
56.000000	36.000000	179.061004	6.231355	5.988468e-01	3.042981e-02	4.445843e+02	4.098051e-02	
56.000000	40.000000	178.308759	4.826314	6.539487e-01	3.396733e-02	4.450555e+02	4.398276e-02	
56.000000	44.000000	179.838478	40.381360	6.031829e-01	2.566217e-02	4.457424e+02	4.410400e-02	
56.000000	48.000000	184.550019	22.091921	5.907025e-01	3.550234e-02	4.461808e+02	4.098498e-02	
56.000000	52.000000	197.055932	5.949576	5.575737e-01	2.839458e-02	4.462329e+02	3.675212e-02	
56.000000	56.000000	214.181040	102.940324	5.993576e-01	3.075875e-02	4.456077e+02	4.102539e-02	
56.000000	60.000000	240.801048	28.044371	5.740595e-01	4.020533e-02	4.440940e+02	4.409901e-02	
60.000000	0.000000	264.205807	474.035886	6.180481e-01	2.584977e-02	4.406980e+02	4.439876e-02	
60.000000	4.000000	300.071124	825.019054	6.097880e-01	2.830639e-02	4.391739e+02	4.441669e-02	
60.000000	8.000000	290.933250	435.436475	5.856209e-01	2.761759e-02	4.391756e+02	3.937375e-02	
60.000000	12.000000	276.802294	769.482550	6.177363e-01	3.092575e-02	4.400322e+02	4.112017e-02	
60.000000	16.000000	261.517554	835.922730	6.021681e-01	3.526325e-02	4.412621e+02	4.089344e-02	
60.000000	20.000000	250.151460	821.257411	6.218537e-01	3.047479e-02	4.420866e+02	4.138929e-02	
60.000000	24.000000	242.077454	124.018684	6.040292e-01	2.665850e-02	4.426553e+02	4.095597e-02	
60.000000	28.000000	235.459259	717.319511	5.886845e-01	3.427571e-02	4.430228e+02	4.258855e-02	
60.000000	32.000000	227.862813	202.662299	6.246846e-01	2.985557e-02	4.433229e+02	4.182445e-02	
60.000000	36.000000	220.265655	88.490036	6.577615e-01	2.898298e-02	4.437131e+02	4.717798e-02	
60.000000	40.000000	213.315459	882.593730	6.680906e-01	4.106820e-02	4.441763e+02	4.718762e-02	
60.000000	44.000000	210.333343	30.524779	6.639301e-01	3.292500e-02	4.449032e+02	4.411674e-02	
60.000000	48.000000	210.333952	5.246546	5.858915e-01	2.570415e-02	4.452253e+02	4.241836e-02	
60.000000	52.000000	217.286094	45.763147	5.984072e-01	3.189344e-02	4.452062e+02	3.962102e-02	
60.000000	56.000000	232.919675	6.426413	5.805985e-01	3.437608e-02	4.451676e+02	3.940026e-02	
60.000000	60.000000	259.558987	6.644424	6.103390e-01	3.117393e-02	4.440153e+02	4.040631e-02	
0.000000	0.000000	299.184527	1012.405086	6.205710e-01	2.604411e-02	4.417177e+02	4.670863e-02	
