0.000000	4.000000	126.973507	4.588398	6.334970e-01	2.857286e-02	1.915939e+02	4.292066e-02	
0.000000	8.000000	127.859632	5.322846	5.832953e-01	2.906597e-02	1.908793e+02	4.231162e-02	
0.000000	12.000000	118.327358	4.968357	6.653389e-01	3.507208e-02	1.904635e+02	4.528514e-02	
0.000000	16.000000	146.728957	13.403693	5.695668e-01	3.797924e-02	1.899022e+02	4.185395e-02	
0.000000	20.000000	120.867344	5.267695	6.124620e-01	2.762418e-02	1.906149e+02	4.144250e-02	
0.000000	24.000000	119.884943	4.545739	6.790202e-01	3.452477e-02	1.909667e+02	4.648150e-02	
0.000000	28.000000	127.728773	66.307403	6.372549e-01	3.137025e-02	1.910956e+02	4.213396e-02	
0.000000	32.000000	108.328461	3.675570	6.207884e-01	3.107580e-02	1.909914e+02	4.078169e-02	
0.000000	36.000000	108.347929	3.217781	6.087498e-01	3.473918e-02	1.911206e+02	4.178723e-02	
0.000000	40.000000	122.590254	70.428146	5.953345e-01	3.036654e-02	1.912242e+02	3.932946e-02	
0.000000	44.000000	116.693710	1.783351	6.836673e-01	3.438117e-02	1.913012e+02	4.623251e-02	
0.000000	48.000000	145.262146	3.324807	6.189652e-01	3.081217e-02	1.909459e+02	4.083496e-02	
0.000000	52.000000	157.831423	4.962185	6.654400e-01	3.311447e-02	4.577311e+02	4.455092e-02	
0.000000	56.000000	161.350998	1165.993099	8.131614e-01	4.930126e-02	4.497100e+02	5.675458e-02	
0.000000	60.000000	125.444938	5.494377	6.970009e-01	3.738338e-02	4.450517e+02	4.749270e-02	
4.000000	0.000000	116.023071	5.741096	7.274217e-01	2.748159e-02	4.463626e+02	4.900215e-02	
4.000000	4.000000	122.143869	11.595433	6.503099e-01	2.782106e-02	1.914064e+02	4.583267e-02	
4.000000	8.000000	125.476066	10.900365	6.759658e-01	4.113916e-02	1.906002e+02	4.704892e-02	
4.000000	12.000000	122.143870	7.749866	6.427465e-01	3.085692e-02	1.902671e+02	4.301971e-02	
4.000000	16.000000	120.297371	4.716535	6.362300e-01	3.562826e-02	1.902483e+02	4.257861e-02	
4.000000	20.000000	145.090770	15.366883	2.501283e+02	1.970227e+02	1.626113e+02	1.853338e+02	
4.000000	24.000000	112.545327	10.536273	5.953968e-01	3.136899e-02	1.908287e+02	3.936793e-02	
4.000000	28.000000	141.213375	4.023761	6.942100e-01	3.894043e-02	1.911911e+02	4.690565e-02	
4.000000	32.000000	120.520596	42.933266	6.630991e-01	3.301710e-02	1.904193e+02	4.403565e-02	
4.000000	36.000000	120.902515	112.578842	6.141400e-01	3.157018e-02	1.910890e+02	4.056587e-02	
4.000000	40.000000	139.761709	2.627450	6.778203e-01	3.453180e-02	1.910707e+02	4.513259e-02	
4.000000	44.000000	160.042138	194.118114	6.352655e-01	3.202839e-02	1.909998e+02	4.235133e-02	
4.000000	48.000000	133.651169	5.923369	6.482677e-01	3.109296e-02	1.906341e+02	4.379849e-02	
4.000000	52.000000	152.396447	31.271490	5.981026e-01	2.941128e-02	4.578626e+02	4.535622e-02	
4.000000	56.000000	129.301317	6.382693	7.311114e-01	3.831336e-02	4.500387e+02	5.036413e-02	
4.000000	60.000000	139.240200	8.666185	6.152914e-01	3.279311e-02	4.450255e+02	4.217845e-02	
8.000000	0.000000	139.936428	6.300382	7.413445e-01	3.648019e-02	4.458373e+02	4.913880e-02	
8.000000	4.000000	136.682326	7.825340	8.159752e-01	4.776869e-02	1.910408e+02	5.686246e-02	
8.000000	8.000000	117.802802	6.767839	6.471416e-01	3.141608e-02	1.902143e+02	4.314713e-02	
8.000000	12.000000	143.890618	6.522439	6.713148e-01	3.387250e-02	1.900491e+02	4.604375e-02	
8.000000	16.000000	118.786625	10.852252	6.777783e-01	3.577889e-02	1.900478e+02	4.627837e-02	
8.000000	20.000000	140.806146	5.400107	6.161832e-01	3.246012e-02	1.903203e+02	4.126433e-02	
8.000000	24.000000	128.676823	7.476481	6.306137e-01	2.820011e-02	1.905707e+02	4.218585e-02	
8.000000	28.000000	116.693709	6.776347	6.192706e-01	3.415542e-02	1.910534e+02	4.303601e-02	
8.000000	32.000000	116.168002	3.566576	6.131994e-01	3.079785e-02	1.910151e+02	4.026822e-02	
8.000000	36.000000	119.597341	3.835162	6.301983e-01	3.109230e-02	1.911106e+02	4.185881e-02	
8.000000	40.000000	134.553472	3.294518	6.303531e-01	3.107782e-02	1.911344e+02	4.162699e-02	
8.000000	44.000000	118.786629	1.901155	6.476167e-01	3.086025e-02	1.908126e+02	4.366845e-02	
8.000000	48.000000	157.332158	3.950906	1.431668e+00	1.528445e+02	1.900607e+02	2.225999e+00	
8.000000	52.000000	152.396447	4.710713	6.544903e-01	3.950107e-02	4.581419e+02	4.652873e-02	
8.000000	56.000000	157.903950	8.033570	7.501537e-01	3.187800e-02	4.516263e+02	5.018339e-02	
8.000000	60.000000	128.130435	6.149450	7.682346e-01	4.134867e-02	4.448940e+02	5.503304e-02	
12.000000	0.000000	124.325522	6.100542	7.062741e-01	3.795663e-02	4.460057e+02	4.998482e-02	
12.000000	4.000000	153.323001	167.033778	5.865959e-01	2.717403e-02	1.906683e+02	3.951444e-02	
12.000000	8.000000	151.360061	69.347310	6.078722e-01	2.690402e-02	1.903535e+02	4.133314e-02	
12.000000	12.000000	144.628278	152.386788	6.417171e-01	3.787830e-02	1.898370e+02	4.437536e-02	
12.000000	16.000000	133.676831	626.156198	7.081423e-01	3.755004e-02	1.896822e+02	4.807585e-02	
12.000000	20.000000	125.476066	9.306134	5.921127e-01	3.230435e-02	1.899371e+02	4.501428e-02	
12.000000	24.000000	147.696110	4.295580	6.998359e-01	4.608726e-02	1.904237e+02	5.014985e-02	
12.000000	28.000000	114.994363	4.763712	6.097498e-01	2.815245e-02	1.908221e+02	4.400187e-02	
12.000000	32.000000	134.504800	4.972724	6.714507e-01	2.922409e-02	1.905547e+02	4.707638e-02	
12.000000	36.000000	117.263444	3.937850	6.898796e-01	3.718003e-02	1.910753e+02	4.722926e-02	
12.000000	40.000000	121.196807	3.717224	6.803744e-01	3.429142e-02	1.909779e+02	4.573432e-02	
12.000000	44.000000	120.661366	2.667359	6.800301e-01	3.123553e-02	1.906533e+02	4.512717e-02	
12.000000	48.000000	157.102390	2.846940	3.587314e+01	7.300271e+00	3.251158e+02	1.828744e+00	
12.000000	52.000000	139.889487	10.102792	6.144150e-01	3.448742e-02	4.580867e+02	4.237564e-02	
12.000000	56.000000	134.629325	7.817550	7.542976e-01	4.206690e-02	4.523585e+02	5.227720e-02	
12.000000	60.000000	131.037477	5.713874	6.404755e-01	3.797209e-02	4.450120e+02	4.957402e-02	
16.000000	0.000000	139.902999	8.424088	6.412197e-01	3.020524e-02	4.461835e+02	4.524247e-02	
16.000000	4.000000	131.407154	13.782726	7.362331e-01	4.876377e-02	1.912127e+02	5.249970e-02	
16.000000	8.000000	132.951607	15.913962	6.573989e-01	3.857969e-02	1.903603e+02	4.526105e-02	
16.000000	12.000000	133.733175	9.973320	6.523297e-01	3.250092e-02	1.900241e+02	4.319931e-02	
16.000000	16.000000	153.687255	5.486328	1.773095e+02	1.587240e+02	-2.529264e+01	2.427686e+02	
16.000000	20.000000	140.125150	1000.846204	6.128627e-01	3.032357e-02	1.900905e+02	4.178054e-02	
16.000000	24.000000	118.858564	13.434044	6.429496e-01	3.493791e-02	1.903860e+02	4.331197e-02	
16.000000	28.000000	146.017672	7.519098	6.439416e-01	3.091531e-02	1.907338e+02	4.322746e-02	
16.000000	32.000000	112.569510	4.441718	6.798069e-01	3.159465e-02	1.907787e+02	4.659416e-02	
16.000000	36.000000	101.200316	4.478940	6.706779e-01	3.241855e-02	1.908187e+02	4.499184e-02	
16.000000	40.000000	133.805829	7.380196	6.672311e-01	3.297683e-02	1.910798e+02	4.544987e-02	
16.000000	44.000000	132.313463	3.582970	6.883924e-01	4.503321e-02	1.906569e+02	4.982818e-02	
16.000000	48.000000	136.014925	2.950686	6.647376e-01	3.319435e-02	1.900570e+02	4.402031e-02	
16.000000	52.000000	160.850796	8.120459	5.745472e-01	2.711434e-02	4.586117e+02	3.895294e-02	
16.000000	56.000000	139.889498	5.711106	5.962162e-01	3.079096e-02	4.533543e+02	3.979533e-02	
16.000000	60.000000	136.564933	6.048622	6.832136e-01	3.379420e-02	4.448721e+02	4.565915e-02	
20.000000	0.000000	147.077195	6.628244	6.917088e-01	3.309668e-02	4.461706e+02	4.896556e-02	
20.000000	4.000000	146.229364	17.039259	6.544085e-01	3.616734e-02	1.909085e+02	4.519524e-02	
20.000000	8.000000	139.632994	10.795062	6.836980e-01	3.430573e-02	1.900883e+02	4.547437e-02	
20.000000	12.000000	-178.032864	10.183880	3.053923e+02	2.808377e+02	-4.823681e+02	2.042205e+02	
20.000000	16.000000	153.133273	7.347265	3.064457e+02	2.374050e+02	-2.830552e+02	2.971337e+02	
20.000000	20.000000	150.383567	6.598815	2.500016e+02	1.847004e+02	5.662560e+00	1.928041e+02	
20.000000	24.000000	122.101743	6.151493	7.043552e-01	3.526411e-02	1.901772e+02	4.766945e-02	
20.000000	28.000000	129.546970	4.100111	6.646284e-01	3.166561e-02	1.905129e+02	4.467569e-02	
20.000000	32.000000	144.629772	3.793181	6.176311e-01	3.341685e-02	1.906840e+02	4.117869e-02	
20.000000	36.000000	141.867359	18.527329	6.202909e-01	3.042408e-02	1.908752e+02	4.568547e-02	
20.000000	40.000000	120.992953	3.388842	6.126827e-01	2.900664e-02	1.908310e+02	4.107480e-02	
20.000000	44.000000	138.508796	74.234669	6.212849e-01	3.309404e-02	1.909308e+02	4.677591e-02	
20.000000	48.000000	136.564928	23.538647	6.450203e-01	3.257373e-02	1.902440e+02	4.298618e-02	
20.000000	52.000000	171.742906	9.142663	6.685481e-01	3.472268e-02	4.589217e+02	4.517015e-02	
20.000000	56.000000	150.664794	9.445979	6.736671e-01	3.426781e-02	4.540000e+02	4.446512e-02	
20.000000	60.000000	132.917806	6.796061	6.720139e-01	3.488243e-02	4.450295e+02	4.564394e-02	
24.000000	0.000000	145.010016	8.091855	6.856944e-01	3.666654e-02	4.454946e+02	4.731507e-02	
24.000000	4.000000	138.711065	6.894126	7.352740e-01	3.332123e-02	1.904335e+02	4.869208e-02	
24.000000	8.000000	158.021978	6.862560	3.061971e+02	1.602333e+02	2.367209e+02	2.298721e+02	
24.000000	12.000000	151.390789	6.312924	4.311341e+02	4.176023e+02	6.345667e+01	5.649919e+02	
24.000000	16.000000	176.418686	6.949044	6.574064e-01	3.561069e-02	1.893842e+02	4.461727e-02	
24.000000	20.000000	151.330647	6.720571	3.999781e+02	1.469697e+02	-9.373498e+02	9.452931e+02	
24.000000	24.000000	147.052001	5.721052	6.667900e-01	3.324176e-02	1.899781e+02	4.417907e-02	
24.000000	28.000000	130.581525	5.935332	7.191646e-01	3.227434e-02	1.904855e+02	4.770238e-02	
24.000000	32.000000	129.412204	4.229921	6.305531e-01	3.478318e-02	1.904233e+02	4.370707e-02	
24.000000	36.000000	122.101743	3.651431	6.836059e-01	3.289154e-02	1.902621e+02	4.672041e-02	
24.000000	40.000000	118.848805	0.693782	6.515962e-01	3.247652e-02	1.905212e+02	4.474472e-02	
24.000000	44.000000	151.144792	3.981046	6.456289e-01	3.249478e-02	1.908620e+02	4.280021e-02	
24.000000	48.000000	153.301814	4.619777	6.494241e-01	3.686096e-02	1.901467e+02	4.428831e-02	
24.000000	52.000000	171.904971	8.793483	4.629365e+02	2.339985e+02	3.568493e+02	3.373331e+02	
24.000000	56.000000	188.500207	1081.477405	6.153609e-01	3.605633e-02	4.547343e+02	4.149325e-02	
24.000000	60.000000	146.633203	8.034979	6.707514e-01	4.301897e-02	4.455257e+02	4.593820e-02	
28.000000	0.000000	136.598889	7.217652	7.463619e-01	3.815611e-02	4.458201e+02	4.980664e-02	
28.000000	4.000000	146.591277	97.304226	6.366939e-01	2.725178e-02	1.903797e+02	4.449306e-02	
28.000000	8.000000	133.295945	8.562968	5.813438e-01	2.794353e-02	1.894906e+02	3.983370e-02	
28.000000	12.000000	157.153956	7.604644	3.115096e+02	5.346364e+01	-8.752983e+02	3.454345e+02	
28.000000	16.000000	160.038511	12.967004	1.931368e+00	4.817273e+02	1.894926e+02	1.870814e+00	
28.000000	20.000000	156.905601	6.444470	6.502989e-01	3.058026e-02	1.894617e+02	4.544819e-02	
28.000000	24.000000	157.640130	7.678588	2.494673e+02	1.344539e+02	-2.179569e+02	2.053877e+02	
28.000000	28.000000	154.616347	89.989338	6.666361e-01	3.255328e-02	1.905959e+02	4.555658e-02	
28.000000	32.000000	130.827835	5.740862	5.960850e-01	3.152015e-02	1.904297e+02	4.008065e-02	
28.000000	36.000000	118.786623	5.721331	5.979514e-01	3.011478e-02	1.904622e+02	4.108950e-02	
28.000000	40.000000	140.561981	4.933904	6.378176e-01	3.384839e-02	1.907235e+02	4.265018e-02	
28.000000	44.000000	122.591697	39.838475	6.111526e-01	3.118226e-02	1.909869e+02	4.048986e-02	
28.000000	48.000000	150.707309	1093.073008	6.661763e-01	2.594253e-02	1.904620e+02	4.458929e-02	
28.000000	52.000000	173.187094	8.336493	4.625929e+01	9.923278e+00	3.394714e+02	6.814680e+00	
28.000000	56.000000	177.887680	8.394397	6.520999e-01	3.697651e-02	4.555297e+02	4.456977e-02	
28.000000	60.000000	152.396436	7.806508	8.376975e-01	3.951493e-02	4.464958e+02	5.657251e-02	
32.000000	0.000000	169.511849	6.841121	7.699433e-01	3.556547e-02	4.456164e+02	5.131913e-02	
32.000000	4.000000	136.421552	7.764754	6.462325e-01	2.762726e-02	1.905336e+02	4.293309e-02	
32.000000	8.000000	164.173605	9.640633	3.055699e+02	1.652166e+02	-5.117985e+01	2.534355e+02	
32.000000	12.000000	163.456809	7.802810	4.611529e+02	9.513409e+01	-1.391333e+03	6.079196e+02	
32.000000	16.000000	157.631115	1035.053263	6.288813e-01	3.043157e-02	1.893042e+02	4.333541e-02	
32.000000	20.000000	158.215185	10.247022	5.968908e-01	3.171635e-02	1.890750e+02	4.430191e-02	
32.000000	24.000000	173.992784	5.508311	5.506046e+02	5.020734e+02	-3.212496e+02	6.179190e+02	
32.000000	28.000000	124.043899	20.702099	6.526073e-01	3.036557e-02	1.903445e+02	4.452243e-02	
32.000000	32.000000	157.214555	5.187596	6.737612e-01	3.484049e-02	1.904551e+02	4.616026e-02	
32.000000	36.000000	151.693149	113.908685	6.368208e-01	2.992866e-02	1.903291e+02	4.289632e-02	
32.000000	40.000000	127.509771	4.204805	6.295646e-01	2.737644e-02	1.906191e+02	4.344948e-02	
32.000000	44.000000	146.843323	6.412099	6.444831e-01	3.526700e-02	1.909673e+02	4.843584e-02	
32.000000	48.000000	137.368982	4.076264	6.778694e-01	3.647565e-02	1.903987e+02	4.778624e-02	
32.000000	52.000000	154.289157	9.283416	1.247226e+03	1.028485e+03	3.512060e+03	4.668273e+03	
32.000000	56.000000	174.900576	1168.225108	6.482639e-01	3.753220e-02	4.561076e+02	4.568941e-02	
32.000000	60.000000	156.337809	8.304248	7.430487e-01	3.543343e-02	4.478193e+02	4.928652e-02	
36.000000	0.000000	138.325841	6.146796	6.809456e-01	3.636337e-02	4.452882e+02	4.575892e-02	
36.000000	4.000000	160.660840	27.448077	4.741384e+02	7.250479e+01	-1.442106e+03	4.121731e+02	
36.000000	8.000000	139.498614	10.366165	2.104622e+01	7.313243e-01	3.245818e+02	6.528089e-01	
36.000000	12.000000	154.979683	8.897814	7.808726e+02	3.217254e+02	2.943920e+03	1.957633e+03	
36.000000	16.000000	146.640143	12.056527	1.225046e+03	1.268399e+03	3.810325e+03	4.997445e+03	
36.000000	20.000000	172.884385	8.847140	7.200193e+02	9.319554e+02	2.363081e+03	3.732085e+03	
36.000000	24.000000	157.220934	12.765430	9.602609e+02	5.814734e+02	-4.030685e+02	1.817350e+03	
36.000000	28.000000	156.708142	5.952445	1.772337e+02	1.748232e+02	4.983257e+01	1.530782e+02	
36.000000	32.000000	156.385738	6.528083	3.529176e+02	2.669182e+02	-2.958527e+02	2.982543e+02	
36.000000	36.000000	151.776481	23.131517	6.336910e-01	3.103291e-02	1.901227e+02	4.221760e-02	
36.000000	40.000000	126.611518	6.633436	6.461667e-01	3.821732e-02	1.906441e+02	4.315202e-02	
36.000000	44.000000	115.186250	3.885934	6.579226e-01	3.629469e-02	1.908077e+02	4.435135e-02	
36.000000	48.000000	148.516133	6.546685	6.600611e-01	4.101467e-02	1.907012e+02	4.720003e-02	
36.000000	52.000000	144.406390	92.217854	1.240687e+03	1.045034e+03	-2.320108e+03	8.212473e+02	
36.000000	56.000000	205.085255	6.073793	6.604371e-01	3.217077e-02	4.567580e+02	4.423340e-02	
36.000000	60.000000	154.392694	7.957652	7.443141e-01	3.737638e-02	4.488263e+02	5.334952e-02	
40.000000	0.000000	152.373531	7.270842	7.158314e-01	3.507525e-02	4.447423e+02	4.993109e-02	
40.000000	4.000000	165.457002	10.035552	6.095015e-01	3.384716e-02	1.893467e+02	4.271251e-02	
40.000000	8.000000	165.589095	10.598980	2.138422e+01	5.642018e-01	3.214569e+02	5.915437e-01	
40.000000	12.000000	156.988395	15.984456	2.563664e+01	8.912479e-01	3.244927e+02	6.336611e-01	
40.000000	16.000000	162.059530	14.134697	2.058738e+01	3.281389e-01	3.237695e+02	4.259120e-01	
40.000000	20.000000	159.134931	45.742439	1.320926e+03	1.115412e+03	-3.503392e+02	2.557271e+03	
40.000000	24.000000	163.635089	9.461723	8.642831e+02	8.026489e+02	-2.212605e+03	2.011448e+03	
40.000000	28.000000	152.427953	8.101236	1.781618e+02	1.294441e+02	1.163455e+02	1.285335e+02	
40.000000	32.000000	159.939551	5.202982	6.246478e-01	2.954510e-02	1.896911e+02	4.195396e-02	
40.000000	36.000000	156.873044	5.561232	5.670576e-01	3.113486e-02	1.900323e+02	3.973942e-02	
40.000000	40.000000	135.412926	5.312881	6.842040e-01	3.960829e-02	1.904105e+02	4.637075e-02	
40.000000	44.000000	153.302148	8.087950	6.378360e-01	3.053599e-02	1.904730e+02	4.261377e-02	
40.000000	48.000000	184.145627	29.693918	8.306485e+00	1.794453e+02	1.976384e+02	1.071354e+03	
40.000000	52.000000	183.519905	746.092268	3.684926e+02	1.349861e+02	-8.393900e+02	8.353034e+02	
40.000000	56.000000	175.129762	12.208270	7.229401e-01	3.657513e-02	4.569105e+02	5.020754e-02	
40.000000	60.000000	178.028070	135.313782	7.156105e-01	3.255826e-02	4.503238e+02	4.744606e-02	
44.000000	0.000000	149.141907	6.964517	6.455149e-01	3.687912e-02	4.444682e+02	4.305349e-02	
44.000000	4.000000	174.176619	16.265330	2.036747e+01	3.417836e-01	3.248746e+02	4.013933e-01	
44.000000	8.000000	167.235413	23.466628	3.032035e+01	7.309851e+00	3.211660e+02	1.690294e+00	
44.000000	12.000000	165.625158	20.511223	3.160635e+02	8.429665e+01	1.393246e+03	4.763001e+02	
44.000000	16.000000	165.127526	160.721516	5.475055e-01	2.655498e-02	4.585932e+02	3.949588e-02	
44.000000	20.000000	160.167606	12.155633	6.285115e+02	2.990065e+02	2.486918e+03	1.957715e+03	
44.000000	24.000000	164.741540	7.756449	1.186350e+03	8.380505e+02	1.538955e+03	2.307798e+03	
44.000000	28.000000	158.419191	13.353111	3.052661e+02	1.649388e+02	2.320787e+02	2.295229e+02	
44.000000	32.000000	155.691222	1055.984236	6.059118e-01	2.783485e-02	1.893490e+02	4.219266e-02	
44.000000	36.000000	146.115036	9.560162	6.652915e-01	3.206341e-02	1.898235e+02	4.480127e-02	
44.000000	40.000000	147.415471	8.066513	7.113604e-01	3.652498e-02	1.900336e+02	4.764356e-02	
44.000000	44.000000	142.085056	6.246822	6.748772e-01	3.358630e-02	1.907167e+02	4.537203e-02	
44.000000	48.000000	169.247813	16.497711	6.638035e-01	6.083372e-02	1.898924e+02	6.668867e-02	
44.000000	52.000000	189.070076	14.629248	8.680168e+02	5.743713e+02	-8.551382e+02	2.534919e+03	
44.000000	56.000000	175.657460	11.204025	6.950198e-01	3.508737e-02	4.580487e+02	4.628238e-02	
44.000000	60.000000	168.811914	9.049721	6.799615e-01	3.810597e-02	4.523683e+02	4.606457e-02	
48.000000	0.000000	163.854169	8.769281	6.579492e-01	3.239918e-02	4.440913e+02	4.529000e-02	
48.000000	4.000000	169.728779	156.126855	7.316767e+02	8.246690e+02	2.501917e+03	3.768682e+03	
48.000000	8.000000	148.192297	484.319811	6.287814e-01	3.150614e-02	4.587417e+02	4.244911e-02	
48.000000	12.000000	164.613550	15.894919	3.050725e+02	2.957324e+02	8.588600e+02	2.302843e+02	
48.000000	16.000000	163.527700	21.314041	6.016918e-01	3.066729e-02	4.584809e+02	4.154807e-02	
48.000000	20.000000	168.843789	37.111460	4.321958e+02	1.718123e+02	-8.613155e+01	2.010303e+02	
48.000000	24.000000	166.226307	209.522700	2.488099e+01	7.291693e-01	3.208791e+02	6.039367e-01	
48.000000	28.000000	169.959624	16.649745	1.970417e+01	3.013046e-01	3.244179e+02	4.621852e-01	
48.000000	32.000000	162.559754	115.663470	5.270328e+02	9.397869e+01	-1.479366e+03	4.846802e+02	
48.000000	36.000000	135.854922	11.594500	3.239780e+01	2.288422e+01	3.234344e+02	2.448205e+00	
48.000000	40.000000	155.383656	10.189489	6.532131e-01	3.227981e-02	1.900917e+02	4.326952e-02	
48.000000	44.000000	170.500227	5.638299	6.397936e-01	2.624864e-02	1.903281e+02	4.697971e-02	
48.000000	48.000000	176.065266	6.341401	6.698801e-01	2.555142e-02	1.904447e+02	4.532960e-02	
48.000000	52.000000	195.018989	15.362022	3.783904e+00	3.016980e+02	1.942728e+02	2.888978e+02	
48.000000	56.000000	219.998297	759.028014	6.134432e-01	3.164411e-02	4.581369e+02	4.054722e-02	
48.000000	60.000000	202.555483	760.726069	7.411209e-01	3.598058e-02	4.534039e+02	5.471950e-02	
52.000000	0.000000	191.238289	10.246695	7.353400e-01	3.806572e-02	4.441718e+02	4.984607e-02	
52.000000	4.000000	194.756109	27.606968	3.109417e+00	5.281347e+02	4.586303e+02	2.155065e-01	
52.000000	8.000000	191.086975	31.796237	6.654761e-01	3.347999e-02	4.577743e+02	4.425878e-02	
52.000000	12.000000	193.180177	20.299239	7.155315e-01	2.994928e-02	4.575711e+02	4.852187e-02	
52.000000	16.000000	182.539823	35.990155	6.465061e-01	2.761722e-02	4.575421e+02	4.311239e-02	
52.000000	20.000000	144.892369	32.986325	6.615081e-01	3.501540e-02	4.577434e+02	4.417789e-02	
52.000000	24.000000	165.627156	11.655052	3.541665e+02	1.843135e+02	7.614491e+02	3.117724e+02	
52.000000	28.000000	167.651966	25.113235	5.422842e+01	1.395600e+01	2.948358e+02	1.554837e+01	
52.000000	32.000000	169.514647	219.579811	5.335577e+02	2.816775e+02	2.139821e+03	1.815538e+03	
52.000000	36.000000	166.859520	213.132127	2.268758e+01	1.038099e+00	3.208192e+02	8.407443e-01	
52.000000	40.000000	166.213142	329.583648	5.501103e+02	5.330226e+02	5.851459e+02	4.860846e+02	
52.000000	44.000000	174.227400	77.706725	6.259239e-01	3.026674e-02	1.898453e+02	4.169351e-02	
52.000000	48.000000	181.841920	6.433094	6.586409e-01	3.388216e-02	1.899775e+02	4.466713e-02	
52.000000	52.000000	192.379497	1027.776595	7.772581e+02	7.763128e+02	-1.287949e+03	7.143809e+02	
52.000000	56.000000	217.179584	15.367734	6.516805e-01	2.994253e-02	4.585237e+02	4.365662e-02	
52.000000	60.000000	220.398084	14.797950	7.854183e-01	4.746972e-02	4.539502e+02	5.685998e-02	
56.000000	0.000000	186.604836	11.744357	6.814762e-01	4.121347e-02	4.456805e+02	4.576603e-02	
56.000000	4.000000	204.138132	34.255471	6.412644e-01	3.132917e-02	4.579004e+02	4.409485e-02	
56.000000	8.000000	213.458322	324.028846	6.497378e-01	3.279068e-02	4.570481e+02	4.307705e-02	
56.000000	12.000000	204.981963	886.050265	6.882658e-01	3.046180e-02	4.563731e+02	4.746124e-02	
56.000000	16.000000	195.340928	942.464486	6.456736e-01	3.184245e-02	4.567864e+02	4.282297e-02	
56.000000	20.000000	203.907444	27.230791	6.215309e-01	3.108437e-02	4.569391e+02	4.256044e-02	
56.000000	24.000000	194.872245	748.001614	6.768855e-01	3.911532e-02	4.574538e+02	4.679231e-02	
56.000000	28.000000	184.451153	39.536705	6.169466e-01	3.639894e-02	4.582132e+02	4.192033e-02	
56.000000	32.000000	178.488281	29.126002	6.034224e+02	1.843975e+02	2.307715e+03	1.199285e+03	
56.000000	36.000000	176.000293	280.792887	2.536909e+01	6.635832e-01	3.266893e+02	1.168256e+00	
56.000000	40.000000	175.733291	156.347986	2.634188e+01	1.227963e+00	3.305024e+02	9.209761e-01	
56.000000	44.000000	179.228292	581.068041	3.322574e+02	7.532000e+01	-8.832261e+02	4.785436e+02	
56.000000	48.000000	185.832644	30.950795	3.938110e+02	2.381237e+02	-5.307344e+02	4.068940e+02	
56.000000	52.000000	207.632078	7.969207	8.412911e+02	5.231742e+02	-9.102797e+02	9.826452e+02	
56.000000	56.000000	131.084019	1037.909589	3.036262e+00	2.386422e+02	4.551088e+02	1.146861e+01	
56.000000	60.000000	251.748573	542.867670	6.349890e-01	2.830403e-02	4.555882e+02	4.363599e-02	
60.000000	0.000000	245.586116	13.230402	6.820475e-01	4.021900e-02	4.482317e+02	4.669071e-02	
60.000000	4.000000	268.542104	137.044083	6.849192e-01	2.807037e-02	4.563907e+02	4.573523e-02	
60.000000	8.000000	267.202215	185.711540	6.570234e-01	2.630446e-02	4.555747e+02	4.450438e-02	
60.000000	12.000000	264.981409	697.607220	6.971644e-01	3.848926e-02	4.552862e+02	4.701422e-02	
60.000000	16.000000	-1318.314647	836.233443	6.966622e-01	3.269198e-02	4.552206e+02	4.699413e-02	
60.000000	20.000000	253.413580	185.297041	5.758862e-01	4.101952e-02	4.551487e+02	4.328800e-02	
60.000000	24.000000	240.858072	169.810141	6.756893e-01	3.076174e-02	4.563088e+02	4.512992e-02	
60.000000	28.000000	226.663945	233.460980	6.661770e-01	2.594409e-02	4.575380e+02	4.459197e-02	
60.000000	32.000000	215.123888	78.267624	7.074356e-01	3.581613e-02	4.579215e+02	4.766478e-02	
60.000000	36.000000	-6.518299	129.852052	4.420203e+02	4.217196e+02	-5.371652e+02	5.579233e+03	
60.000000	40.000000	202.465427	54.090613	2.164132e+01	5.471238e-01	3.270938e+02	8.280561e-01	
60.000000	44.000000	204.504535	840.262728	1.325496e+03	1.098197e+03	-1.550725e+03	3.270678e+03	
60.000000	48.000000	203.113432	35.823789	1.001585e+03	9.714010e+02	3.007838e+03	2.869553e+03	
60.000000	52.000000	218.363458	30.555138	1.090331e+03	1.077967e+03	-3.136187e+03	3.855595e+03	
60.000000	56.000000	238.346741	32.201711	4.748818e+00	1.611739e+02	4.541044e+02	6.911712e+01	
60.000000	60.000000	288.696398	21.827778	6.758219e-01	3.344678e-02	4.566594e+02	4.501367e-02	
0.000000	0.000000	296.898046	16.933553	6.613435e-01	3.316122e-02	4.514010e+02	4.384334e-02	
