0.000000	4.000000	103.300554	3.408098	5.563810e-01	3.699083e-02	4.299020e+02	3.796271e-02	
0.000000	8.000000	103.299575	3.003279	5.706511e-01	3.293197e-02	4.291580e+02	3.809825e-02	
0.000000	12.000000	103.312795	2.723300	5.736468e-01	3.278465e-02	4.290715e+02	3.881528e-02	
0.000000	16.000000	103.300197	2.645172	5.217720e-01	3.063267e-02	4.290339e+02	3.296701e-02	
0.000000	20.000000	103.299744	2.389910	5.661392e-01	2.570579e-02	4.292561e+02	3.803708e-02	
0.000000	24.000000	103.299586	27.797158	6.329244e-01	3.645641e-02	4.296773e+02	4.420668e-02	
0.000000	28.000000	103.318573	1.984466	5.169130e-01	3.170973e-02	4.300014e+02	3.384043e-02	
0.000000	32.000000	103.298982	2.103884	5.019843e-01	2.556974e-02	4.302532e+02	3.373608e-02	
0.000000	36.000000	109.551744	1.669075	5.722857e-01	2.841616e-02	4.303453e+02	3.907243e-02	
0.000000	40.000000	113.356068	63.721111	5.481831e-01	2.838179e-02	4.298929e+02	3.580824e-02	
0.000000	44.000000	122.064763	5.059944	5.684668e-01	2.588679e-02	4.287274e+02	3.820016e-02	
0.000000	48.000000	122.046124	3.174221	5.687888e-01	2.974760e-02	4.250000e+02	3.674842e-02	
0.000000	52.000000	109.556301	2.178861	5.234597e-01	3.520060e-02	4.168990e+02	3.423762e-02	
0.000000	56.000000	97.059950	4.459661	5.515500e-01	3.267160e-02	4.040796e+02	3.680669e-02	
0.000000	60.000000	85.070113	5.111455	5.934934e-01	3.153768e-02	3.963122e+02	4.069777e-02	
4.000000	0.000000	84.545680	5.036567	5.043333e-01	3.212261e-02	3.970245e+02	3.196421e-02	
4.000000	4.000000	106.619299	50.589710	5.281297e-01	2.351801e-02	4.296247e+02	3.643479e-02	
4.000000	8.000000	106.619299	27.868032	5.214492e-01	2.800175e-02	4.291100e+02	3.518118e-02	
4.000000	12.000000	105.160638	136.813541	6.068481e-01	4.083509e-02	4.288950e+02	4.437310e-02	
4.000000	16.000000	104.640257	4.397093	5.134465e-01	2.743095e-02	4.288373e+02	3.349437e-02	
4.000000	20.000000	103.295537	3.151680	4.988906e-01	3.411018e-02	4.289744e+02	3.551995e-02	
4.000000	24.000000	103.304119	2.191266	5.449779e-01	2.420294e-02	4.294476e+02	3.758958e-02	
4.000000	28.000000	103.305731	1.893160	5.468487e-01	2.704303e-02	4.297022e+02	3.717701e-02	
4.000000	32.000000	105.925494	212.656454	5.654949e-01	3.092305e-02	4.299250e+02	4.243061e-02	
4.000000	36.000000	109.550018	2.968129	5.668452e-01	3.177068e-02	4.300779e+02	3.754988e-02	
4.000000	40.000000	115.807445	1.891641	6.048781e-01	2.555026e-02	4.297187e+02	4.280525e-02	
4.000000	44.000000	122.046411	5.839447	5.629736e-01	2.805053e-02	4.286885e+02	3.761873e-02	
4.000000	48.000000	122.055402	5.291385	5.776687e-01	2.777709e-02	4.254343e+02	3.956210e-02	
4.000000	52.000000	110.753768	644.809523	5.684836e-01	2.801992e-02	4.178189e+02	3.740470e-02	
4.000000	56.000000	97.051524	5.172197	5.614970e-01	2.618408e-02	4.053382e+02	3.772289e-02	
4.000000	60.000000	90.808481	2.870976	5.697896e-01	3.475173e-02	3.961526e+02	3.886160e-02	
8.000000	0.000000	84.559710	3.003659	5.902450e-01	3.056108e-02	3.970767e+02	3.860148e-02	
8.000000	4.000000	109.554258	3.352304	5.155930e-01	2.142424e-02	4.295297e+02	3.624478e-02	
8.000000	8.000000	109.553772	3.044237	5.445474e-01	3.020183e-02	4.288257e+02	3.552338e-02	
8.000000	12.000000	109.546663	3.280619	5.017271e-01	2.574907e-02	4.287557e+02	3.419070e-02	
8.000000	16.000000	109.543680	2.712332	4.924775e-01	2.342863e-02	4.287127e+02	3.430480e-02	
8.000000	20.000000	107.789380	3.437796	5.117587e-01	2.817291e-02	4.288820e+02	3.339833e-02	
8.000000	24.000000	105.096114	3.105413	5.711988e-01	2.779163e-02	4.293733e+02	3.904682e-02	
8.000000	28.000000	105.942374	166.139922	5.877458e-01	3.587131e-02	4.298361e+02	4.073864e-02	
8.000000	32.000000	109.567991	1.656963	5.579074e-01	3.387090e-02	4.299511e+02	4.461674e-02	
8.000000	36.000000	109.551867	2.431800	4.963272e-01	2.767564e-02	4.301723e+02	3.218913e-02	
8.000000	40.000000	115.813464	2.270662	5.688988e-01	2.980135e-02	4.297243e+02	3.868755e-02	
8.000000	44.000000	122.068832	4.630155	5.145851e-01	3.171047e-02	4.289390e+02	3.266918e-02	
8.000000	48.000000	128.295287	14.244500	5.135886e-01	2.357618e-02	4.256750e+02	3.553956e-02	
8.000000	52.000000	115.789569	3.491438	5.763794e-01	3.216983e-02	4.187743e+02	3.922562e-02	
8.000000	56.000000	103.301725	5.523201	5.966971e-01	2.831018e-02	4.067549e+02	3.968343e-02	
8.000000	60.000000	90.804147	4.659017	5.718695e-01	2.670899e-02	3.963758e+02	3.849212e-02	
12.000000	0.000000	84.809804	5.397175	5.161626e-01	2.587922e-02	3.972613e+02	3.508947e-02	
12.000000	4.000000	109.549988	21.149206	5.148182e-01	2.131310e-02	4.294704e+02	3.613506e-02	
12.000000	8.000000	109.542449	17.077253	5.540023e-01	2.997550e-02	4.289735e+02	3.662414e-02	
12.000000	12.000000	109.545213	20.770457	5.466162e-01	2.616903e-02	4.286699e+02	3.731752e-02	
12.000000	16.000000	109.545370	4.055150	5.657344e-01	2.825925e-02	4.286932e+02	3.776062e-02	
12.000000	20.000000	109.555353	2.871894	5.638419e-01	2.956816e-02	4.288743e+02	3.661747e-02	
12.000000	24.000000	109.538634	2.077089	5.444042e-01	2.669801e-02	4.293022e+02	3.704183e-02	
12.000000	28.000000	109.541071	1.982113	6.042113e-01	3.357961e-02	4.297207e+02	4.163266e-02	
12.000000	32.000000	109.587222	2.752511	5.036033e-01	2.970363e-02	4.299266e+02	3.298834e-02	
12.000000	36.000000	109.539754	2.004174	5.208769e-01	2.894377e-02	4.300923e+02	3.618224e-02	
12.000000	40.000000	115.807852	155.893975	5.714718e-01	2.940448e-02	4.298653e+02	3.723576e-02	
12.000000	44.000000	122.057311	3.325797	5.655636e-01	3.253690e-02	4.289819e+02	3.920841e-02	
12.000000	48.000000	128.302778	5.171575	5.190848e-01	2.987294e-02	4.260795e+02	3.684784e-02	
12.000000	52.000000	117.022777	3.324433	5.644525e-01	2.986939e-02	4.197293e+02	3.831764e-02	
12.000000	56.000000	103.302963	5.518705	5.144208e-01	3.226032e-02	4.080101e+02	3.377097e-02	
12.000000	60.000000	90.810255	4.150629	5.769992e-01	3.106984e-02	3.967384e+02	3.934036e-02	
16.000000	0.000000	90.799862	3.228506	6.013746e-01	3.009490e-02	3.969402e+02	3.944509e-02	
16.000000	4.000000	109.586402	3.127146	5.014496e-01	2.700598e-02	4.292179e+02	3.380868e-02	
16.000000	8.000000	109.550186	2.329396	5.670836e-01	2.706458e-02	4.286081e+02	3.880529e-02	
16.000000	12.000000	109.546154	2.862857	5.510276e-01	2.462577e-02	4.285095e+02	3.795883e-02	
16.000000	16.000000	109.543791	2.755308	4.902147e-01	1.970258e-02	4.284427e+02	3.537346e-02	
16.000000	20.000000	109.538481	3.051288	5.609970e-01	2.641585e-02	4.288280e+02	4.053448e-02	
16.000000	24.000000	109.577181	153.657460	4.948893e-01	2.884986e-02	4.291340e+02	3.163226e-02	
16.000000	28.000000	109.551852	180.509608	5.428981e-01	2.376744e-02	4.295095e+02	3.743670e-02	
16.000000	32.000000	109.549906	1.875963	5.404375e-01	2.866204e-02	4.298592e+02	3.486357e-02	
16.000000	36.000000	112.270157	62.252767	5.563497e-01	2.897839e-02	4.299163e+02	3.816543e-02	
16.000000	40.000000	115.806862	2.056573	5.216964e-01	3.165105e-02	4.299301e+02	3.959748e-02	
16.000000	44.000000	123.253766	71.162534	5.295239e-01	2.917928e-02	4.291382e+02	3.402324e-02	
16.000000	48.000000	134.563521	3.488722	6.292525e-01	3.797555e-02	4.267590e+02	4.455541e-02	
16.000000	52.000000	122.045640	2.820570	5.888510e-01	2.891715e-02	4.208638e+02	3.880813e-02	
16.000000	56.000000	109.585781	6.902643	5.474446e-01	2.614278e-02	4.098203e+02	3.725558e-02	
16.000000	60.000000	97.055107	3.752952	5.415722e-01	2.466761e-02	3.976189e+02	3.723422e-02	
20.000000	0.000000	90.805709	3.729210	6.070312e-01	3.204017e-02	3.970333e+02	4.085487e-02	
20.000000	4.000000	114.086697	148.126259	5.406416e-01	2.666137e-02	4.293010e+02	3.622979e-02	
20.000000	8.000000	113.906900	209.306105	5.722857e-01	2.841616e-02	4.283453e+02	3.907243e-02	
20.000000	12.000000	113.280155	1050.139677	5.863842e-01	2.785839e-02	4.282050e+02	3.897188e-02	
20.000000	16.000000	110.830325	4.960195	4.883474e-01	2.153203e-02	4.283374e+02	3.468503e-02	
20.000000	20.000000	109.561046	3.926059	5.635498e-01	2.596538e-02	4.285375e+02	3.859394e-02	
20.000000	24.000000	109.555720	2.224752	4.828270e-01	3.388936e-02	4.290051e+02	3.104446e-02	
20.000000	28.000000	109.542047	2.000325	5.865292e-01	3.118243e-02	4.292938e+02	4.013131e-02	
20.000000	32.000000	110.942433	341.950882	5.175163e-01	2.440214e-02	4.296956e+02	3.512300e-02	
20.000000	36.000000	115.804193	1.904626	5.339636e-01	2.514600e-02	4.296919e+02	3.589198e-02	
20.000000	40.000000	117.174934	0.146384	5.684779e-01	2.859385e-02	4.298450e+02	4.633582e-02	
20.000000	44.000000	128.305995	3.134530	5.469982e-01	2.840593e-02	4.291151e+02	3.557960e-02	
20.000000	48.000000	134.546826	3.388109	5.324197e-01	3.080580e-02	4.269812e+02	3.436138e-02	
20.000000	52.000000	128.305871	3.160424	5.626349e-01	2.610131e-02	4.214130e+02	3.802524e-02	
20.000000	56.000000	110.070114	471.477377	4.690746e-01	3.651168e-02	4.110326e+02	2.914007e-02	
20.000000	60.000000	97.050014	3.989291	5.874890e-01	2.957396e-02	3.985350e+02	3.997149e-02	
24.000000	0.000000	90.805999	4.109084	5.932989e-01	2.887704e-02	3.968637e+02	4.370876e-02	
24.000000	4.000000	115.798028	5.652142	4.985842e-01	2.574957e-02	4.287684e+02	3.332612e-02	
24.000000	8.000000	115.798913	4.678244	5.718376e-01	3.357574e-02	4.280476e+02	3.982187e-02	
24.000000	12.000000	115.837222	4.105265	5.652164e-01	3.279372e-02	4.278149e+02	3.824812e-02	
24.000000	16.000000	115.804723	3.130646	5.533867e-01	2.811644e-02	4.278700e+02	3.610287e-02	
24.000000	20.000000	115.791989	3.303582	4.717548e-01	3.692875e-02	4.280301e+02	2.991753e-02	
24.000000	24.000000	114.041094	57.511322	5.900218e-01	2.614543e-02	4.286884e+02	3.990249e-02	
24.000000	28.000000	113.017930	56.585917	5.553560e-01	3.003152e-02	4.289525e+02	3.575006e-02	
24.000000	32.000000	115.801860	1.931782	5.604594e-01	2.607818e-02	4.293388e+02	3.758183e-02	
24.000000	36.000000	115.807901	3.241963	5.361281e-01	2.402345e-02	4.296100e+02	3.697612e-02	
24.000000	40.000000	122.038883	1.979363	5.600507e-01	2.593862e-02	4.298150e+02	3.926493e-02	
24.000000	44.000000	128.296947	3.455439	5.270386e-01	2.935710e-02	4.290931e+02	3.817276e-02	
24.000000	48.000000	137.083566	1146.727482	5.568583e-01	2.848828e-02	4.270962e+02	3.751188e-02	
24.000000	52.000000	128.304221	5.378019	5.257202e-01	2.699200e-02	4.221575e+02	3.475686e-02	
24.000000	56.000000	115.798971	3.394652	6.396453e-01	3.596787e-02	4.124328e+02	4.437545e-02	
24.000000	60.000000	103.303682	4.575668	5.212472e-01	2.331367e-02	3.996405e+02	3.610871e-02	
28.000000	0.000000	97.051776	3.346730	5.704472e-01	2.719334e-02	3.965893e+02	3.905613e-02	
28.000000	4.000000	115.802034	3.589036	5.287377e-01	2.298750e-02	4.284424e+02	3.672754e-02	
28.000000	8.000000	115.802414	3.193633	5.136159e-01	3.204249e-02	4.279433e+02	3.779328e-02	
28.000000	12.000000	115.805901	3.762107	5.622637e-01	2.834973e-02	4.276967e+02	3.825557e-02	
28.000000	16.000000	115.799986	3.974654	5.344889e-01	2.698642e-02	4.277346e+02	3.610829e-02	
28.000000	20.000000	115.807911	155.380315	5.825842e-01	3.022106e-02	4.279662e+02	3.908216e-02	
28.000000	24.000000	115.805553	2.908943	6.042113e-01	3.358008e-02	4.282793e+02	4.163402e-02	
28.000000	28.000000	115.807911	2.833074	5.704984e-01	2.898411e-02	4.289077e+02	3.729173e-02	
28.000000	32.000000	115.810056	172.791522	5.709873e-01	2.586828e-02	4.291968e+02	4.095810e-02	
28.000000	36.000000	115.801881	2.160109	5.859552e-01	2.827857e-02	4.295211e+02	3.966532e-02	
28.000000	40.000000	122.087214	3.722929	5.161784e-01	3.372268e-02	4.298820e+02	3.357986e-02	
28.000000	44.000000	128.304884	4.159016	5.939694e-01	3.388124e-02	4.292322e+02	4.096144e-02	
28.000000	48.000000	140.814343	5.430036	5.749114e-01	2.852334e-02	4.273547e+02	3.927558e-02	
28.000000	52.000000	134.550019	3.786607	5.473394e-01	3.300805e-02	4.230894e+02	3.653199e-02	
28.000000	56.000000	122.050371	4.415986	5.081508e-01	3.183714e-02	4.141265e+02	3.239347e-02	
28.000000	60.000000	104.790775	6.157723	5.409629e-01	2.876972e-02	4.017665e+02	3.640710e-02	
32.000000	0.000000	97.059610	4.052823	5.903630e-01	2.566456e-02	3.967649e+02	4.275546e-02	
32.000000	4.000000	120.913683	4.675225	5.654374e-01	2.636840e-02	4.284647e+02	3.843947e-02	
32.000000	8.000000	120.943584	4.029124	5.986321e-01	3.311833e-02	4.277258e+02	4.122765e-02	
32.000000	12.000000	120.428633	4.729514	5.772818e-01	2.789400e-02	4.275888e+02	3.942903e-02	
32.000000	16.000000	120.156900	5.704077	6.109804e-01	3.041000e-02	4.275019e+02	4.134523e-02	
32.000000	20.000000	117.131113	5.167103	5.558749e-01	2.588111e-02	4.277376e+02	3.709356e-02	
32.000000	24.000000	115.812956	2.480714	5.282533e-01	2.710610e-02	4.281420e+02	3.535188e-02	
32.000000	28.000000	115.796587	2.230237	6.084066e-01	3.272267e-02	4.286558e+02	4.190130e-02	
32.000000	32.000000	115.800883	2.796052	5.373573e-01	3.049226e-02	4.290979e+02	4.227444e-02	
32.000000	36.000000	120.882755	2.336313	6.022565e-01	3.184823e-02	4.296256e+02	4.106951e-02	
32.000000	40.000000	122.050528	2.301739	5.491116e-01	2.905861e-02	4.299255e+02	3.704277e-02	
32.000000	44.000000	129.162373	4.418973	5.252940e-01	2.280613e-02	4.294079e+02	3.650868e-02	
32.000000	48.000000	140.792923	4.062285	5.467688e-01	3.185733e-02	4.278247e+02	3.660602e-02	
32.000000	52.000000	140.802180	10.948026	5.232095e-01	2.794125e-02	4.237881e+02	3.426754e-02	
32.000000	56.000000	127.470322	446.700669	5.648071e-01	2.711818e-02	4.156309e+02	3.852425e-02	
32.000000	60.000000	109.542404	3.730233	5.369078e-01	2.605097e-02	4.037554e+02	3.572141e-02	
36.000000	0.000000	101.615170	611.969198	5.931389e-01	2.964979e-02	3.963350e+02	3.962343e-02	
36.000000	4.000000	122.051256	4.412135	5.095866e-01	2.358976e-02	4.283147e+02	3.528086e-02	
36.000000	8.000000	122.045818	6.068373	5.697595e-01	2.688644e-02	4.275658e+02	3.904065e-02	
36.000000	12.000000	122.074408	7.322380	5.870668e-01	2.773090e-02	4.274136e+02	3.954898e-02	
36.000000	16.000000	122.039730	28.048234	5.746936e-01	2.789997e-02	4.274219e+02	3.906419e-02	
36.000000	20.000000	122.050508	3.887422	5.688537e-01	2.713114e-02	4.274013e+02	3.893739e-02	
36.000000	24.000000	121.215309	3.054470	5.468130e-01	2.962952e-02	4.280287e+02	3.531526e-02	
36.000000	28.000000	120.436132	2.361974	5.745762e-01	2.680174e-02	4.286286e+02	3.864468e-02	
36.000000	32.000000	122.049157	2.138464	5.017661e-01	3.109506e-02	4.290818e+02	3.127447e-02	
36.000000	36.000000	122.045684	172.803771	5.913211e-01	2.929740e-02	4.294483e+02	4.051807e-02	
36.000000	40.000000	127.714002	51.076640	5.711253e-01	2.850664e-02	4.296679e+02	3.887940e-02	
36.000000	44.000000	134.571358	2.422874	5.358191e-01	2.511784e-02	4.293336e+02	3.670169e-02	
36.000000	48.000000	145.339810	7.858560	5.080050e-01	3.261792e-02	4.281313e+02	3.266283e-02	
36.000000	52.000000	147.083077	4.093146	5.436657e-01	2.542797e-02	4.246768e+02	3.652592e-02	
36.000000	56.000000	129.680531	8.357348	5.281255e-01	3.152087e-02	4.171585e+02	3.482959e-02	
36.000000	60.000000	115.804138	4.326101	5.592565e-01	2.612123e-02	4.054781e+02	3.831059e-02	
40.000000	0.000000	103.304876	4.591441	5.264337e-01	3.320847e-02	3.961311e+02	3.460088e-02	
40.000000	4.000000	128.300053	4.011280	5.698355e-01	3.111614e-02	4.277613e+02	3.872046e-02	
40.000000	8.000000	126.652976	4.314162	5.363088e-01	2.767156e-02	4.271241e+02	3.792808e-02	
40.000000	12.000000	126.774196	71.384920	5.311438e-01	3.015828e-02	4.269640e+02	3.512175e-02	
40.000000	16.000000	126.074702	410.012208	5.636244e-01	3.204135e-02	4.269797e+02	4.018260e-02	
40.000000	20.000000	123.381653	70.410433	5.695310e-01	3.258992e-02	4.271985e+02	3.863550e-02	
40.000000	24.000000	122.043148	2.795854	5.410550e-01	2.873566e-02	4.279143e+02	3.520695e-02	
40.000000	28.000000	122.054138	2.536461	5.240709e-01	2.443367e-02	4.283225e+02	3.601085e-02	
40.000000	32.000000	122.058651	1.903196	5.277460e-01	2.706275e-02	4.288541e+02	3.519143e-02	
40.000000	36.000000	123.216105	41.248942	5.931594e-01	2.550350e-02	4.292557e+02	4.194148e-02	
40.000000	40.000000	128.321750	3.624241	5.492913e-01	2.539272e-02	4.296183e+02	3.767503e-02	
40.000000	44.000000	134.554138	3.241837	5.937121e-01	2.955649e-02	4.294439e+02	4.060159e-02	
40.000000	48.000000	147.050820	8.566137	5.482805e-01	2.523186e-02	4.283821e+02	3.753518e-02	
40.000000	52.000000	153.304141	5.078098	5.874294e-01	2.957471e-02	4.251748e+02	3.856745e-02	
40.000000	56.000000	137.400161	1144.479348	6.401539e-01	3.634754e-02	4.186009e+02	4.451186e-02	
40.000000	60.000000	122.056003	4.983492	5.291142e-01	2.748701e-02	4.078762e+02	3.613684e-02	
44.000000	0.000000	109.546071	4.267680	5.800275e-01	3.037852e-02	3.962347e+02	3.830075e-02	
44.000000	4.000000	129.079768	4.146114	5.812209e-01	2.969271e-02	4.273313e+02	3.971391e-02	
44.000000	8.000000	128.306002	3.781235	5.440016e-01	2.712774e-02	4.267153e+02	3.684153e-02	
44.000000	12.000000	128.335893	4.039210	5.581071e-01	2.704552e-02	4.266598e+02	3.808689e-02	
44.000000	16.000000	128.303604	3.901608	5.042787e-01	2.421552e-02	4.267144e+02	3.479014e-02	
44.000000	20.000000	128.305441	87.977474	5.328620e-01	3.243718e-02	4.269177e+02	4.369490e-02	
44.000000	24.000000	128.296002	3.543353	6.010513e-01	3.306213e-02	4.272843e+02	4.132603e-02	
44.000000	28.000000	128.288782	2.220424	5.232054e-01	3.049533e-02	4.280280e+02	3.309960e-02	
44.000000	32.000000	128.306069	2.267683	6.031630e-01	3.049231e-02	4.283724e+02	4.042484e-02	
44.000000	36.000000	128.292138	0.014611	5.142183e-01	2.963724e-02	4.291409e+02	3.282355e-02	
44.000000	40.000000	131.897049	3.272728	5.897795e-01	2.854789e-02	4.295258e+02	3.988791e-02	
44.000000	44.000000	138.888946	56.015513	5.239696e-01	2.332997e-02	4.293695e+02	3.628498e-02	
44.000000	48.000000	147.729863	4.711945	5.309603e-01	2.534103e-02	4.286903e+02	3.628902e-02	
44.000000	52.000000	159.550548	10.362363	5.458950e-01	2.998242e-02	4.259838e+02	3.553215e-02	
44.000000	56.000000	147.052133	4.368891	5.591440e-01	4.750813e-02	4.200303e+02	4.374671e-02	
44.000000	60.000000	128.295949	3.733194	5.019843e-01	2.556979e-02	4.102532e+02	3.373611e-02	
48.000000	0.000000	115.794503	3.827484	5.702278e-01	3.026203e-02	3.972153e+02	3.761297e-02	
48.000000	4.000000	134.553339	4.506678	5.369313e-01	2.973371e-02	4.269758e+02	3.416600e-02	
48.000000	8.000000	134.558331	3.825796	5.396652e-01	2.870839e-02	4.262519e+02	3.577121e-02	
48.000000	12.000000	134.546752	4.996473	5.126440e-01	3.728124e-02	4.260361e+02	3.681997e-02	
48.000000	16.000000	134.546179	6.510036	4.741728e-01	3.276305e-02	4.260913e+02	2.890026e-02	
48.000000	20.000000	134.547488	5.618752	5.413671e-01	2.584013e-02	4.262765e+02	3.618115e-02	
48.000000	24.000000	134.550452	3.005996	5.577298e-01	2.814515e-02	4.268459e+02	3.648304e-02	
48.000000	28.000000	131.574505	207.265367	5.347638e-01	2.538658e-02	4.276805e+02	3.656379e-02	
48.000000	32.000000	131.784459	151.953134	5.215421e-01	3.008302e-02	4.281646e+02	3.366771e-02	
48.000000	36.000000	134.547767	2.053966	5.380849e-01	2.405805e-02	4.286003e+02	3.711132e-02	
48.000000	40.000000	134.549009	2.054725	5.132893e-01	2.870692e-02	4.290948e+02	3.418378e-02	
48.000000	44.000000	140.792740	2.769967	5.538331e-01	2.598576e-02	4.291856e+02	3.808150e-02	
48.000000	48.000000	153.307914	15.254561	5.683851e-01	2.659791e-02	4.285825e+02	3.844560e-02	
48.000000	52.000000	165.810174	4.663340	5.272168e-01	2.403649e-02	4.263531e+02	3.598938e-02	
48.000000	56.000000	154.155317	12.529321	6.254003e-01	3.519853e-02	4.213332e+02	4.344352e-02	
48.000000	60.000000	140.805913	5.253752	6.015335e-01	3.075272e-02	4.125753e+02	4.127119e-02	
52.000000	0.000000	122.055940	3.560758	5.589305e-01	2.986917e-02	4.000062e+02	3.617300e-02	
52.000000	4.000000	145.862584	7.984609	5.683520e-01	3.154613e-02	4.260733e+02	3.756267e-02	
52.000000	8.000000	145.379152	6.766147	5.458918e-01	2.603622e-02	4.252206e+02	3.642759e-02	
52.000000	12.000000	144.369414	36.927256	5.768706e-01	3.019671e-02	4.252014e+02	3.797334e-02	
52.000000	16.000000	141.665816	5.752915	5.264444e-01	2.335221e-02	4.253793e+02	3.644879e-02	
52.000000	20.000000	140.805490	4.840476	6.278735e-01	3.406192e-02	4.255333e+02	4.333257e-02	
52.000000	24.000000	140.800374	4.685670	5.964620e-01	3.867501e-02	4.261242e+02	4.241150e-02	
52.000000	28.000000	139.102882	38.698086	4.784486e-01	3.192349e-02	4.269585e+02	2.918330e-02	
52.000000	32.000000	139.056611	134.374343	6.343459e-01	3.622170e-02	4.276533e+02	4.420501e-02	
52.000000	36.000000	139.757350	86.424161	4.960674e-01	3.126314e-02	4.280976e+02	3.089004e-02	
52.000000	40.000000	140.800965	3.193034	4.877229e-01	2.852613e-02	4.288463e+02	3.129871e-02	
52.000000	44.000000	147.054931	5.469542	5.384283e-01	2.876281e-02	4.291057e+02	3.470690e-02	
52.000000	48.000000	159.550612	3.188190	5.120647e-01	2.485677e-02	4.287245e+02	3.455477e-02	
52.000000	52.000000	172.559097	5.526941	5.190881e-01	2.966728e-02	4.269188e+02	3.663932e-02	
52.000000	56.000000	170.254772	7.196365	4.940754e-01	2.757261e-02	4.228212e+02	3.221258e-02	
52.000000	60.000000	153.302054	7.860225	5.425667e-01	2.653563e-02	4.151580e+02	3.723039e-02	
56.000000	0.000000	134.550013	4.882053	6.027610e-01	2.984737e-02	4.034978e+02	4.078329e-02	
56.000000	4.000000	158.778075	6.595058	5.574316e-01	2.578349e-02	4.252070e+02	3.793361e-02	
56.000000	8.000000	159.548650	7.836449	5.073418e-01	2.088944e-02	4.245501e+02	3.590418e-02	
56.000000	12.000000	159.555584	9.290003	5.247583e-01	2.353680e-02	4.243719e+02	3.602023e-02	
56.000000	16.000000	158.670996	26.875238	4.967569e-01	2.072024e-02	4.244221e+02	3.542292e-02	
56.000000	20.000000	157.696381	35.705824	5.274243e-01	2.628554e-02	4.247823e+02	3.483388e-02	
56.000000	24.000000	153.302030	6.360453	5.905727e-01	3.216792e-02	4.252939e+02	4.036087e-02	
56.000000	28.000000	152.263403	4.310324	5.385243e-01	2.591073e-02	4.262626e+02	3.592078e-02	
56.000000	32.000000	149.408563	127.933257	5.551769e-01	3.276853e-02	4.270374e+02	3.795869e-02	
56.000000	36.000000	148.451012	45.979140	5.450727e-01	2.790566e-02	4.277344e+02	3.688668e-02	
56.000000	40.000000	152.098680	666.571357	5.547430e-01	2.583426e-02	4.282186e+02	3.735824e-02	
56.000000	44.000000	154.806766	3.320687	5.309335e-01	2.449605e-02	4.286577e+02	3.648717e-02	
56.000000	48.000000	165.804952	88.507631	5.516092e-01	2.614734e-02	4.283498e+02	3.762298e-02	
56.000000	52.000000	182.902590	5.165668	5.082242e-01	3.030826e-02	4.271151e+02	3.208577e-02	
56.000000	56.000000	190.805886	9.810592	5.174849e-01	2.746167e-02	4.238527e+02	3.388748e-02	
56.000000	60.000000	172.055467	8.595208	5.794997e-01	3.104598e-02	4.179230e+02	3.807687e-02	
60.000000	0.000000	153.326592	6.288604	5.122531e-01	2.741574e-02	4.078334e+02	3.340913e-02	
60.000000	4.000000	217.533935	54.665358	5.385921e-01	2.607575e-02	4.242406e+02	3.582423e-02	
60.000000	8.000000	216.520413	36.156256	5.577086e-01	2.536155e-02	4.234716e+02	3.833357e-02	
60.000000	12.000000	214.087940	30.008913	5.557922e-01	2.815176e-02	4.231165e+02	3.665632e-02	
60.000000	16.000000	211.668890	926.390611	5.596127e-01	2.796742e-02	4.233078e+02	3.808214e-02	
60.000000	20.000000	207.832314	41.542978	5.602994e-01	3.431844e-02	4.238524e+02	3.796050e-02	
60.000000	24.000000	201.547268	205.582442	5.455229e-01	2.601646e-02	4.247537e+02	3.635912e-02	
60.000000	28.000000	195.328815	13.481156	5.922218e-01	2.760442e-02	4.258229e+02	4.032379e-02	
60.000000	32.000000	189.582976	226.948452	6.232113e-01	3.537915e-02	4.266905e+02	4.335859e-02	
60.000000	36.000000	182.868158	55.991325	6.063824e-01	2.984866e-02	4.274839e+02	4.099073e-02	
60.000000	40.000000	178.299042	59.142170	5.532394e-01	2.844815e-02	4.281968e+02	3.622345e-02	
60.000000	44.000000	177.068329	39.170991	5.379379e-01	2.629384e-02	4.282969e+02	3.661067e-02	
60.000000	48.000000	183.735997	5.343303	4.924420e-01	2.655599e-02	4.282192e+02	3.272244e-02	
60.000000	52.000000	197.050357	5.546025	5.326077e-01	2.316563e-02	4.275674e+02	3.692658e-02	
60.000000	56.000000	222.053789	6.055353	5.798311e-01	3.055569e-02	4.252894e+02	3.957937e-02	
60.000000	60.000000	213.437719	1042.421364	5.510493e-01	3.138861e-02	4.208099e+02	3.694060e-02	
0.000000	0.000000	190.805388	7.682256	5.469982e-01	2.840594e-02	4.131151e+02	3.557961e-02	
