0.000000	4.000000	135.807767	74.546387	4.862506e-01	2.836168e-02	3.231559e+02	3.111376e-02	
0.000000	8.000000	134.562993	5.860549	6.061887e-01	3.146689e-02	3.225939e+02	4.154942e-02	
0.000000	12.000000	134.554195	10.214735	5.608235e-01	2.600815e-02	3.224246e+02	3.846569e-02	
0.000000	16.000000	134.554275	2.663388	5.737591e-01	2.644869e-02	3.223305e+02	3.849664e-02	
0.000000	20.000000	133.605902	2.415130	5.989550e-01	3.103933e-02	3.226311e+02	4.100521e-02	
0.000000	24.000000	128.306029	2.367630	6.275368e-01	4.879178e-02	3.229929e+02	5.231355e-02	
0.000000	28.000000	128.305409	206.912541	4.887382e-01	3.142090e-02	3.231407e+02	3.169286e-02	
0.000000	32.000000	128.245143	221.630221	5.574316e-01	2.578396e-02	3.232070e+02	3.793425e-02	
0.000000	36.000000	128.295326	1.633300	5.607396e-01	2.614802e-02	3.236756e+02	3.762192e-02	
0.000000	40.000000	134.504568	1.220112	5.119373e-01	2.975171e-02	3.239253e+02	3.496457e-02	
0.000000	44.000000	140.768823	1.686707	5.432722e-01	3.057991e-02	3.240014e+02	3.567485e-02	
0.000000	48.000000	153.279376	3.869394	5.423920e-01	2.653727e-02	3.228446e+02	3.727547e-02	
0.000000	52.000000	159.556587	2.273299	5.646946e-01	3.028946e-02	3.187520e+02	3.830241e-02	
0.000000	56.000000	140.802952	5.685167	5.737518e-01	3.173172e-02	3.107695e+02	3.898198e-02	
0.000000	60.000000	128.300012	5.842437	5.051192e-01	3.755321e-02	3.049760e+02	4.054053e-02	
4.000000	0.000000	122.055398	5.900026	4.904911e-01	3.012660e-02	3.059137e+02	3.082133e-02	
4.000000	4.000000	135.770862	75.975390	5.592856e-01	2.580005e-02	3.231927e+02	3.868887e-02	
4.000000	8.000000	135.068311	51.940971	6.113866e-01	3.210125e-02	3.224107e+02	4.195744e-02	
4.000000	12.000000	135.062186	66.794272	5.292482e-01	2.721714e-02	3.222453e+02	3.494754e-02	
4.000000	16.000000	134.544487	3.592315	5.722424e-01	2.555405e-02	3.222361e+02	3.921528e-02	
4.000000	20.000000	134.551952	2.633683	5.095866e-01	2.359012e-02	3.223147e+02	3.528126e-02	
4.000000	24.000000	131.349839	31.612919	5.988894e-01	2.562460e-02	3.227456e+02	4.331360e-02	
4.000000	28.000000	128.304372	1.679901	5.300316e-01	3.141699e-02	3.229704e+02	3.445276e-02	
4.000000	32.000000	128.305771	1.529009	4.948893e-01	2.884977e-02	3.231340e+02	3.163203e-02	
4.000000	36.000000	129.540840	2.000445	5.125151e-01	2.423998e-02	3.236840e+02	3.501471e-02	
4.000000	40.000000	134.550908	1.684705	5.053509e-01	3.215988e-02	3.240838e+02	3.180630e-02	
4.000000	44.000000	140.809145	33.057258	5.210593e-01	2.854848e-02	3.239020e+02	3.577271e-02	
4.000000	48.000000	153.959860	3.933933	5.658025e-01	2.671021e-02	3.228290e+02	4.212876e-02	
4.000000	52.000000	165.181515	3.367355	5.276468e-01	2.446042e-02	3.193324e+02	3.625739e-02	
4.000000	56.000000	141.331118	7.758308	5.171456e-01	2.400408e-02	3.116828e+02	3.556226e-02	
4.000000	60.000000	129.452057	805.745770	4.793057e-01	3.096082e-02	3.051404e+02	3.024242e-02	
8.000000	0.000000	128.302222	3.681197	5.345506e-01	3.247841e-02	3.059700e+02	3.580413e-02	
8.000000	4.000000	139.760582	3.856268	5.121163e-01	3.183372e-02	3.230670e+02	3.240039e-02	
8.000000	8.000000	140.805768	3.872306	5.359870e-01	2.691272e-02	3.221415e+02	3.667059e-02	
8.000000	12.000000	139.205434	81.737927	5.033641e-01	3.025194e-02	3.221271e+02	3.180540e-02	
8.000000	16.000000	135.942049	47.188650	5.484749e-01	3.119790e-02	3.220760e+02	3.572215e-02	
8.000000	20.000000	134.562287	3.081733	5.994502e-01	2.840172e-02	3.224284e+02	4.030781e-02	
8.000000	24.000000	134.558302	2.201803	5.952561e-01	2.752152e-02	3.226126e+02	3.996524e-02	
8.000000	28.000000	133.317443	164.893662	5.242269e-01	3.220191e-02	3.229946e+02	3.560528e-02	
8.000000	32.000000	132.919675	10.731132	5.578969e-01	3.258564e-02	3.231764e+02	3.755830e-02	
8.000000	36.000000	133.381910	1.621130	5.537560e-01	2.497129e-02	3.235332e+02	3.810073e-02	
8.000000	40.000000	134.547607	1.627960	5.595629e-01	3.763113e-02	3.239099e+02	3.839363e-02	
8.000000	44.000000	140.768728	1.402604	5.289519e-01	2.392300e-02	3.236393e+02	3.648329e-02	
8.000000	48.000000	156.880820	89.833599	5.844324e-01	3.354453e-02	3.227889e+02	4.003685e-02	
8.000000	52.000000	165.801489	173.350205	5.130996e-01	2.115458e-02	3.195050e+02	3.616511e-02	
8.000000	56.000000	147.055690	7.408273	5.831859e-01	2.776584e-02	3.124413e+02	3.939051e-02	
8.000000	60.000000	134.551028	4.673837	6.014436e-01	3.069208e-02	3.047519e+02	3.976733e-02	
12.000000	0.000000	128.300945	6.497924	5.132188e-01	2.886624e-02	3.059092e+02	3.433445e-02	
12.000000	4.000000	140.806542	29.222890	5.489650e-01	2.842900e-02	3.229010e+02	3.606679e-02	
12.000000	8.000000	140.804156	39.588941	5.918196e-01	3.131078e-02	3.220264e+02	3.949854e-02	
12.000000	12.000000	140.821273	6.742662	5.115174e-01	2.669179e-02	3.217987e+02	3.357970e-02	
12.000000	16.000000	139.835835	68.492749	5.394251e-01	2.705000e-02	3.217249e+02	3.648812e-02	
12.000000	20.000000	135.915072	35.520329	5.492283e-01	2.847694e-02	3.220950e+02	3.620626e-02	
12.000000	24.000000	134.551597	207.770576	5.652869e-01	2.630045e-02	3.225609e+02	3.867818e-02	
12.000000	28.000000	134.504917	1.760424	5.468185e-01	2.573579e-02	3.226992e+02	3.657623e-02	
12.000000	32.000000	134.504732	1.639573	6.274566e-01	5.104148e-02	3.230247e+02	5.484803e-02	
12.000000	36.000000	134.550668	1.217942	5.285406e-01	2.504318e-02	3.233018e+02	3.563094e-02	
12.000000	40.000000	134.942254	1.153082	5.239996e-01	2.463897e-02	3.236897e+02	3.548164e-02	
12.000000	44.000000	142.527721	220.483719	4.844662e-01	2.530354e-02	3.237674e+02	3.271818e-02	
12.000000	48.000000	158.387961	3.287438	5.510541e-01	2.878803e-02	3.227467e+02	3.717159e-02	
12.000000	52.000000	172.045307	60.751364	5.385872e-01	2.587187e-02	3.196884e+02	3.665740e-02	
12.000000	56.000000	149.692368	4.573188	5.384550e-01	2.545642e-02	3.132996e+02	3.607593e-02	
12.000000	60.000000	134.555386	5.111602	5.559520e-01	2.563458e-02	3.045876e+02	3.774532e-02	
16.000000	0.000000	129.651566	114.349994	6.615107e-01	4.193758e-02	3.057314e+02	4.778896e-02	
16.000000	4.000000	142.224720	6.636562	5.531040e-01	2.495228e-02	3.225426e+02	3.805433e-02	
16.000000	8.000000	141.651319	7.571247	5.242903e-01	2.931807e-02	3.218039e+02	3.491997e-02	
16.000000	12.000000	141.026144	3.521074	5.414009e-01	2.412275e-02	3.214189e+02	3.734041e-02	
16.000000	16.000000	140.800823	4.246649	5.686107e-01	2.669956e-02	3.215655e+02	3.888274e-02	
16.000000	20.000000	140.798590	2.933461	5.258556e-01	3.163228e-02	3.219879e+02	3.545540e-02	
16.000000	24.000000	134.992923	43.729952	6.175097e-01	3.250758e-02	3.224764e+02	4.239842e-02	
16.000000	28.000000	134.554685	1.952551	5.581944e-01	2.573792e-02	3.227996e+02	3.819477e-02	
16.000000	32.000000	134.555803	5.131755	5.629842e-01	5.520594e-02	3.230985e+02	5.245387e-02	
16.000000	36.000000	134.557988	1.661155	5.111830e-01	2.104400e-02	3.234653e+02	3.599029e-02	
16.000000	40.000000	139.754075	1.667288	5.307067e-01	2.340373e-02	3.236011e+02	3.673491e-02	
16.000000	44.000000	147.055821	1.639723	5.258482e-01	2.647677e-02	3.237368e+02	3.564450e-02	
16.000000	48.000000	159.549985	3.063442	5.712747e-01	2.586776e-02	3.228003e+02	4.085794e-02	
16.000000	52.000000	172.898990	785.380939	5.517033e-01	2.820011e-02	3.201380e+02	3.587815e-02	
16.000000	56.000000	156.977917	6.870572	5.986321e-01	3.311871e-02	3.142742e+02	4.122880e-02	
16.000000	60.000000	140.802148	4.640425	5.550144e-01	2.575819e-02	3.047843e+02	3.737225e-02	
20.000000	0.000000	134.564564	5.511513	5.572765e-01	2.633855e-02	3.055884e+02	3.779029e-02	
20.000000	4.000000	147.050755	3.835844	5.720949e-01	2.683738e-02	3.224813e+02	3.913793e-02	
20.000000	8.000000	147.048432	3.816643	6.005394e-01	3.390198e-02	3.217449e+02	4.148452e-02	
20.000000	12.000000	145.951963	3.515586	5.016279e-01	2.038433e-02	3.214594e+02	3.573047e-02	
20.000000	16.000000	142.493737	72.785351	5.447483e-01	2.485866e-02	3.213929e+02	3.707609e-02	
20.000000	20.000000	140.803954	3.989051	5.481491e-01	2.634473e-02	3.216736e+02	3.731449e-02	
20.000000	24.000000	139.914064	2.676106	5.326998e-01	2.919912e-02	3.220645e+02	3.440071e-02	
20.000000	28.000000	136.057948	53.117669	5.608235e-01	2.600815e-02	3.224246e+02	3.846569e-02	
20.000000	32.000000	135.884893	31.342109	5.369810e-01	2.376978e-02	3.225862e+02	3.709666e-02	
20.000000	36.000000	136.111041	46.476185	4.972302e-01	3.045339e-02	3.231450e+02	3.155857e-02	
20.000000	40.000000	140.821526	46.144727	5.103386e-01	2.280988e-02	3.233510e+02	3.521019e-02	
20.000000	44.000000	147.056043	32.278033	5.428981e-01	2.376743e-02	3.235095e+02	3.743668e-02	
20.000000	48.000000	159.535198	4.123246	5.962754e-01	3.232935e-02	3.227068e+02	4.096498e-02	
20.000000	52.000000	178.337222	6.402890	5.457168e-01	2.643535e-02	3.203161e+02	3.719561e-02	
20.000000	56.000000	165.003337	6.549786	5.430667e-01	2.566924e-02	3.146649e+02	3.704629e-02	
20.000000	60.000000	141.610859	6.831028	4.843714e-01	2.238893e-02	3.053094e+02	3.408733e-02	
24.000000	0.000000	134.552207	5.976240	5.276254e-01	2.881839e-02	3.050991e+02	3.764562e-02	
24.000000	4.000000	147.047880	3.986762	5.898759e-01	2.645731e-02	3.223287e+02	3.974759e-02	
24.000000	8.000000	147.042198	5.487075	5.586726e-01	2.552975e-02	3.215517e+02	3.828555e-02	
24.000000	12.000000	147.052226	69.329733	5.222100e-01	2.912205e-02	3.211560e+02	3.352161e-02	
24.000000	16.000000	147.055712	4.163518	5.884965e-01	2.772314e-02	3.211969e+02	3.929891e-02	
24.000000	20.000000	145.439804	161.585999	5.216864e-01	2.198485e-02	3.215392e+02	3.648211e-02	
24.000000	24.000000	140.808683	153.699977	5.425667e-01	2.653909e-02	3.218420e+02	3.723484e-02	
24.000000	28.000000	140.828134	2.116331	5.856010e-01	3.145779e-02	3.222798e+02	4.006278e-02	
24.000000	32.000000	140.823249	2.041311	5.389360e-01	2.342107e-02	3.225239e+02	3.722597e-02	
24.000000	36.000000	140.800285	2.214246	5.413011e-01	2.878029e-02	3.229183e+02	3.532294e-02	
24.000000	40.000000	140.768405	2.104951	5.430667e-01	2.566845e-02	3.233351e+02	3.704563e-02	
24.000000	44.000000	147.110549	2.133327	5.692333e-01	2.658866e-02	3.234765e+02	3.903942e-02	
24.000000	48.000000	159.554895	3.112980	5.414672e-01	2.904072e-02	3.229304e+02	3.570884e-02	
24.000000	52.000000	178.307893	8.071792	5.764259e-01	2.829591e-02	3.206219e+02	3.941600e-02	
24.000000	56.000000	172.059993	7.931141	5.474824e-01	2.426514e-02	3.154952e+02	3.776435e-02	
24.000000	60.000000	147.051164	7.848528	4.930770e-01	3.666495e-02	3.060800e+02	3.112444e-02	
28.000000	0.000000	140.805885	6.066392	5.253792e-01	3.395445e-02	3.050025e+02	3.729036e-02	
28.000000	4.000000	151.569466	132.339482	6.108943e-01	3.047939e-02	3.219637e+02	4.007821e-02	
28.000000	8.000000	151.661325	72.238046	5.237227e-01	3.087715e-02	3.211266e+02	3.351872e-02	
28.000000	12.000000	150.099839	130.948705	5.664896e-01	3.376989e-02	3.209844e+02	4.247669e-02	
28.000000	16.000000	147.837945	4.001409	5.299468e-01	3.054951e-02	3.210668e+02	3.371779e-02	
28.000000	20.000000	147.052025	5.325658	5.135918e-01	2.274715e-02	3.213581e+02	3.576350e-02	
28.000000	24.000000	145.025947	3.159947	5.492952e-01	2.596319e-02	3.217911e+02	3.688103e-02	
28.000000	28.000000	140.827313	2.716467	4.915822e-01	3.199603e-02	3.219564e+02	3.014999e-02	
28.000000	32.000000	140.801865	13.875174	4.762655e-01	3.352109e-02	3.220929e+02	2.913662e-02	
28.000000	36.000000	140.818894	2.904959	5.773401e-01	2.862670e-02	3.226360e+02	3.946225e-02	
28.000000	40.000000	145.458845	31.128268	5.003692e-01	2.368906e-02	3.232936e+02	3.471854e-02	
28.000000	44.000000	149.062281	936.815254	5.836829e-01	2.818666e-02	3.235234e+02	3.990337e-02	
28.000000	48.000000	160.815982	59.310791	6.017697e-01	2.925542e-02	3.228184e+02	3.965314e-02	
28.000000	52.000000	182.951384	8.740295	5.361662e-01	2.734199e-02	3.208704e+02	3.742344e-02	
28.000000	56.000000	177.326175	4.739782	4.637391e-01	3.183588e-02	3.161073e+02	2.867415e-02	
28.000000	60.000000	153.309854	8.320594	5.406823e-01	2.868861e-02	3.071738e+02	3.514440e-02	
32.000000	0.000000	141.375235	6.367575	6.501697e-01	3.733237e-02	3.045385e+02	4.514870e-02	
32.000000	4.000000	153.839476	6.757122	5.487758e-01	2.551869e-02	3.213682e+02	3.751768e-02	
32.000000	8.000000	153.301344	6.656677	5.708411e-01	3.284153e-02	3.208029e+02	3.884683e-02	
32.000000	12.000000	153.305536	5.937533	5.608927e-01	2.560303e-02	3.204859e+02	3.844546e-02	
32.000000	16.000000	153.304851	5.795025	5.518217e-01	2.518593e-02	3.204148e+02	3.790989e-02	
32.000000	20.000000	149.511135	57.593046	5.554009e-01	3.203416e-02	3.209467e+02	4.189459e-02	
32.000000	24.000000	147.045164	190.999730	5.179641e-01	2.237149e-02	3.213929e+02	3.604904e-02	
32.000000	28.000000	146.274986	2.513783	5.005038e-01	2.200191e-02	3.216498e+02	3.522257e-02	
32.000000	32.000000	145.452348	16.351956	5.337491e-01	3.004478e-02	3.220503e+02	3.388381e-02	
32.000000	36.000000	145.638880	35.360663	5.586726e-01	2.552975e-02	3.225517e+02	3.828555e-02	
32.000000	40.000000	147.054858	2.053284	5.320868e-01	2.907679e-02	3.230702e+02	3.416717e-02	
32.000000	44.000000	153.295876	2.374706	5.113453e-01	2.517153e-02	3.232702e+02	3.486381e-02	
32.000000	48.000000	164.758994	2.705885	6.098475e-01	4.146610e-02	3.229009e+02	4.497270e-02	
32.000000	52.000000	184.550621	7.770248	4.443670e-01	3.607530e-02	3.210759e+02	2.618053e-02	
32.000000	56.000000	184.548773	6.215081	5.549701e-01	3.014859e-02	3.167738e+02	3.737138e-02	
32.000000	60.000000	159.555639	10.517190	6.269201e-01	3.380261e-02	3.085142e+02	4.315132e-02	
36.000000	0.000000	147.058919	6.522840	5.578969e-01	3.258564e-02	3.041764e+02	3.755828e-02	
36.000000	4.000000	158.677166	5.562147	5.714730e-01	2.851379e-02	3.212619e+02	3.777563e-02	
36.000000	8.000000	159.550730	4.897739	5.402077e-01	2.356768e-02	3.205144e+02	3.737619e-02	
36.000000	12.000000	158.347083	4.229893	5.442532e-01	3.454918e-02	3.201234e+02	3.629247e-02	
36.000000	16.000000	156.134181	59.224612	5.597092e-01	2.585737e-02	3.201888e+02	3.896375e-02	
36.000000	20.000000	153.307816	61.933670	5.747248e-01	2.722302e-02	3.204579e+02	3.929761e-02	
36.000000	24.000000	151.181355	64.742506	5.463894e-01	2.941082e-02	3.209573e+02	3.499491e-02	
36.000000	28.000000	147.055850	2.597586	5.652865e-01	2.741927e-02	3.213551e+02	3.852359e-02	
36.000000	32.000000	147.051043	208.654399	5.467688e-01	3.185733e-02	3.218247e+02	3.660614e-02	
36.000000	36.000000	147.051904	45.341882	5.715614e-01	2.681674e-02	3.224129e+02	3.860976e-02	
36.000000	40.000000	147.864008	2.325772	5.199610e-01	2.691962e-02	3.228220e+02	3.406304e-02	
36.000000	44.000000	153.297722	3.061468	5.556630e-01	2.951213e-02	3.230414e+02	3.634049e-02	
36.000000	48.000000	165.804193	189.654842	5.412595e-01	3.398447e-02	3.228691e+02	3.604289e-02	
36.000000	52.000000	184.550025	7.934400	5.359321e-01	2.398614e-02	3.214067e+02	3.672705e-02	
36.000000	56.000000	190.798773	19.742410	5.197613e-01	2.345453e-02	3.173457e+02	3.587916e-02	
36.000000	60.000000	165.795136	7.505346	5.260424e-01	2.934002e-02	3.098941e+02	3.346566e-02	
40.000000	0.000000	153.301975	5.762275	5.609323e-01	3.115250e-02	3.037841e+02	3.793311e-02	
40.000000	4.000000	163.567323	73.927504	5.700863e-01	2.795469e-02	3.208728e+02	3.857731e-02	
40.000000	8.000000	162.744767	187.563561	5.364930e-01	3.093592e-02	3.200332e+02	3.687860e-02	
40.000000	12.000000	161.124350	92.072465	4.894791e-01	3.192777e-02	3.199688e+02	3.142007e-02	
40.000000	16.000000	159.550663	6.363017	4.865385e-01	3.296829e-02	3.199827e+02	3.138779e-02	
40.000000	20.000000	159.554640	4.638768	5.558067e-01	2.816156e-02	3.201595e+02	3.622567e-02	
40.000000	24.000000	153.305606	3.657238	5.641818e-01	2.626067e-02	3.205703e+02	3.859743e-02	
40.000000	28.000000	153.305668	3.094861	5.545452e-01	3.017013e-02	3.210518e+02	3.574325e-02	
40.000000	32.000000	152.008528	2.606377	4.619360e-01	2.656340e-02	3.212076e+02	3.235235e-02	
40.000000	36.000000	151.601995	42.437662	5.218511e-01	2.698352e-02	3.218270e+02	3.429248e-02	
40.000000	40.000000	153.307680	3.431399	5.753343e-01	2.724882e-02	3.225327e+02	3.934271e-02	
40.000000	44.000000	159.546147	2.480138	5.069340e-01	3.162840e-02	3.230508e+02	3.558262e-02	
40.000000	48.000000	167.094720	4.839273	5.453208e-01	2.610890e-02	3.228087e+02	3.667847e-02	
40.000000	52.000000	187.334653	367.108481	5.594448e-01	2.596254e-02	3.214151e+02	3.836494e-02	
40.000000	56.000000	197.595152	6.677876	4.962099e-01	3.132038e-02	3.180207e+02	3.046146e-02	
40.000000	60.000000	172.574569	9.289627	5.214638e-01	3.034922e-02	3.111740e+02	3.450068e-02	
44.000000	0.000000	159.560636	5.338512	4.982513e-01	3.050807e-02	3.031423e+02	3.152873e-02	
44.000000	4.000000	168.783424	7.538894	5.238668e-01	2.732772e-02	3.202345e+02	3.457737e-02	
44.000000	8.000000	168.537086	222.475807	5.368879e-01	2.338173e-02	3.195526e+02	3.708754e-02	
44.000000	12.000000	167.082523	11.068323	5.560184e-01	2.597986e-02	3.193330e+02	3.737126e-02	
44.000000	16.000000	165.859444	11.652488	5.055775e-01	2.479985e-02	3.192658e+02	3.406419e-02	
44.000000	20.000000	163.946381	100.160645	5.263184e-01	2.390942e-02	3.196464e+02	3.587685e-02	
44.000000	24.000000	159.559104	4.341494	5.786205e-01	3.081853e-02	3.202755e+02	3.947634e-02	
44.000000	28.000000	157.895009	6.317952	5.960048e-01	3.310866e-02	3.207387e+02	4.094123e-02	
44.000000	32.000000	154.649599	44.396765	5.498582e-01	3.123678e-02	3.209954e+02	3.720343e-02	
44.000000	36.000000	153.950684	3.213350	5.291681e-01	2.259007e-02	3.215291e+02	3.682774e-02	
44.000000	40.000000	157.280164	221.367638	5.322909e-01	2.666501e-02	3.222697e+02	3.600298e-02	
44.000000	44.000000	159.960475	2.705140	5.689700e-01	3.348244e-02	3.228212e+02	3.871805e-02	
44.000000	48.000000	172.111173	3.070669	4.937935e-01	2.737802e-02	3.227960e+02	3.315200e-02	
44.000000	52.000000	190.801414	10.343308	5.566317e-01	2.713992e-02	3.216730e+02	3.786262e-02	
44.000000	56.000000	209.555555	16.607311	5.687654e-01	2.657052e-02	3.185329e+02	3.900523e-02	
44.000000	60.000000	184.575118	14.491670	5.717089e-01	2.682162e-02	3.125281e+02	3.911016e-02	
48.000000	0.000000	165.837222	9.132222	5.660377e-01	3.539098e-02	3.028653e+02	3.859134e-02	
48.000000	4.000000	176.704674	473.702583	5.811394e-01	2.821820e-02	3.195704e+02	3.979480e-02	
48.000000	8.000000	177.086565	9.284469	5.291142e-01	2.748672e-02	3.188762e+02	3.613650e-02	
48.000000	12.000000	176.645123	203.506539	5.768997e-01	2.933628e-02	3.186772e+02	3.929066e-02	
48.000000	16.000000	173.330321	172.985446	5.625768e-01	3.342475e-02	3.188330e+02	3.803411e-02	
48.000000	20.000000	172.528044	5.400357	5.383812e-01	3.175305e-02	3.191663e+02	3.583024e-02	
48.000000	24.000000	167.100257	45.952568	5.880466e-01	2.897152e-02	3.195701e+02	4.019132e-02	
48.000000	28.000000	164.051886	87.593527	4.902305e-01	2.884963e-02	3.201778e+02	3.250940e-02	
48.000000	32.000000	160.884589	779.487561	5.464844e-01	2.423993e-02	3.205333e+02	3.769513e-02	
48.000000	36.000000	160.084344	203.685519	4.802409e-01	2.834260e-02	3.211770e+02	3.124162e-02	
48.000000	40.000000	160.781231	61.702136	5.190881e-01	2.966709e-02	3.219188e+02	3.663914e-02	
48.000000	44.000000	165.810010	49.749379	5.338265e-01	2.306596e-02	3.224521e+02	3.694325e-02	
48.000000	48.000000	176.559036	70.492340	5.497566e-01	2.477645e-02	3.225032e+02	3.762064e-02	
48.000000	52.000000	195.405262	5.078345	4.791733e-01	2.367610e-02	3.217324e+02	3.376124e-02	
48.000000	56.000000	222.050055	13.875324	5.494973e-01	3.285518e-02	3.190845e+02	3.668462e-02	
48.000000	60.000000	198.757737	6.577564	5.142202e-01	2.787853e-02	3.137971e+02	3.350867e-02	
52.000000	0.000000	178.302985	12.828102	4.575681e-01	3.467694e-02	3.039778e+02	2.670780e-02	
52.000000	4.000000	188.589367	867.357996	5.422365e-01	3.100976e-02	3.190052e+02	3.588098e-02	
52.000000	8.000000	188.870741	840.727920	5.608717e-01	2.571432e-02	3.182245e+02	3.798601e-02	
52.000000	12.000000	186.659467	920.879799	4.976250e-01	3.427116e-02	3.180231e+02	3.530074e-02	
52.000000	16.000000	185.989291	25.090460	5.414731e-01	3.046107e-02	3.181208e+02	3.496246e-02	
52.000000	20.000000	182.431454	246.619471	5.818744e-01	2.810121e-02	3.184486e+02	3.977029e-02	
52.000000	24.000000	176.559036	603.402429	4.906587e-01	3.610964e-02	3.189146e+02	3.088575e-02	
52.000000	28.000000	172.929285	118.825140	5.275551e-01	2.271461e-02	3.194277e+02	3.659385e-02	
52.000000	32.000000	172.049357	3.414651	5.516994e-01	2.847925e-02	3.198564e+02	3.598300e-02	
52.000000	36.000000	169.924870	29.247084	5.749114e-01	2.852340e-02	3.206453e+02	3.927523e-02	
52.000000	40.000000	170.125652	123.166100	5.500591e-01	2.559014e-02	3.213423e+02	3.699389e-02	
52.000000	44.000000	172.573400	46.557803	4.990290e-01	3.120662e-02	3.220897e+02	3.108767e-02	
52.000000	48.000000	183.323717	45.703905	4.912028e-01	3.215107e-02	3.221171e+02	3.077985e-02	
52.000000	52.000000	198.346989	89.299103	5.643778e-01	2.630356e-02	3.216524e+02	3.793626e-02	
52.000000	56.000000	229.585161	8.426926	5.037044e-01	2.196986e-02	3.193606e+02	3.540013e-02	
52.000000	60.000000	222.045708	9.164226	4.867977e-01	3.276685e-02	3.149807e+02	3.132219e-02	
56.000000	0.000000	195.412285	440.346555	5.006270e-01	2.691135e-02	3.061974e+02	3.290473e-02	
56.000000	4.000000	211.535519	850.172318	5.103554e-01	3.083401e-02	3.180037e+02	3.216771e-02	
56.000000	8.000000	211.814751	934.290885	5.140744e-01	2.620694e-02	3.172522e+02	3.419650e-02	
56.000000	12.000000	210.777467	535.942329	5.140744e-01	2.620694e-02	3.172522e+02	3.419650e-02	
56.000000	16.000000	208.048623	42.345134	5.315102e-01	2.471647e-02	3.173302e+02	3.601383e-02	
56.000000	20.000000	202.783045	224.175084	5.443405e-01	2.445647e-02	3.175856e+02	3.748753e-02	
56.000000	24.000000	195.476239	10.855719	5.358492e-01	2.655866e-02	3.182828e+02	3.639284e-02	
56.000000	28.000000	189.939306	367.366673	5.314716e-01	3.277111e-02	3.189209e+02	4.377431e-02	
56.000000	32.000000	185.716156	652.196496	5.305308e-01	2.312192e-02	3.194500e+02	3.667751e-02	
56.000000	36.000000	183.482435	4.762655	5.245369e-01	2.949875e-02	3.201125e+02	3.344094e-02	
56.000000	40.000000	183.035906	1.851434	5.678566e-01	2.782732e-02	3.208526e+02	3.764921e-02	
56.000000	44.000000	184.551186	3.510901	5.776687e-01	2.777715e-02	3.215657e+02	3.956199e-02	
56.000000	48.000000	191.497682	38.638513	5.689983e-01	2.554969e-02	3.217840e+02	3.937768e-02	
56.000000	52.000000	208.558953	4.102832	5.063107e-01	2.062919e-02	3.214849e+02	3.591546e-02	
56.000000	56.000000	239.199659	516.477560	5.131406e-01	2.845662e-02	3.198974e+02	3.389933e-02	
56.000000	60.000000	252.091465	8.314505	5.797203e-01	2.916090e-02	3.163460e+02	3.952875e-02	
60.000000	0.000000	222.087222	20.704024	4.443867e-01	3.572101e-02	3.090689e+02	2.606782e-02	
60.000000	4.000000	355.473710	763.569622	6.123546e-01	3.274061e-02	3.181244e+02	4.076230e-02	
60.000000	8.000000	381.952565	766.945066	5.531870e-01	2.563602e-02	3.176129e+02	3.783975e-02	
60.000000	12.000000	375.234487	774.910856	5.487758e-01	2.551869e-02	3.173682e+02	3.751768e-02	
60.000000	16.000000	364.818965	754.459152	6.061897e-01	3.099436e-02	3.174580e+02	4.143710e-02	
60.000000	20.000000	344.211988	784.601164	6.187040e-01	4.207292e-02	3.178940e+02	4.600955e-02	
60.000000	24.000000	316.253363	794.890980	5.704284e-01	2.568798e-02	3.187955e+02	4.027015e-02	
60.000000	28.000000	291.616511	267.559218	5.297359e-01	2.312438e-02	3.195869e+02	3.673545e-02	
60.000000	32.000000	269.474438	435.697089	6.037720e-01	3.037328e-02	3.199701e+02	3.950141e-02	
60.000000	36.000000	246.286301	95.534916	5.541876e-01	2.584184e-02	3.202449e+02	3.699757e-02	
60.000000	40.000000	226.154720	808.575958	6.076292e-01	3.280748e-02	3.206692e+02	4.177444e-02	
60.000000	44.000000	217.006906	76.446575	6.954618e-01	6.076120e-02	3.210444e+02	7.031037e-02	
60.000000	48.000000	216.713482	5.656479	5.458405e-01	2.867632e-02	3.211614e+02	3.544449e-02	
60.000000	52.000000	228.304897	5.382073	5.598591e-01	3.285404e-02	3.211265e+02	3.729108e-02	
60.000000	56.000000	257.868247	49.210381	5.376354e-01	3.190074e-02	3.200208e+02	3.586639e-02	
60.000000	60.000000	304.737020	29.098811	5.628260e-01	2.567726e-02	3.172427e+02	3.784979e-02	
0.000000	0.000000	279.607459	233.554394	5.546575e-01	2.994365e-02	3.120288e+02	3.667603e-02	
