0.000000	4.000000	135.366311	4.175273	5.173564e-01	2.210527e-02	1.844072e+02	3.608181e-02	
0.000000	8.000000	134.534121	3.285875	5.517674e-01	2.686677e-02	1.843213e+02	3.760371e-02	
0.000000	12.000000	134.548232	2.828499	5.680219e-01	2.838936e-02	1.846772e+02	3.863659e-02	
0.000000	16.000000	133.795997	1.444639	5.680219e-01	2.838936e-02	1.846772e+02	3.863659e-02	
0.000000	20.000000	129.634829	557.151382	5.497934e-01	2.459188e-02	1.845380e+02	3.787234e-02	
0.000000	24.000000	128.307904	2.144555	5.630701e-01	2.608538e-02	1.844435e+02	3.862959e-02	
0.000000	28.000000	128.638333	125.800885	5.356480e-01	2.309791e-02	1.844808e+02	3.706305e-02	
0.000000	32.000000	130.075128	9.265840	5.365515e-01	2.323268e-02	1.844808e+02	3.718824e-02	
0.000000	36.000000	134.548798	1.864043	5.571455e-01	2.534382e-02	1.845378e+02	3.829326e-02	
0.000000	40.000000	134.822136	2.081010	4.375809e-01	3.583387e-02	1.840898e+02	2.628570e-02	
0.000000	44.000000	142.193230	28.438044	5.545704e-01	2.499554e-02	1.834858e+02	3.815790e-02	
0.000000	48.000000	153.294837	2.473578	5.263580e-01	2.473104e-02	1.823182e+02	3.609924e-02	
0.000000	52.000000	160.756902	2.530988	9.583510e+02	5.090729e+02	2.647860e+02	7.554442e+02	
0.000000	56.000000	153.306006	9.141849	4.805626e-01	3.280029e-02	4.410764e+02	2.932432e-02	
0.000000	60.000000	147.046060	5.558197	6.131452e-01	2.784557e-02	4.342366e+02	4.147679e-02	
4.000000	0.000000	139.598680	303.514792	5.687654e-01	2.657053e-02	4.295329e+02	3.900524e-02	
4.000000	4.000000	140.091237	2.743930	4.538391e-01	3.630783e-02	1.840589e+02	2.665718e-02	
4.000000	8.000000	135.031122	4.383554	5.054865e-01	3.191696e-02	1.840204e+02	3.203554e-02	
4.000000	12.000000	134.550670	2.300870	4.840569e-01	2.432236e-02	1.842650e+02	3.342214e-02	
4.000000	16.000000	134.558392	2.553128	5.343387e-01	2.426617e-02	1.843688e+02	3.635266e-02	
4.000000	20.000000	134.554209	1.454668	5.265301e-01	2.229563e-02	1.845049e+02	3.672161e-02	
4.000000	24.000000	133.348681	30.081866	5.217025e-01	2.441593e-02	1.843146e+02	3.541195e-02	
4.000000	28.000000	132.847118	557.990593	5.209744e-01	2.201567e-02	1.845040e+02	3.633458e-02	
4.000000	32.000000	134.552590	1.728396	5.430667e-01	2.566862e-02	1.843351e+02	3.704577e-02	
4.000000	36.000000	134.551692	229.703062	5.510247e-01	2.587416e-02	1.842924e+02	3.679923e-02	
4.000000	40.000000	140.013125	57.834294	4.917579e-01	3.117321e-02	1.840450e+02	3.145041e-02	
4.000000	44.000000	146.016479	187.254974	5.382762e-01	2.543902e-02	1.836707e+02	3.681795e-02	
4.000000	48.000000	153.295489	2.471848	5.503140e-01	2.528409e-02	1.823916e+02	3.768221e-02	
4.000000	52.000000	161.684542	11.701399	5.911466e+02	1.622670e+02	-1.578593e+03	8.988635e+02	
4.000000	56.000000	159.550012	5.305672	5.457168e-01	2.643616e-02	4.416839e+02	3.719612e-02	
4.000000	60.000000	147.087669	7.117379	5.891223e-01	2.559771e-02	4.352741e+02	4.049438e-02	
8.000000	0.000000	140.798488	7.093051	5.881421e-01	2.913370e-02	4.295798e+02	4.028145e-02	
8.000000	4.000000	140.803769	4.460849	5.493964e-01	2.680136e-02	1.838479e+02	3.913682e-02	
8.000000	8.000000	139.951731	2.560675	5.428494e-01	2.662805e-02	1.838459e+02	3.747662e-02	
8.000000	12.000000	135.292430	4.001577	5.399995e-01	2.876234e-02	1.841435e+02	3.491150e-02	
8.000000	16.000000	134.558461	23.308111	5.223885e-01	2.470906e-02	1.843082e+02	3.582430e-02	
8.000000	20.000000	134.544748	2.830945	5.633617e-01	2.763001e-02	1.843539e+02	3.790269e-02	
8.000000	24.000000	134.553027	2.483933	5.274866e-01	2.321541e-02	1.844064e+02	3.627614e-02	
8.000000	28.000000	134.547973	2.218164	5.223885e-01	2.470906e-02	1.843082e+02	3.582430e-02	
8.000000	32.000000	134.555869	2.428703	4.911056e-01	2.524250e-02	1.842500e+02	3.324988e-02	
8.000000	36.000000	134.549466	1.983584	5.038236e-01	2.801108e-02	1.841522e+02	3.258349e-02	
8.000000	40.000000	140.807885	1.790071	5.128326e-01	2.891692e-02	1.839116e+02	3.432218e-02	
8.000000	44.000000	147.054901	1.603238	5.450332e-01	2.730173e-02	1.837162e+02	3.698479e-02	
8.000000	48.000000	153.822256	4.891042	5.063107e-01	2.062926e-02	1.824849e+02	3.591556e-02	
8.000000	52.000000	162.710842	832.410548	3.977165e+01	5.570005e+00	3.013198e+02	2.954013e+00	
8.000000	56.000000	160.898769	959.545914	4.767012e-01	3.185739e-02	4.420616e+02	2.909105e-02	
8.000000	60.000000	153.305985	8.884955	5.221258e-01	4.001294e-02	4.359531e+02	4.931860e-02	
12.000000	0.000000	141.330108	5.278852	5.898759e-01	2.645925e-02	4.296713e+02	3.975040e-02	
12.000000	4.000000	140.805439	3.926779	5.378033e-01	2.351933e-02	1.835527e+02	3.721388e-02	
12.000000	8.000000	140.797652	6.043896	5.838895e-01	2.834773e-02	1.835422e+02	3.999873e-02	
12.000000	12.000000	139.763093	1.914676	5.867796e-01	3.263347e-02	1.837565e+02	4.014403e-02	
12.000000	16.000000	135.881648	3.331144	5.726089e-01	3.411611e-02	1.841707e+02	3.904346e-02	
12.000000	20.000000	134.544103	2.230778	5.558879e-01	2.602077e-02	1.843012e+02	3.722688e-02	
12.000000	24.000000	134.551590	4.134996	4.770745e-01	2.586842e-02	1.842169e+02	3.216117e-02	
12.000000	28.000000	134.555137	9.948855	5.242297e-01	2.692947e-02	1.841625e+02	3.448824e-02	
12.000000	32.000000	134.550435	1.972597	5.081508e-01	3.183729e-02	1.841265e+02	3.239341e-02	
12.000000	36.000000	138.365289	215.090388	5.721070e-01	2.986245e-02	1.840774e+02	3.704287e-02	
12.000000	40.000000	140.802099	184.193570	5.370499e-01	3.528763e-02	1.838937e+02	3.559016e-02	
12.000000	44.000000	147.057905	54.118638	6.406467e-01	3.778877e-02	1.836880e+02	4.504120e-02	
12.000000	48.000000	157.759179	56.582310	5.311852e-01	2.638810e-02	1.827912e+02	3.516124e-02	
12.000000	52.000000	169.986274	7.766796	5.996533e+02	3.351237e+02	-1.581696e+03	2.134476e+03	
12.000000	56.000000	165.805597	3.199920	4.928845e-01	1.966990e-02	4.425260e+02	3.550094e-02	
12.000000	60.000000	156.216578	5.501616	5.774884e-01	3.649513e-02	4.369846e+02	4.474147e-02	
16.000000	0.000000	147.055335	7.471413	5.675739e-01	2.968656e-02	4.299749e+02	3.689712e-02	
16.000000	4.000000	145.120739	111.638377	5.623354e-01	2.608957e-02	1.835115e+02	3.833128e-02	
16.000000	8.000000	140.802231	3.837282	5.279339e-01	2.604055e-02	1.832781e+02	3.581022e-02	
16.000000	12.000000	140.805869	159.544106	6.162191e-01	3.523355e-02	1.837231e+02	4.288043e-02	
16.000000	16.000000	140.807998	1.943485	4.931160e-01	3.338948e-02	1.839785e+02	3.335240e-02	
16.000000	20.000000	138.130820	204.612186	4.951806e-01	3.415710e-02	1.840562e+02	3.147594e-02	
16.000000	24.000000	134.995020	2.997501	4.923047e-01	3.199544e-02	1.840419e+02	3.027595e-02	
16.000000	28.000000	135.412373	3.489003	5.525346e-01	3.116564e-02	1.840303e+02	3.645778e-02	
16.000000	32.000000	136.852951	219.887496	5.925013e-01	3.007991e-02	1.841193e+02	3.876305e-02	
16.000000	36.000000	140.809569	1.904945	4.925424e-01	3.044297e-02	1.840640e+02	3.119115e-02	
16.000000	40.000000	140.805392	2.133054	5.190848e-01	2.987402e-02	1.839205e+02	3.684885e-02	
16.000000	44.000000	147.058926	2.190167	4.911725e-01	2.873906e-02	1.838548e+02	3.147462e-02	
16.000000	48.000000	159.555929	2.326791	5.594945e-01	3.353511e-02	1.830692e+02	3.825843e-02	
16.000000	52.000000	170.798770	7.752625	2.519161e+01	8.857945e-01	3.117207e+02	5.035731e-01	
16.000000	56.000000	172.045188	25.429179	5.138348e-01	3.016547e-02	4.429009e+02	3.243691e-02	
16.000000	60.000000	159.556004	5.852180	5.598328e-01	2.938393e-02	4.380998e+02	3.621416e-02	
20.000000	0.000000	149.194219	1109.821182	5.431747e-01	2.389582e-02	4.304714e+02	3.752205e-02	
20.000000	4.000000	147.055785	6.375753	5.707791e-01	2.692665e-02	1.834436e+02	3.911573e-02	
20.000000	8.000000	147.045864	3.134775	5.459322e-01	2.521396e-02	1.833646e+02	3.698089e-02	
20.000000	12.000000	141.244868	3.840861	5.523205e-01	2.547921e-02	1.835559e+02	3.795669e-02	
20.000000	16.000000	140.809339	185.406168	6.081827e-01	3.349209e-02	1.836975e+02	4.190767e-02	
20.000000	20.000000	140.800402	2.551748	5.292882e-01	2.795238e-02	1.838857e+02	3.680358e-02	
20.000000	24.000000	140.806006	1.810909	5.112637e-01	2.810112e-02	1.838807e+02	3.325922e-02	
20.000000	28.000000	140.802252	1.611561	5.609970e-01	2.641363e-02	1.838280e+02	4.053117e-02	
20.000000	32.000000	140.801981	2.258034	5.468266e-01	2.611843e-02	1.838165e+02	3.704902e-02	
20.000000	36.000000	140.793512	1.247898	5.475860e-01	3.522008e-02	1.838829e+02	3.676066e-02	
20.000000	40.000000	145.179079	866.202084	5.169311e-01	4.237063e-02	1.839812e+02	3.455624e-02	
20.000000	44.000000	148.460619	3.717092	5.856010e-01	3.145761e-02	1.837202e+02	4.006212e-02	
20.000000	48.000000	159.554011	3.771228	4.899737e-01	3.422795e-02	1.830672e+02	3.077416e-02	
20.000000	52.000000	171.073484	10.410770	4.899012e-01	2.893080e-02	1.818114e+02	3.357841e-02	
20.000000	56.000000	176.111136	1094.210025	5.551775e-01	2.630032e-02	4.431700e+02	3.919229e-02	
20.000000	60.000000	165.812376	5.002436	6.228051e-01	2.857834e-02	4.387249e+02	4.199490e-02	
24.000000	0.000000	153.305426	4.912215	5.525596e-01	2.603357e-02	4.313632e+02	3.781009e-02	
24.000000	4.000000	147.758028	5.143131	5.801330e-01	3.159974e-02	1.831796e+02	3.831228e-02	
24.000000	8.000000	147.055906	4.829707	5.331560e-01	2.884122e-02	1.831614e+02	3.440836e-02	
24.000000	12.000000	147.052034	2.937862	5.723370e-01	2.698967e-02	1.834624e+02	3.923017e-02	
24.000000	16.000000	142.040828	55.265998	5.854703e-01	2.884401e-02	1.835888e+02	3.999922e-02	
24.000000	20.000000	140.802728	2.944210	5.341297e-01	2.588622e-02	1.837253e+02	3.576394e-02	
24.000000	24.000000	140.802985	199.533027	5.450332e-01	2.730173e-02	1.837162e+02	3.698479e-02	
24.000000	28.000000	140.807853	202.381098	5.371558e-01	2.570549e-02	1.836848e+02	3.667496e-02	
24.000000	32.000000	140.800012	19.446207	5.577992e-01	2.646706e-02	1.836318e+02	3.815226e-02	
24.000000	36.000000	141.595193	3.503057	6.138554e-01	3.814637e-02	1.838223e+02	4.358177e-02	
24.000000	40.000000	147.045177	2.697393	4.561521e-01	4.847318e-02	1.839909e+02	2.720330e-02	
24.000000	44.000000	153.295318	1.581073	5.325802e-01	2.413186e-02	1.836271e+02	3.637641e-02	
24.000000	48.000000	159.553412	2.384470	5.363318e-01	3.000264e-02	1.830040e+02	3.432836e-02	
24.000000	52.000000	170.866115	5.746936	3.436395e+02	3.172709e+02	1.433377e+00	3.165895e+02	
24.000000	56.000000	178.294335	4.324222	5.333719e-01	2.480488e-02	4.436621e+02	3.659275e-02	
24.000000	60.000000	172.051977	9.836286	5.499128e-01	2.590906e-02	4.397041e+02	3.682176e-02	
28.000000	0.000000	159.558435	9.230871	5.617646e-01	2.618600e-02	4.323658e+02	3.785633e-02	
28.000000	4.000000	153.306002	4.827556	5.428981e-01	2.742994e-02	1.828661e+02	3.894598e-02	
28.000000	8.000000	150.984515	164.733868	6.046844e-01	3.915239e-02	1.828683e+02	4.330979e-02	
28.000000	12.000000	147.054598	3.245216	4.733492e-01	3.017865e-02	1.831515e+02	3.024902e-02	
28.000000	16.000000	147.052493	3.011670	5.402077e-01	2.356765e-02	1.835144e+02	3.737615e-02	
28.000000	20.000000	145.456867	60.342701	6.095402e-01	3.410947e-02	1.837127e+02	4.218558e-02	
28.000000	24.000000	142.343100	48.644662	5.902293e-01	2.953341e-02	1.835939e+02	4.042765e-02	
28.000000	28.000000	142.040887	63.635341	6.105739e-01	3.111972e-02	1.835356e+02	4.141895e-02	
28.000000	32.000000	142.638864	67.175787	5.605402e-01	2.572540e-02	1.835425e+02	3.849085e-02	
28.000000	36.000000	147.054069	2.166405	5.515178e-01	2.586628e-02	1.836363e+02	3.766681e-02	
28.000000	40.000000	147.045931	2.211064	5.701176e-01	3.366563e-02	1.838245e+02	3.876310e-02	
28.000000	44.000000	153.301349	166.417131	5.355379e-01	2.347805e-02	1.835720e+02	3.706023e-02	
28.000000	48.000000	159.925228	4.179714	5.328811e-01	2.617713e-02	1.832307e+02	3.536873e-02	
28.000000	52.000000	173.478331	7.465516	5.029552e-01	2.994144e-02	1.820672e+02	3.305307e-02	
28.000000	56.000000	184.552006	15.255228	5.346950e-01	2.869705e-02	4.442239e+02	3.589061e-02	
28.000000	60.000000	178.338290	7.359154	6.089722e-01	3.118945e-02	4.404104e+02	4.085672e-02	
32.000000	0.000000	165.795854	9.925043	5.764259e-01	2.829585e-02	4.333781e+02	3.941628e-02	
32.000000	4.000000	153.830075	5.617430	5.960788e-01	2.968565e-02	1.824813e+02	4.077525e-02	
32.000000	8.000000	153.305389	20.431683	6.079730e-01	3.206294e-02	1.826179e+02	4.180441e-02	
32.000000	12.000000	152.448977	3.144882	5.107144e-01	3.058827e-02	1.829904e+02	3.205022e-02	
32.000000	16.000000	147.585202	3.060064	5.535671e-01	2.585785e-02	1.833374e+02	3.724935e-02	
32.000000	20.000000	147.058775	182.557037	5.640178e-01	2.639421e-02	1.834200e+02	3.865669e-02	
32.000000	24.000000	147.053955	3.632438	6.265667e-01	3.396486e-02	1.835523e+02	4.324192e-02	
32.000000	28.000000	147.082641	3.577111	5.721002e-01	2.767696e-02	1.836168e+02	3.904014e-02	
32.000000	32.000000	147.087222	3.680008	5.716375e-01	2.696122e-02	1.835470e+02	3.917884e-02	
32.000000	36.000000	147.051628	2.725460	5.367624e-01	2.349953e-02	1.834376e+02	3.714281e-02	
32.000000	40.000000	151.314613	2.092476	5.719728e-01	3.219475e-02	1.837845e+02	3.892015e-02	
32.000000	44.000000	153.812542	3.316648	5.415722e-01	2.466734e-02	1.836189e+02	3.723394e-02	
32.000000	48.000000	164.715971	2.515411	5.039491e-01	2.623540e-02	1.832199e+02	3.341799e-02	
32.000000	52.000000	177.309009	4.955319	5.172262e-01	2.456680e-02	1.822988e+02	3.541645e-02	
32.000000	56.000000	185.884607	902.693459	1.732151e+02	1.552068e+02	7.678695e+02	1.664497e+02	
32.000000	60.000000	184.553653	16.447246	5.720379e-01	2.900099e-02	4.413174e+02	3.900361e-02	
36.000000	0.000000	172.050976	11.394211	5.672618e-01	2.960442e-02	4.350417e+02	3.667967e-02	
36.000000	4.000000	159.542283	19.514925	5.879484e-01	2.824518e-02	1.824649e+02	3.966300e-02	
36.000000	8.000000	157.840937	93.438861	5.426506e-01	2.376192e-02	1.825190e+02	3.741898e-02	
36.000000	12.000000	153.305350	3.737063	5.513361e-01	2.544620e-02	1.826088e+02	3.782318e-02	
36.000000	16.000000	153.310081	4.369880	4.915710e-01	3.376343e-02	1.829829e+02	3.320775e-02	
36.000000	20.000000	151.605942	2.621010	5.360034e-01	2.780371e-02	1.832324e+02	3.523593e-02	
36.000000	24.000000	147.930028	42.829649	5.025401e-01	3.126495e-02	1.831365e+02	3.187476e-02	
36.000000	28.000000	148.477121	3.827615	5.252911e-01	2.416301e-02	1.833367e+02	3.616517e-02	
36.000000	32.000000	147.598560	4.503350	5.831155e-01	3.265897e-02	1.832333e+02	3.991869e-02	
36.000000	36.000000	151.544622	0.585657	5.477988e-01	2.625954e-02	1.833494e+02	3.692251e-02	
36.000000	40.000000	153.305126	167.247011	5.762484e-01	2.728818e-02	1.834953e+02	3.940970e-02	
36.000000	44.000000	159.548622	2.660540	5.636220e-01	2.780295e-02	1.836688e+02	3.843148e-02	
36.000000	48.000000	165.794085	76.928533	5.214638e-01	3.034920e-02	1.831740e+02	3.450048e-02	
36.000000	52.000000	178.301007	9.927463	5.440141e-01	2.405571e-02	1.824478e+02	3.745690e-02	
36.000000	56.000000	192.245135	8.231276	8.737130e+02	8.737135e+02	8.145820e+02	6.086036e+02	
36.000000	60.000000	190.814222	4.249428	5.830676e-01	4.277868e-02	4.419603e+02	4.326250e-02	
40.000000	0.000000	178.300037	6.207054	5.023896e-01	3.106441e-02	4.361501e+02	3.282423e-02	
40.000000	4.000000	164.118729	7.862956	5.396499e-01	2.978497e-02	1.819494e+02	3.627431e-02	
40.000000	8.000000	159.980067	5.219556	4.591258e-01	3.451527e-02	1.820103e+02	2.689370e-02	
40.000000	12.000000	159.548938	5.018760	5.772998e-01	2.747934e-02	1.825141e+02	3.956306e-02	
40.000000	16.000000	154.690005	120.576654	5.772684e-01	2.875084e-02	1.826689e+02	3.852529e-02	
40.000000	20.000000	153.295172	4.107510	5.225785e-01	2.961399e-02	1.829506e+02	3.316010e-02	
40.000000	24.000000	153.301945	164.370134	4.982262e-01	3.190638e-02	1.829613e+02	3.354704e-02	
40.000000	28.000000	153.303791	4.637366	5.360375e-01	2.753253e-02	1.831255e+02	3.769991e-02	
40.000000	32.000000	153.298381	25.104199	5.392220e-01	3.052906e-02	1.831898e+02	3.593730e-02	
40.000000	36.000000	153.290989	3.821928	5.336858e-01	2.851684e-02	1.832249e+02	3.575090e-02	
40.000000	40.000000	154.974052	57.803584	5.545704e-01	2.499559e-02	1.835142e+02	3.815794e-02	
40.000000	44.000000	159.562704	3.119276	6.055533e-01	2.618289e-02	1.836757e+02	4.144215e-02	
40.000000	48.000000	167.245123	64.683940	5.272168e-01	2.403695e-02	1.833531e+02	3.598990e-02	
40.000000	52.000000	178.835897	4.924983	5.873012e-01	3.059338e-02	1.826782e+02	4.018512e-02	
40.000000	56.000000	193.667046	8.141860	3.289563e+01	2.676080e+00	3.203288e+02	1.467770e+00	
40.000000	60.000000	201.174868	1057.502730	5.573371e-01	2.755422e-02	4.426793e+02	3.734260e-02	
44.000000	0.000000	188.611136	1071.498903	6.308670e-01	3.303192e-02	4.377456e+02	4.199025e-02	
44.000000	4.000000	167.348149	97.949186	2.441951e+02	1.890603e+02	1.597384e+00	1.880364e+02	
44.000000	8.000000	164.550123	5.879496	5.961868e-01	3.038505e-02	1.815721e+02	4.132134e-02	
44.000000	12.000000	164.246233	5.435672	4.980582e-01	2.890018e-02	1.818772e+02	3.182348e-02	
44.000000	16.000000	159.548976	4.408606	5.201938e-01	2.647017e-02	1.822531e+02	3.522726e-02	
44.000000	20.000000	159.545146	5.482470	5.867651e-01	2.906485e-02	1.825892e+02	4.017844e-02	
44.000000	24.000000	158.691587	3.636877	5.680219e-01	2.838936e-02	1.826772e+02	3.863659e-02	
44.000000	28.000000	157.941632	60.241584	5.794700e-01	3.228855e-02	1.827564e+02	3.944653e-02	
44.000000	32.000000	157.997225	706.185425	5.465914e-01	3.063034e-02	1.828010e+02	3.658697e-02	
44.000000	36.000000	159.558154	3.226555	5.017497e-01	3.252816e-02	1.830328e+02	3.176830e-02	
44.000000	40.000000	159.556007	3.257640	4.954902e-01	2.980365e-02	1.831441e+02	3.135966e-02	
44.000000	44.000000	165.795857	3.587405	5.468296e-01	3.329870e-02	1.831484e+02	3.658548e-02	
44.000000	48.000000	172.055724	160.040945	4.691559e-01	2.946738e-02	1.831573e+02	3.023334e-02	
44.000000	52.000000	184.546391	4.751263	5.300315e-01	2.435433e-02	1.826572e+02	3.636374e-02	
44.000000	56.000000	201.424599	5.263931	1.015304e+03	1.028937e+03	2.946843e+03	2.996769e+03	
44.000000	60.000000	209.583563	6.735540	5.297275e-01	2.881192e-02	4.431697e+02	3.421775e-02	
48.000000	0.000000	197.862531	87.824035	5.834701e-01	3.035867e-02	4.390594e+02	3.805870e-02	
48.000000	4.000000	177.372896	10.406731	1.017623e+03	5.376360e+02	1.839864e+03	1.773871e+03	
48.000000	8.000000	169.967974	5.876218	2.555537e+01	5.959769e-01	3.057699e+02	7.557866e-01	
48.000000	12.000000	170.302328	109.156991	1.008633e+02	1.315570e+02	2.046255e+02	3.046200e+02	
48.000000	16.000000	165.803784	4.718014	5.281559e-01	2.546202e-02	1.817037e+02	3.596262e-02	
48.000000	20.000000	164.920823	6.382705	5.361801e-01	3.791967e-02	1.820723e+02	3.595007e-02	
48.000000	24.000000	164.283831	59.774524	5.195615e-01	2.557377e-02	1.822756e+02	3.540596e-02	
48.000000	28.000000	161.880586	6.630210	5.553174e-01	2.779382e-02	1.822925e+02	3.702360e-02	
48.000000	32.000000	161.619263	168.248711	5.364651e-01	2.484906e-02	1.823477e+02	3.681091e-02	
48.000000	36.000000	164.181040	26.904833	5.854703e-01	2.884401e-02	1.825888e+02	3.999922e-02	
48.000000	40.000000	165.795155	5.394139	5.431840e-01	2.912134e-02	1.827709e+02	3.654473e-02	
48.000000	44.000000	168.750000	184.066589	5.282710e-01	2.869855e-02	1.828982e+02	3.759955e-02	
48.000000	48.000000	177.272147	3.627938	5.249152e-01	3.908249e-02	1.829462e+02	3.477011e-02	
48.000000	52.000000	185.770862	7.768941	5.547372e-01	2.767000e-02	1.827008e+02	3.762972e-02	
48.000000	56.000000	202.193220	7.847368	4.894138e-01	2.093206e-02	1.815952e+02	3.660120e-02	
48.000000	60.000000	222.055806	11.280514	5.841161e-01	3.055266e-02	4.438945e+02	4.523413e-02	
52.000000	0.000000	214.072267	142.623336	5.638419e-01	2.956819e-02	4.401257e+02	3.661775e-02	
52.000000	4.000000	179.522776	10.918290	2.279653e+01	3.806773e-01	3.144583e+02	4.304732e-01	
52.000000	8.000000	178.693739	515.599972	4.588130e+00	8.504398e+02	4.376335e+02	2.049597e+02	
52.000000	12.000000	175.293243	7.124133	1.313995e+03	1.272859e+03	2.743551e+03	1.841411e+03	
52.000000	16.000000	179.790085	6.711934	5.614507e+01	5.448098e+01	2.809015e+02	6.190347e+01	
52.000000	20.000000	170.129373	5.530810	2.975988e+02	1.531088e+02	2.358970e+02	2.230059e+02	
52.000000	24.000000	171.134492	2.178483	5.149664e-01	3.409252e-02	1.819795e+02	3.514335e-02	
52.000000	28.000000	170.440589	5.963263	1.734669e+02	1.704530e+02	6.523039e+01	1.340447e+02	
52.000000	32.000000	170.851010	304.571979	5.005918e-01	2.893518e-02	1.821115e+02	3.204697e-02	
52.000000	36.000000	170.973960	6.271899	5.082402e-01	2.088762e-02	1.824599e+02	3.595364e-02	
52.000000	40.000000	172.051564	197.096916	5.806556e-01	3.028013e-02	1.826966e+02	3.965054e-02	
52.000000	44.000000	176.586697	4.313329	5.284068e-01	2.770908e-02	1.827634e+02	3.556649e-02	
52.000000	48.000000	182.996563	63.120967	5.546748e-01	2.610761e-02	1.828221e+02	3.860572e-02	
52.000000	52.000000	192.100171	80.531547	5.652970e-01	2.644032e-02	1.825706e+02	3.875074e-02	
52.000000	56.000000	207.964165	8.751531	2.217427e+00	3.468101e+02	1.869754e+02	7.731420e+02	
52.000000	60.000000	228.788870	9.239751	5.232484e-01	2.542969e-02	4.442891e+02	3.579466e-02	
56.000000	0.000000	233.378375	7.056449	5.289519e-01	2.392147e-02	4.413607e+02	3.648155e-02	
56.000000	4.000000	195.331053	11.862453	5.424348e-01	2.614937e-02	4.437970e+02	3.620422e-02	
56.000000	8.000000	192.098910	15.126095	5.644223e-01	2.823351e-02	4.438065e+02	3.705894e-02	
56.000000	12.000000	188.356068	964.100528	2.444392e+02	1.560602e+02	6.095379e+02	1.832261e+02	
56.000000	16.000000	185.709873	12.912775	1.071414e+03	6.050310e+02	-7.674207e+02	9.786343e+02	
56.000000	20.000000	182.432543	38.262201	1.290545e+03	1.281346e+03	-2.030915e+03	2.856424e+03	
56.000000	24.000000	182.317361	53.458209	5.538278e+02	1.260132e+02	-1.611860e+03	7.258502e+02	
56.000000	28.000000	182.243560	675.518124	3.843936e+02	1.747541e+02	-9.882614e+02	1.167986e+03	
56.000000	32.000000	182.670774	8.549260	1.828203e+00	8.252023e+02	4.476167e+02	5.201000e+01	
56.000000	36.000000	182.892974	867.823071	4.991414e-01	2.332216e-02	1.816639e+02	3.670221e-02	
56.000000	40.000000	183.058214	6.216304	3.436238e+02	3.269842e+02	-2.935538e+01	3.121521e+02	
56.000000	44.000000	185.952959	5.312979	5.132889e-01	2.955690e-02	1.821422e+02	3.269298e-02	
56.000000	48.000000	190.808069	5.128331	4.840229e-01	2.581390e-02	1.822264e+02	3.315678e-02	
56.000000	52.000000	202.090782	4.148416	4.985384e-01	2.783243e-02	1.821674e+02	3.233946e-02	
56.000000	56.000000	215.882802	90.289519	8.964553e+00	4.765641e+02	1.994161e+02	1.507896e+03	
56.000000	60.000000	238.411024	953.097939	5.619729e-01	2.577326e-02	4.444859e+02	3.859346e-02	
60.000000	0.000000	260.910012	106.770758	5.282428e-01	2.635512e-02	4.422167e+02	3.495963e-02	
60.000000	4.000000	249.245778	876.241111	5.480999e-01	2.847781e-02	4.421529e+02	3.562262e-02	
60.000000	8.000000	242.750470	99.069312	5.101614e-01	2.592461e-02	4.422510e+02	3.467024e-02	
60.000000	12.000000	235.023270	504.365165	5.670802e-01	2.925821e-02	4.428870e+02	3.683854e-02	
60.000000	16.000000	226.249628	794.092746	5.614624e-01	2.581841e-02	4.435442e+02	3.794986e-02	
60.000000	20.000000	220.283326	96.062695	5.126204e-01	3.462547e-02	4.440821e+02	3.376930e-02	
60.000000	24.000000	216.274148	45.634011	3.441176e+02	1.749682e+02	9.965288e+02	2.524524e+02	
60.000000	28.000000	212.574840	915.623623	3.731276e+01	1.226991e+00	3.230310e+02	1.656324e+00	
60.000000	32.000000	201.825231	131.730404	6.735028e+02	6.626374e+02	1.934256e+03	2.014374e+03	
60.000000	36.000000	208.105296	57.601524	1.087174e+03	1.008640e+03	7.410789e+02	9.392857e+02	
60.000000	40.000000	206.471872	10.936901	1.008627e+03	9.809200e+02	-2.776880e+03	2.886238e+03	
60.000000	44.000000	207.961636	42.302879	4.726376e+02	1.388077e+02	-1.442404e+03	7.968093e+02	
60.000000	48.000000	217.354225	0.241938	4.614559e+02	1.634572e+02	-1.321338e+03	1.023815e+03	
60.000000	52.000000	223.292693	223.955798	2.135194e+01	2.964053e-01	3.129458e+02	4.146952e-01	
60.000000	56.000000	233.012179	51.602965	6.404030e+02	9.447962e+02	-1.473427e+03	4.582784e+03	
60.000000	60.000000	254.594740	23.618159	5.777263e-01	2.796289e-02	4.444246e+02	3.971578e-02	
0.000000	0.000000	295.417473	23.602804	5.514429e-01	2.846209e-02	4.427989e+02	3.611873e-02	
