0.000000	4.000000	134.545168	11.807213	4.969178e-01	2.404149e-02	4.382788e+02	3.442656e-02	
0.000000	8.000000	134.559494	9.681059	5.026819e-01	2.225485e-02	4.376540e+02	3.526743e-02	
0.000000	12.000000	134.555578	15.020721	5.254429e-01	2.228222e-02	4.374659e+02	3.665214e-02	
0.000000	16.000000	134.558386	5.775729	5.488878e-01	2.642771e-02	4.373488e+02	3.705754e-02	
0.000000	20.000000	134.553720	3.214910	6.104572e-01	3.137019e-02	4.374099e+02	4.104039e-02	
0.000000	24.000000	130.894537	55.924518	4.974468e-01	3.015103e-02	4.378383e+02	3.268383e-02	
0.000000	28.000000	128.725248	3.093329	5.391371e-01	2.872969e-02	4.381017e+02	3.479781e-02	
0.000000	32.000000	128.302670	2.366993	5.941009e-01	3.016694e-02	4.386122e+02	4.062459e-02	
0.000000	36.000000	130.803549	218.550139	5.288769e-01	3.092247e-02	4.389768e+02	3.541031e-02	
0.000000	40.000000	134.557880	192.687025	5.334156e-01	2.370936e-02	4.393944e+02	3.685193e-02	
0.000000	44.000000	140.823524	2.027959	5.874681e-01	2.815093e-02	4.392266e+02	3.894514e-02	
0.000000	48.000000	153.298392	4.090627	5.431478e-01	2.686841e-02	4.381462e+02	3.800590e-02	
0.000000	52.000000	165.806002	23.960270	5.826376e-01	3.889509e-02	4.348946e+02	4.117136e-02	
0.000000	56.000000	153.299568	7.014348	5.415801e-01	2.568573e-02	4.282947e+02	3.630259e-02	
0.000000	60.000000	140.805763	5.762518	6.619141e-01	3.932951e-02	4.194511e+02	4.632936e-02	
4.000000	0.000000	134.556149	5.375951	5.182546e-01	3.510503e-02	4.199488e+02	4.247646e-02	
4.000000	4.000000	135.222958	82.707126	4.988906e-01	3.411770e-02	4.380256e+02	3.552802e-02	
4.000000	8.000000	135.377087	4.645373	5.388457e-01	2.434113e-02	4.373855e+02	3.710189e-02	
4.000000	12.000000	134.553714	5.715563	5.189810e-01	2.797086e-02	4.372229e+02	3.414986e-02	
4.000000	16.000000	134.559262	4.873855	5.294219e-01	2.775994e-02	4.371183e+02	3.655835e-02	
4.000000	20.000000	134.545595	21.432834	6.014092e-01	3.660131e-02	4.371803e+02	4.209497e-02	
4.000000	24.000000	134.557902	3.125853	5.802180e-01	2.846344e-02	4.376032e+02	3.970347e-02	
4.000000	28.000000	132.564613	185.411387	5.270209e-01	3.096262e-02	4.379223e+02	3.364862e-02	
4.000000	32.000000	132.130737	206.775654	5.071241e-01	2.244998e-02	4.383563e+02	3.554469e-02	
4.000000	36.000000	134.554345	1.999671	5.269551e-01	3.200081e-02	4.389244e+02	4.151615e-02	
4.000000	40.000000	134.554485	2.084178	5.419032e-01	2.522387e-02	4.393530e+02	3.713971e-02	
4.000000	44.000000	140.987294	2.539782	5.055023e-01	3.481817e-02	4.391008e+02	3.247184e-02	
4.000000	48.000000	153.839500	3.536019	5.433033e-01	2.513400e-02	4.383550e+02	3.678425e-02	
4.000000	52.000000	171.254300	5.207027	5.753808e-01	2.580028e-02	4.352742e+02	3.884311e-02	
4.000000	56.000000	159.548761	8.198920	5.312245e-01	2.613960e-02	4.292348e+02	3.527136e-02	
4.000000	60.000000	140.809559	5.822606	5.098439e-01	3.070007e-02	4.200620e+02	3.541446e-02	
8.000000	0.000000	134.545154	4.655005	5.318401e-01	3.041747e-02	4.200609e+02	3.389251e-02	
8.000000	4.000000	140.035565	81.887195	5.787333e-01	3.647879e-02	4.378642e+02	4.012289e-02	
8.000000	8.000000	140.024939	5.928597	5.492283e-01	2.847675e-02	4.370950e+02	3.620606e-02	
8.000000	12.000000	139.115171	80.183355	4.879803e-01	4.279587e-02	4.369749e+02	3.071459e-02	
8.000000	16.000000	137.500000	108.689100	5.114507e-01	3.049279e-02	4.369845e+02	3.211660e-02	
8.000000	20.000000	134.556644	4.582007	5.217445e-01	3.083602e-02	4.371309e+02	3.337541e-02	
8.000000	24.000000	134.586578	59.251628	5.563336e-01	2.559050e-02	4.375803e+02	3.818583e-02	
8.000000	28.000000	134.568019	2.957517	4.820875e-01	3.276624e-02	4.380726e+02	2.944406e-02	
8.000000	32.000000	134.553725	2.158159	5.227992e-01	2.199536e-02	4.385196e+02	3.654969e-02	
8.000000	36.000000	134.542929	3.192688	5.584320e-01	2.973272e-02	4.389917e+02	3.604130e-02	
8.000000	40.000000	136.004088	1.893971	5.622354e-01	2.641096e-02	4.394400e+02	3.841145e-02	
8.000000	44.000000	145.492980	2.850767	5.413072e-01	2.616638e-02	4.392069e+02	3.606178e-02	
8.000000	48.000000	154.183697	5.497912	5.279119e-01	2.467063e-02	4.383203e+02	3.575709e-02	
8.000000	52.000000	172.045448	3.167456	5.772016e-01	2.686312e-02	4.356330e+02	3.879794e-02	
8.000000	56.000000	159.556115	11.832726	5.678566e-01	2.782755e-02	4.298526e+02	3.764950e-02	
8.000000	60.000000	147.055435	5.996297	6.062600e-01	3.356883e-02	4.207076e+02	4.186077e-02	
12.000000	0.000000	139.286904	535.109924	5.482566e-01	2.686550e-02	4.196796e+02	3.681646e-02	
12.000000	4.000000	140.800198	16.819807	5.188370e-01	2.302843e-02	4.373638e+02	3.602156e-02	
12.000000	8.000000	140.800041	15.486413	5.485415e-01	3.084421e-02	4.368877e+02	4.561525e-02	
12.000000	12.000000	140.800174	12.621813	5.397680e-01	2.560770e-02	4.366745e+02	3.680483e-02	
12.000000	16.000000	140.800023	5.513089	5.402077e-01	2.356770e-02	4.365144e+02	3.737622e-02	
12.000000	20.000000	139.217055	68.006940	5.740131e-01	2.862179e-02	4.366586e+02	3.910442e-02	
12.000000	24.000000	135.412373	3.536686	5.309357e-01	2.913836e-02	4.371341e+02	3.411092e-02	
12.000000	28.000000	134.547877	4.306559	6.144934e-01	3.691067e-02	4.377852e+02	4.324040e-02	
12.000000	32.000000	134.551802	191.592666	5.098439e-01	3.070010e-02	4.380620e+02	3.541449e-02	
12.000000	36.000000	134.556572	2.273730	5.259971e-01	2.228954e-02	4.385243e+02	3.668546e-02	
12.000000	40.000000	140.806084	2.222096	5.579374e-01	2.604963e-02	4.387030e+02	3.735204e-02	
12.000000	44.000000	147.048337	2.529464	5.485541e-01	2.970121e-02	4.390000e+02	3.509900e-02	
12.000000	48.000000	157.956869	5.423942	5.172114e-01	2.660700e-02	4.382472e+02	3.436283e-02	
12.000000	52.000000	173.474677	972.300031	5.407065e-01	4.283120e-02	4.359845e+02	3.808509e-02	
12.000000	56.000000	165.810114	5.368166	5.289519e-01	2.392149e-02	4.303607e+02	3.648158e-02	
12.000000	60.000000	148.453670	117.836185	5.553347e-01	2.639289e-02	4.213587e+02	3.796803e-02	
16.000000	0.000000	140.795194	9.009684	5.483505e-01	2.529682e-02	4.193742e+02	3.715910e-02	
16.000000	4.000000	142.129657	6.795528	5.411339e-01	2.973796e-02	4.372110e+02	3.628290e-02	
16.000000	8.000000	142.058728	5.529210	5.053692e-01	2.306219e-02	4.366770e+02	3.518613e-02	
16.000000	12.000000	141.228320	5.314314	5.490497e-01	2.457179e-02	4.364525e+02	3.781959e-02	
16.000000	16.000000	140.809512	5.789390	5.247068e-01	2.353300e-02	4.363700e+02	3.626466e-02	
16.000000	20.000000	140.795636	20.165730	5.033570e-01	2.090272e-02	4.365806e+02	3.568311e-02	
16.000000	24.000000	139.924526	126.577425	5.633789e-01	3.156173e-02	4.367887e+02	3.814175e-02	
16.000000	28.000000	136.007202	79.050384	5.561544e-01	2.585963e-02	4.376038e+02	3.812451e-02	
16.000000	32.000000	134.994221	60.611714	5.626377e-01	3.475864e-02	4.381428e+02	3.823903e-02	
16.000000	36.000000	137.916434	66.313542	5.499128e-01	2.590906e-02	4.387041e+02	3.682176e-02	
16.000000	40.000000	140.801662	3.484387	5.485285e-01	3.193011e-02	4.390439e+02	3.649022e-02	
16.000000	44.000000	147.054203	101.834555	5.223571e-01	2.528342e-02	4.392898e+02	3.567631e-02	
16.000000	48.000000	159.563568	4.174989	5.619956e-01	2.656809e-02	4.386431e+02	3.777285e-02	
16.000000	52.000000	178.292069	13.063027	4.978617e-01	2.421650e-02	4.362783e+02	3.452194e-02	
16.000000	56.000000	172.042986	13.546837	5.438501e-01	2.391177e-02	4.315095e+02	3.756815e-02	
16.000000	60.000000	153.306077	6.300898	5.640050e-01	2.680855e-02	4.226170e+02	3.850319e-02	
20.000000	0.000000	142.742519	9.572731	6.025022e-01	3.094154e-02	4.195891e+02	4.126035e-02	
20.000000	4.000000	147.045958	6.376520	5.229776e-01	2.363153e-02	4.373615e+02	3.594638e-02	
20.000000	8.000000	147.056736	4.979430	5.561762e-01	4.244707e-02	4.369752e+02	3.991975e-02	
20.000000	12.000000	147.059150	5.956862	5.862530e-01	2.854395e-02	4.365072e+02	3.975278e-02	
20.000000	16.000000	145.340029	6.338920	5.887995e-01	2.887741e-02	4.364718e+02	4.034371e-02	
20.000000	20.000000	142.178686	6.839262	5.260533e-01	2.308164e-02	4.366064e+02	3.649276e-02	
20.000000	24.000000	140.800133	22.619079	5.260143e-01	2.880265e-02	4.367900e+02	3.444775e-02	
20.000000	28.000000	140.806003	3.110210	5.581071e-01	2.704501e-02	4.373402e+02	3.808675e-02	
20.000000	32.000000	139.926234	2.737286	5.157098e-01	2.637378e-02	4.377784e+02	3.420742e-02	
20.000000	36.000000	140.837222	3.222243	5.444761e-01	2.851100e-02	4.382473e+02	3.674266e-02	
20.000000	40.000000	140.795159	2.885064	5.661092e-01	2.826090e-02	4.387876e+02	3.716610e-02	
20.000000	44.000000	147.062434	3.243613	4.797646e-01	3.373841e-02	4.391138e+02	3.060816e-02	
20.000000	48.000000	159.555811	8.080387	5.444761e-01	2.851148e-02	4.387527e+02	3.674238e-02	
20.000000	52.000000	178.301890	7.140190	6.645066e-01	3.638542e-02	4.366028e+02	4.630804e-02	
20.000000	56.000000	177.069037	4.608951	4.593332e-01	3.448082e-02	4.319931e+02	2.691019e-02	
20.000000	60.000000	159.559111	7.980891	5.974860e-01	3.338961e-02	4.232602e+02	4.117388e-02	
24.000000	0.000000	147.046042	7.615020	5.313180e-01	2.592059e-02	4.192914e+02	3.618249e-02	
24.000000	4.000000	147.055575	6.631225	5.579342e-01	3.540606e-02	4.371251e+02	3.784956e-02	
24.000000	8.000000	147.051887	6.439896	5.443916e-01	2.446106e-02	4.364407e+02	3.727450e-02	
24.000000	12.000000	147.055554	8.385125	5.283481e-01	3.357850e-02	4.361268e+02	3.476618e-02	
24.000000	16.000000	147.045771	13.497750	5.420787e-01	2.645175e-02	4.361593e+02	3.703619e-02	
24.000000	20.000000	147.045146	6.537261	5.065973e-01	2.195161e-02	4.363710e+02	3.556662e-02	
24.000000	24.000000	144.136109	48.910232	5.591646e-01	2.653909e-02	4.366030e+02	3.821625e-02	
24.000000	28.000000	140.800066	4.208038	5.177690e-01	2.902001e-02	4.371671e+02	3.337273e-02	
24.000000	32.000000	140.804145	4.528220	5.599080e-01	2.605770e-02	4.377071e+02	3.747986e-02	
24.000000	36.000000	140.796674	3.690270	5.295357e-01	2.920498e-02	4.380924e+02	3.382129e-02	
24.000000	40.000000	145.405259	124.699515	4.770831e-01	2.980860e-02	4.388663e+02	3.024036e-02	
24.000000	44.000000	150.937721	78.268541	5.748634e-01	2.914777e-02	4.388953e+02	4.151666e-02	
24.000000	48.000000	159.555066	3.408868	5.545721e-01	3.098418e-02	4.387931e+02	3.736591e-02	
24.000000	52.000000	178.303792	9.514414	5.402687e-01	3.595494e-02	4.369000e+02	3.605968e-02	
24.000000	56.000000	182.881841	5.479308	5.910960e-01	3.676160e-02	4.328375e+02	4.114139e-02	
24.000000	60.000000	165.802069	6.883249	5.073418e-01	2.088809e-02	4.244499e+02	3.590221e-02	
28.000000	0.000000	151.543809	676.400028	5.458971e-01	3.137611e-02	4.189177e+02	3.552022e-02	
28.000000	4.000000	151.808048	142.526440	5.336886e-01	2.851838e-02	4.367751e+02	3.574942e-02	
28.000000	8.000000	152.266663	6.020269	5.642495e-01	3.053978e-02	4.359973e+02	3.733060e-02	
28.000000	12.000000	151.537464	235.742646	5.391648e-01	2.865472e-02	4.359008e+02	3.474889e-02	
28.000000	16.000000	151.132708	398.812975	5.352819e-01	3.063464e-02	4.359010e+02	3.437266e-02	
28.000000	20.000000	147.381846	139.602123	5.045727e-01	3.224490e-02	4.360863e+02	3.180683e-02	
28.000000	24.000000	147.059202	7.627218	5.470483e-01	2.452037e-02	4.364335e+02	3.767839e-02	
28.000000	28.000000	145.480701	5.137650	5.992294e-01	3.709643e-02	4.368350e+02	4.213528e-02	
28.000000	32.000000	143.750000	2.924835	5.784101e-01	2.838238e-02	4.376126e+02	3.956671e-02	
28.000000	36.000000	145.479138	156.886748	5.683825e-01	3.399608e-02	4.380551e+02	3.968907e-02	
28.000000	40.000000	147.051710	3.723396	5.314469e-01	2.422641e-02	4.386436e+02	3.658902e-02	
28.000000	44.000000	153.307647	3.370164	5.149806e-01	3.155256e-02	4.389385e+02	3.764896e-02	
28.000000	48.000000	161.643665	151.247176	5.978336e-01	2.554716e-02	4.387383e+02	4.256811e-02	
28.000000	52.000000	181.636109	13.103194	5.248753e-01	2.698487e-02	4.371614e+02	3.462961e-02	
28.000000	56.000000	187.855468	920.315307	5.607395e-01	2.840081e-02	4.332467e+02	3.705413e-02	
28.000000	60.000000	171.160518	6.219910	5.351568e-01	2.600858e-02	4.257513e+02	3.562135e-02	
32.000000	0.000000	153.302244	6.133967	4.771489e-01	3.333177e-02	4.189106e+02	2.918205e-02	
32.000000	4.000000	154.606036	7.891261	5.241727e-01	2.253210e-02	4.365778e+02	3.650558e-02	
32.000000	8.000000	154.426373	6.158961	5.714604e-01	3.393077e-02	4.358260e+02	3.899126e-02	
32.000000	12.000000	153.951045	6.970008	5.401141e-01	2.410018e-02	4.354357e+02	3.705266e-02	
32.000000	16.000000	153.302002	8.117576	6.026513e-01	3.081884e-02	4.354341e+02	4.135412e-02	
32.000000	20.000000	153.305658	9.720746	5.542317e-01	2.580288e-02	4.356133e+02	3.798371e-02	
32.000000	24.000000	149.867281	98.998893	5.607183e-01	3.162713e-02	4.361472e+02	3.692290e-02	
32.000000	28.000000	147.055879	6.290127	4.593919e-01	2.960580e-02	4.368339e+02	3.119260e-02	
32.000000	32.000000	147.038605	163.338656	5.608558e-01	2.741993e-02	4.373357e+02	3.825576e-02	
32.000000	36.000000	147.057909	5.457444	5.879318e-01	3.499630e-02	4.378140e+02	4.063966e-02	
32.000000	40.000000	147.384041	3.396604	5.772998e-01	2.747935e-02	4.385141e+02	3.956306e-02	
32.000000	44.000000	153.825344	3.927513	5.545620e-01	2.935669e-02	4.387521e+02	3.749459e-02	
32.000000	48.000000	164.933742	4.329850	5.296221e-01	2.259640e-02	4.384806e+02	3.685453e-02	
32.000000	52.000000	184.551107	6.828007	5.608558e-01	2.741993e-02	4.373357e+02	3.825576e-02	
32.000000	56.000000	195.920383	5.408966	5.379827e-01	3.058705e-02	4.338704e+02	3.475040e-02	
32.000000	60.000000	178.302082	12.745691	5.597666e-01	2.794796e-02	4.268567e+02	3.668583e-02	
36.000000	0.000000	159.553489	8.661852	5.778010e-01	2.889511e-02	4.188986e+02	3.803425e-02	
36.000000	4.000000	159.558994	23.149180	5.627389e-01	2.590892e-02	4.362671e+02	3.772025e-02	
36.000000	8.000000	159.576080	22.731397	5.393501e-01	2.354989e-02	4.355335e+02	3.731922e-02	
36.000000	12.000000	159.555358	17.637091	5.082479e-01	2.564403e-02	4.352550e+02	3.462297e-02	
36.000000	16.000000	158.518434	9.310367	5.512936e-01	2.592934e-02	4.352304e+02	3.688095e-02	
36.000000	20.000000	156.283422	96.903120	5.378033e-01	2.351886e-02	4.354473e+02	3.721331e-02	
36.000000	24.000000	153.296251	6.789120	5.928906e-01	3.081755e-02	4.358498e+02	3.896315e-02	
36.000000	28.000000	151.444527	0.022244	5.950712e-01	2.979117e-02	4.364436e+02	4.078872e-02	
36.000000	32.000000	150.355463	70.825956	5.701582e-01	2.997354e-02	4.370504e+02	3.884929e-02	
36.000000	36.000000	151.153890	101.451787	5.985045e-01	3.006062e-02	4.376463e+02	4.004786e-02	
36.000000	40.000000	153.302192	3.590465	5.214502e-01	2.520625e-02	4.382776e+02	3.503787e-02	
36.000000	44.000000	157.889790	3.955863	5.535876e-01	2.593268e-02	4.387520e+02	3.701007e-02	
36.000000	48.000000	165.805355	4.367854	5.426538e-01	2.696009e-02	4.387118e+02	3.685418e-02	
36.000000	52.000000	184.551402	11.980692	5.241727e-01	2.253072e-02	4.374222e+02	3.650377e-02	
36.000000	56.000000	203.295262	16.462129	5.474510e-01	2.493949e-02	4.343961e+02	3.752988e-02	
36.000000	60.000000	184.545262	5.999177	4.813612e-01	3.095706e-02	4.281343e+02	3.023186e-02	
40.000000	0.000000	165.804177	7.963005	5.795153e-01	2.785966e-02	4.194531e+02	3.969878e-02	
40.000000	4.000000	164.701553	266.798038	5.640704e-01	3.261470e-02	4.358116e+02	3.821546e-02	
40.000000	8.000000	164.566125	14.428869	5.424541e-01	3.089467e-02	4.349541e+02	3.515257e-02	
40.000000	12.000000	164.190272	159.953504	5.781212e-01	2.981992e-02	4.348256e+02	3.789666e-02	
40.000000	16.000000	163.507586	977.310802	5.766956e-01	2.873391e-02	4.346493e+02	3.931243e-02	
40.000000	20.000000	160.908924	6.946864	5.366507e-01	2.990664e-02	4.350081e+02	3.429435e-02	
40.000000	24.000000	158.544688	8.110487	5.648071e-01	2.711784e-02	4.353691e+02	3.852424e-02	
40.000000	28.000000	154.693387	4.493753	5.770354e-01	3.013147e-02	4.360043e+02	3.770464e-02	
40.000000	32.000000	153.306007	5.538150	5.577992e-01	2.646722e-02	4.366318e+02	3.815235e-02	
40.000000	36.000000	153.305427	5.159261	4.906079e-01	2.229829e-02	4.373072e+02	3.321074e-02	
40.000000	40.000000	154.540887	4.845253	5.754757e-01	4.720137e-02	4.380206e+02	4.567172e-02	
40.000000	44.000000	159.555431	4.631046	5.055039e-01	2.082195e-02	4.384891e+02	3.593052e-02	
40.000000	48.000000	170.535919	5.084700	5.825440e-01	3.196470e-02	4.382520e+02	3.982874e-02	
40.000000	52.000000	186.619232	1040.025824	5.515719e-01	2.589890e-02	4.373097e+02	3.698853e-02	
40.000000	56.000000	209.550640	9.502099	5.338421e-01	2.664146e-02	4.348363e+02	3.569098e-02	
40.000000	60.000000	195.488956	7.085608	5.397556e-01	2.870874e-02	4.289023e+02	3.489296e-02	
44.000000	0.000000	176.132702	1041.468354	5.569805e-01	2.759310e-02	4.203123e+02	3.791576e-02	
44.000000	4.000000	171.208845	21.015993	5.412595e-01	3.398420e-02	4.351309e+02	3.604354e-02	
44.000000	8.000000	172.052058	19.764597	5.583519e-01	2.538246e-02	4.345095e+02	3.837945e-02	
44.000000	12.000000	170.316497	18.111793	5.269971e-01	2.664002e-02	4.341909e+02	3.477522e-02	
44.000000	16.000000	170.242800	34.417024	5.309357e-01	2.913836e-02	4.341341e+02	3.411092e-02	
44.000000	20.000000	167.211039	7.732393	5.233397e-01	2.240807e-02	4.344224e+02	3.638838e-02	
44.000000	24.000000	164.084421	231.643789	5.724420e-01	3.154291e-02	4.347660e+02	3.894591e-02	
44.000000	28.000000	160.286077	5.473750	5.397676e-01	2.382311e-02	4.355669e+02	3.728793e-02	
44.000000	32.000000	159.559427	35.031798	5.358492e-01	2.655851e-02	4.362828e+02	3.639275e-02	
44.000000	36.000000	159.551780	41.532072	4.792277e-01	4.049113e-02	4.369515e+02	2.951945e-02	
44.000000	40.000000	159.555429	3.899999	6.116193e-01	3.260942e-02	4.376228e+02	4.210935e-02	
44.000000	44.000000	164.229071	318.477129	5.189736e-01	3.119201e-02	4.379929e+02	3.383089e-02	
44.000000	48.000000	172.055776	4.569618	5.730766e-01	2.996020e-02	4.382849e+02	3.903242e-02	
44.000000	52.000000	190.802035	15.894356	5.250391e-01	2.627146e-02	4.372247e+02	3.477854e-02	
44.000000	56.000000	215.801895	14.057953	5.534018e-01	3.017939e-02	4.350222e+02	3.674225e-02	
44.000000	60.000000	204.592367	13.562617	5.184567e-01	2.743020e-02	4.298591e+02	3.397758e-02	
48.000000	0.000000	184.546320	6.931685	5.845023e-01	3.071967e-02	4.217198e+02	3.893612e-02	
48.000000	4.000000	180.205000	41.034707	5.620307e-01	2.604915e-02	4.344340e+02	3.855378e-02	
48.000000	8.000000	180.096114	43.646215	5.659473e-01	2.730669e-02	4.336315e+02	3.868240e-02	
48.000000	12.000000	179.671193	30.631896	5.891745e-01	2.889660e-02	4.334812e+02	4.037133e-02	
48.000000	16.000000	178.292506	27.906642	5.548509e-01	2.554531e-02	4.334102e+02	3.807787e-02	
48.000000	20.000000	176.697087	396.230242	5.746982e-01	2.733696e-02	4.333907e+02	3.857384e-02	
48.000000	24.000000	172.766805	10.314562	4.321937e-01	3.566149e-02	4.341030e+02	2.690830e-02	
48.000000	28.000000	169.313120	82.815630	5.536767e-01	2.586688e-02	4.347775e+02	3.719326e-02	
48.000000	32.000000	166.639869	30.669489	5.291681e-01	2.259013e-02	4.355291e+02	3.682782e-02	
48.000000	36.000000	165.801924	54.334296	5.113516e-01	3.030025e-02	4.360350e+02	3.196700e-02	
48.000000	40.000000	165.800162	7.367806	4.792277e-01	4.049113e-02	4.369515e+02	2.951945e-02	
48.000000	44.000000	170.496231	26.318869	5.468487e-01	2.704304e-02	4.377022e+02	3.717701e-02	
48.000000	48.000000	178.305742	4.848210	5.428493e-01	2.662933e-02	4.378459e+02	3.747829e-02	
48.000000	52.000000	195.445635	6.439798	5.752373e-01	2.913049e-02	4.373267e+02	3.925694e-02	
48.000000	56.000000	222.052023	11.349470	5.265301e-01	2.229566e-02	4.355049e+02	3.672165e-02	
48.000000	60.000000	222.053114	17.326688	5.243055e-01	3.230822e-02	4.310473e+02	3.419264e-02	
52.000000	0.000000	201.616223	424.193872	5.501392e-01	2.486992e-02	4.235711e+02	3.784261e-02	
52.000000	4.000000	195.354994	34.279083	5.618549e-01	2.795677e-02	4.338661e+02	3.712446e-02	
52.000000	8.000000	195.321451	30.834621	4.878676e-01	3.777612e-02	4.330055e+02	3.487819e-02	
52.000000	12.000000	194.817319	43.847465	5.467688e-01	3.185733e-02	4.328247e+02	3.660601e-02	
52.000000	16.000000	192.257199	44.119522	5.403868e-01	2.902753e-02	4.328878e+02	4.090229e-02	
52.000000	20.000000	189.569663	19.210871	5.320332e-01	3.007718e-02	4.329067e+02	4.035568e-02	
52.000000	24.000000	185.361028	290.444573	5.753113e-01	2.718108e-02	4.335588e+02	3.892426e-02	
52.000000	28.000000	179.790315	8.800542	5.512970e-01	2.490075e-02	4.344384e+02	3.792529e-02	
52.000000	32.000000	176.650611	557.641365	5.661416e-01	2.598344e-02	4.351898e+02	4.035772e-02	
52.000000	36.000000	174.380586	957.647735	5.030866e-01	3.233043e-02	4.359714e+02	3.187800e-02	
52.000000	40.000000	173.647716	116.174734	5.534351e-01	3.305060e-02	4.368384e+02	3.722043e-02	
52.000000	44.000000	177.416894	8.246244	5.005038e-01	2.199873e-02	4.373502e+02	3.521842e-02	
52.000000	48.000000	184.551354	197.387646	5.765186e-01	3.485754e-02	4.378358e+02	3.958676e-02	
52.000000	52.000000	201.476256	420.508558	5.346950e-01	2.869705e-02	4.372239e+02	3.589061e-02	
52.000000	56.000000	226.635132	393.731098	5.785458e-01	3.420727e-02	4.358175e+02	3.967689e-02	
52.000000	60.000000	241.598887	8.425850	5.444944e-01	3.052860e-02	4.320374e+02	3.516407e-02	
56.000000	0.000000	220.417140	8.981470	5.842681e-01	3.171500e-02	4.257341e+02	3.996192e-02	
56.000000	4.000000	225.955612	823.798227	6.162130e-01	3.726143e-02	4.327868e+02	4.354442e-02	
56.000000	8.000000	224.675494	906.855756	5.725937e-01	2.832214e-02	4.322206e+02	3.775434e-02	
56.000000	12.000000	223.344740	731.276738	5.425869e-01	2.991484e-02	4.319263e+02	3.474845e-02	
56.000000	16.000000	221.875055	54.937915	5.454500e-01	2.848079e-02	4.321232e+02	3.537233e-02	
56.000000	20.000000	217.682680	69.594419	5.326176e-01	2.564310e-02	4.322751e+02	3.563667e-02	
56.000000	24.000000	210.820843	741.903008	5.000025e-01	3.143931e-02	4.329547e+02	3.360181e-02	
56.000000	28.000000	202.083921	38.108622	5.503332e-01	2.982843e-02	4.337891e+02	3.618852e-02	
56.000000	32.000000	197.611250	49.741414	5.916386e-01	2.860442e-02	4.347423e+02	3.925629e-02	
56.000000	36.000000	192.415163	50.511262	5.082479e-01	2.564403e-02	4.352550e+02	3.462297e-02	
56.000000	40.000000	190.015902	10.565195	5.424392e-01	3.110283e-02	4.361842e+02	3.625590e-02	
56.000000	44.000000	190.804947	4.901331	5.805226e-01	3.031927e-02	4.367849e+02	3.829997e-02	
56.000000	48.000000	196.196185	5.880181	5.764957e-01	2.621737e-02	4.373088e+02	3.871401e-02	
56.000000	52.000000	209.546397	8.494160	5.481362e-01	2.852837e-02	4.371832e+02	3.576555e-02	
56.000000	56.000000	235.035092	9.500186	4.955457e-01	3.287158e-02	4.359718e+02	3.359992e-02	
56.000000	60.000000	272.075643	16.419338	5.130539e-01	2.904790e-02	4.329131e+02	3.448991e-02	
60.000000	0.000000	251.664593	13.271732	5.657344e-01	2.825921e-02	4.273068e+02	3.776086e-02	
60.000000	4.000000	375.152124	753.408181	5.817085e-01	3.067026e-02	4.320681e+02	3.806625e-02	
60.000000	8.000000	370.780100	318.522204	5.553749e-01	2.667771e-02	4.313447e+02	3.792423e-02	
60.000000	12.000000	364.680368	712.395500	5.122341e-01	2.822145e-02	4.311142e+02	3.351512e-02	
60.000000	16.000000	357.833106	720.265448	5.206587e-01	2.971190e-02	4.310713e+02	3.292163e-02	
60.000000	20.000000	345.931118	308.354569	5.361642e-01	2.543167e-02	4.313392e+02	3.624380e-02	
60.000000	24.000000	325.557809	757.921909	5.671442e-01	2.986366e-02	4.320167e+02	3.704416e-02	
60.000000	28.000000	300.735601	745.341602	5.846589e-01	2.707113e-02	4.333677e+02	3.929013e-02	
60.000000	32.000000	280.292913	229.305195	5.579374e-01	2.604811e-02	4.342970e+02	3.735022e-02	
60.000000	36.000000	261.701178	785.856915	5.633789e-01	3.156182e-02	4.352113e+02	3.814279e-02	
60.000000	40.000000	243.389448	116.017783	5.399995e-01	2.876253e-02	4.358565e+02	3.491140e-02	
60.000000	44.000000	230.297095	76.087056	6.124620e-01	2.762263e-02	4.363851e+02	4.144012e-02	
60.000000	48.000000	225.780156	901.748923	6.052960e-01	3.128058e-02	4.365801e+02	4.156177e-02	
60.000000	52.000000	233.484144	0.247628	6.234956e-01	3.574493e-02	4.367049e+02	4.347235e-02	
60.000000	56.000000	254.790775	37.143262	5.358063e-01	2.493891e-02	4.356479e+02	3.680724e-02	
60.000000	60.000000	301.661822	18.571145	6.215057e-01	2.961682e-02	4.333137e+02	4.157817e-02	
0.000000	0.000000	321.159538	31.872384	5.637443e-01	2.624982e-02	4.294127e+02	3.816769e-02	
