0.000000	4.000000	122.047898	6.687608	5.669367e-01	2.593971e-02	4.397234e+02	3.804172e-02	
0.000000	8.000000	122.050012	4.692912	6.130912e-01	3.037799e-02	4.394599e+02	4.096914e-02	
0.000000	12.000000	122.050828	5.509237	5.928335e-01	3.028414e-02	4.396555e+02	3.956934e-02	
0.000000	16.000000	122.055998	11.365145	5.926267e-01	3.032717e-02	4.399338e+02	3.876067e-02	
0.000000	20.000000	122.054221	5.416732	5.285908e-01	3.480288e-02	4.399480e+02	3.640533e-02	
0.000000	24.000000	122.075649	5.453882	5.452528e-01	3.244517e-02	4.400532e+02	3.641109e-02	
0.000000	28.000000	122.038997	2.969237	5.736155e-01	2.978367e-02	4.400714e+02	3.721017e-02	
0.000000	32.000000	124.219845	66.925817	5.103554e-01	3.083420e-02	4.400037e+02	3.216792e-02	
0.000000	36.000000	128.247830	44.938229	5.992125e-01	2.906542e-02	4.398372e+02	3.961469e-02	
0.000000	40.000000	134.571123	5.079102	5.829142e-01	2.903785e-02	4.393822e+02	3.996964e-02	
0.000000	44.000000	140.949342	5.112192	6.054959e-01	3.261644e-02	4.379541e+02	4.465705e-02	
0.000000	48.000000	153.295280	9.961318	6.607190e-01	2.916655e-02	4.347003e+02	4.705954e-02	
0.000000	52.000000	145.993632	5.376930	5.988289e-01	3.059657e-02	4.294060e+02	4.107060e-02	
0.000000	56.000000	134.588161	5.415806	6.381267e-01	3.384321e-02	4.225476e+02	4.308206e-02	
0.000000	60.000000	128.307912	5.344921	6.403097e-01	3.211387e-02	4.163717e+02	4.260827e-02	
4.000000	0.000000	122.053061	4.141638	6.117965e-01	3.088382e-02	4.169699e+02	4.014865e-02	
4.000000	4.000000	127.505779	419.109921	5.942285e-01	2.740039e-02	4.393778e+02	3.997171e-02	
4.000000	8.000000	124.298702	1107.027730	5.888854e-01	2.805993e-02	4.392224e+02	3.908807e-02	
4.000000	12.000000	122.038977	5.116763	6.056082e-01	3.099703e-02	4.394717e+02	4.157008e-02	
4.000000	16.000000	122.045165	3.542426	5.988173e-01	2.869078e-02	4.395581e+02	4.038146e-02	
4.000000	20.000000	122.057736	3.954641	5.911936e-01	2.656110e-02	4.397878e+02	4.567421e-02	
4.000000	24.000000	122.047921	3.441323	5.567206e-01	2.825912e-02	4.398891e+02	3.698503e-02	
4.000000	28.000000	122.419035	4.480127	5.238419e-01	3.037769e-02	4.399760e+02	3.311374e-02	
4.000000	32.000000	128.302813	3.016433	5.886335e-01	3.430904e-02	4.397953e+02	4.058082e-02	
4.000000	36.000000	128.309513	3.260095	5.788384e-01	2.711901e-02	4.396099e+02	3.896690e-02	
4.000000	40.000000	134.504908	3.970252	5.750640e-01	3.194675e-02	4.393036e+02	3.896904e-02	
4.000000	44.000000	144.424346	8.735690	5.718376e-01	3.357575e-02	4.380476e+02	3.982189e-02	
4.000000	48.000000	153.310373	5.288836	6.417520e-01	3.219930e-02	4.349434e+02	4.237459e-02	
4.000000	52.000000	147.021801	6.179938	5.779515e-01	2.984501e-02	4.299874e+02	3.752035e-02	
4.000000	56.000000	139.213747	610.508945	5.955550e-01	3.276663e-02	4.230326e+02	4.102905e-02	
4.000000	60.000000	128.289189	5.212146	6.912291e-01	3.330435e-02	4.166543e+02	4.764632e-02	
8.000000	0.000000	124.094904	1121.151091	6.180818e-01	2.959456e-02	4.167922e+02	4.108941e-02	
8.000000	4.000000	128.301637	7.211878	5.916675e-01	3.367068e-02	4.392258e+02	3.982657e-02	
8.000000	8.000000	128.298910	4.362587	6.013259e-01	3.360825e-02	4.390553e+02	4.159618e-02	
8.000000	12.000000	126.615172	622.682772	5.492981e-01	3.368340e-02	4.390524e+02	3.779303e-02	
8.000000	16.000000	123.213095	83.140340	5.849632e-01	2.965888e-02	4.395831e+02	3.923897e-02	
8.000000	20.000000	122.054531	4.718704	6.147367e-01	2.918689e-02	4.397047e+02	4.105775e-02	
8.000000	24.000000	122.912373	74.856545	6.555428e-01	2.942509e-02	4.396827e+02	4.540732e-02	
8.000000	28.000000	126.699741	786.652761	6.104605e-01	3.160368e-02	4.394858e+02	4.193832e-02	
8.000000	32.000000	128.307912	3.998482	6.297341e-01	3.086099e-02	4.397386e+02	4.189733e-02	
8.000000	36.000000	128.813590	4.271917	5.981422e-01	3.116727e-02	4.396410e+02	4.103591e-02	
8.000000	40.000000	134.553787	2.356213	5.986321e-01	3.311878e-02	4.392742e+02	4.122900e-02	
8.000000	44.000000	147.021833	4.679872	5.604412e-01	3.567483e-02	4.380408e+02	4.106501e-02	
8.000000	48.000000	153.320365	6.864672	5.818155e-01	2.671402e-02	4.353450e+02	3.907322e-02	
8.000000	52.000000	152.592978	5.957895	5.929028e-01	2.974682e-02	4.303490e+02	3.967238e-02	
8.000000	56.000000	140.800547	5.237096	6.107298e-01	3.608223e-02	4.239627e+02	4.969902e-02	
8.000000	60.000000	131.415347	5.408047	5.714532e-01	3.394913e-02	4.171097e+02	3.894159e-02	
12.000000	0.000000	128.304347	5.332687	6.263809e-01	3.385131e-02	4.164955e+02	4.241823e-02	
12.000000	4.000000	128.307861	6.243242	5.499847e-01	3.166921e-02	4.390393e+02	3.649579e-02	
12.000000	8.000000	128.305427	13.267689	5.909466e-01	2.670225e-02	4.386581e+02	3.978012e-02	
12.000000	12.000000	128.294515	3.562418	5.711233e-01	3.013555e-02	4.389158e+02	3.710638e-02	
12.000000	16.000000	128.293511	3.786218	5.847421e-01	2.967953e-02	4.390770e+02	4.038585e-02	
12.000000	20.000000	126.669264	620.274956	5.616376e-01	2.842378e-02	4.392242e+02	3.697924e-02	
12.000000	24.000000	127.432010	3.771242	5.928686e-01	2.861678e-02	4.394602e+02	4.004277e-02	
12.000000	28.000000	128.320314	3.116936	5.531494e-01	2.632449e-02	4.393824e+02	3.749941e-02	
12.000000	32.000000	128.296644	26.641703	5.795153e-01	2.785969e-02	4.395469e+02	3.969867e-02	
12.000000	36.000000	132.892469	3.720182	5.854222e-01	2.755011e-02	4.395957e+02	3.942016e-02	
12.000000	40.000000	136.012499	125.653893	5.766141e-01	2.781941e-02	4.391823e+02	3.818337e-02	
12.000000	44.000000	147.021801	3.604529	5.442239e-01	3.552892e-02	4.380686e+02	3.829809e-02	
12.000000	48.000000	158.033824	6.021982	6.503243e-01	2.663089e-02	4.355850e+02	4.408894e-02	
12.000000	52.000000	153.295486	6.598863	5.686090e-01	2.978923e-02	4.309916e+02	3.676024e-02	
12.000000	56.000000	146.294756	4.947474	6.154298e-01	2.968768e-02	4.248719e+02	4.380921e-02	
12.000000	60.000000	134.554160	5.688683	5.954659e-01	2.581474e-02	4.177035e+02	4.077347e-02	
16.000000	0.000000	128.304193	5.579690	6.373361e-01	2.855561e-02	4.162739e+02	4.401754e-02	
16.000000	4.000000	129.582528	13.014913	6.685375e-01	3.206477e-02	4.388480e+02	4.624179e-02	
16.000000	8.000000	128.305388	5.842200	6.027610e-01	2.984736e-02	4.384978e+02	4.078326e-02	
16.000000	12.000000	128.295146	6.314883	5.975675e-01	2.807170e-02	4.385903e+02	4.023517e-02	
16.000000	16.000000	128.304552	7.784405	5.804017e-01	3.287795e-02	4.387804e+02	3.970098e-02	
16.000000	20.000000	128.322290	4.369757	4.784002e-01	3.189897e-02	4.389528e+02	2.922863e-02	
16.000000	24.000000	128.319554	3.741730	6.201997e-01	3.107161e-02	4.390129e+02	4.093018e-02	
16.000000	28.000000	128.298835	19.310814	5.700662e-01	2.852307e-02	4.392472e+02	3.768459e-02	
16.000000	32.000000	128.302855	4.045791	5.658869e-01	2.642032e-02	4.394742e+02	3.849017e-02	
16.000000	36.000000	134.545748	2.438646	5.561226e-01	2.805784e-02	4.392740e+02	3.694067e-02	
16.000000	40.000000	139.635170	3.895158	6.220987e-01	3.051189e-02	4.388313e+02	4.111602e-02	
16.000000	44.000000	147.055906	8.399655	5.983713e-01	3.035482e-02	4.383913e+02	4.020015e-02	
16.000000	48.000000	159.545597	6.704996	6.504264e-01	3.231213e-02	4.359650e+02	4.328410e-02	
16.000000	52.000000	159.557906	9.758533	5.801742e-01	2.893013e-02	4.313680e+02	3.897493e-02	
16.000000	56.000000	147.054498	5.060045	6.393236e-01	2.771420e-02	4.255642e+02	4.270514e-02	
16.000000	60.000000	138.992798	16.387227	6.173623e-01	2.689311e-02	4.183610e+02	4.219686e-02	
20.000000	0.000000	132.837645	5.428740	5.849717e-01	2.887047e-02	4.161064e+02	3.889645e-02	
20.000000	4.000000	134.551747	5.240697	6.124171e-01	3.203654e-02	4.385567e+02	4.210428e-02	
20.000000	8.000000	133.938460	4.047692	6.237089e-01	3.172228e-02	4.384778e+02	4.233824e-02	
20.000000	12.000000	129.550259	13.620949	6.300102e-01	3.085416e-02	4.384858e+02	4.275887e-02	
20.000000	16.000000	128.301639	4.622380	5.605276e-01	2.817292e-02	4.387166e+02	3.728339e-02	
20.000000	20.000000	128.305384	5.835236	5.953812e-01	3.027385e-02	4.389745e+02	3.884844e-02	
20.000000	24.000000	128.300853	4.100041	5.567108e-01	2.828956e-02	4.391043e+02	3.713727e-02	
20.000000	28.000000	128.301686	4.330670	5.425551e-01	3.251259e-02	4.391575e+02	3.618316e-02	
20.000000	32.000000	132.806765	4.963502	5.595453e-01	2.609929e-02	4.393107e+02	3.749951e-02	
20.000000	36.000000	134.549874	16.905579	5.758089e-01	2.556344e-02	4.392494e+02	3.933902e-02	
20.000000	40.000000	140.801804	3.658087	5.890008e-01	2.840981e-02	4.387558e+02	3.904561e-02	
20.000000	44.000000	147.021815	4.409212	5.525280e-01	2.589643e-02	4.382264e+02	3.703067e-02	
20.000000	48.000000	159.563085	7.233380	6.092658e-01	3.394560e-02	4.362136e+02	4.091059e-02	
20.000000	52.000000	160.786254	602.677221	6.021569e-01	3.105368e-02	4.320303e+02	3.977238e-02	
20.000000	56.000000	153.297512	7.649392	6.232958e-01	3.287088e-02	4.263172e+02	4.134538e-02	
20.000000	60.000000	140.804149	5.418506	6.085364e-01	3.082101e-02	4.193770e+02	4.078983e-02	
24.000000	0.000000	134.555150	6.483895	5.827475e-01	3.171264e-02	4.158962e+02	3.855140e-02	
24.000000	4.000000	134.551616	5.722040	5.995788e-01	3.142578e-02	4.383583e+02	4.124212e-02	
24.000000	8.000000	134.555393	12.019838	5.551460e-01	3.291250e-02	4.381068e+02	3.705391e-02	
24.000000	12.000000	134.547070	4.946912	5.963780e-01	2.706355e-02	4.383604e+02	4.015998e-02	
24.000000	16.000000	132.949425	4.655105	6.209707e-01	3.360251e-02	4.384804e+02	4.213276e-02	
24.000000	20.000000	130.075132	20.939642	5.344779e-01	2.666788e-02	4.388402e+02	3.585908e-02	
24.000000	24.000000	130.444219	17.832041	5.573508e-01	3.529173e-02	4.390799e+02	3.915263e-02	
24.000000	28.000000	133.754472	4.094619	6.048902e-01	3.652721e-02	4.391961e+02	4.248413e-02	
24.000000	32.000000	134.545274	3.888682	5.436620e-01	3.109432e-02	4.391806e+02	3.569798e-02	
24.000000	36.000000	134.549014	3.486388	6.256928e-01	3.390069e-02	4.394382e+02	4.318111e-02	
24.000000	40.000000	140.799296	12.325805	5.951806e-01	2.989491e-02	4.388909e+02	3.905592e-02	
24.000000	44.000000	147.044586	5.138477	5.626194e-01	2.567694e-02	4.382168e+02	3.839967e-02	
24.000000	48.000000	159.543118	6.365829	6.519101e-01	3.062228e-02	4.364929e+02	4.340148e-02	
24.000000	52.000000	165.804148	5.146062	6.570523e-01	3.170074e-02	4.325046e+02	4.534164e-02	
24.000000	56.000000	158.344684	5.389959	5.897006e-01	2.932094e-02	4.273118e+02	3.929747e-02	
24.000000	60.000000	147.045136	7.386807	6.485467e-01	2.740157e-02	4.205374e+02	4.312684e-02	
28.000000	0.000000	136.111054	1.612095	5.697122e-01	2.885397e-02	4.158977e+02	4.017763e-02	
28.000000	4.000000	137.632719	1117.103980	5.840836e-01	2.767804e-02	4.381836e+02	3.900105e-02	
28.000000	8.000000	135.295570	7.741994	6.677148e-01	3.246142e-02	4.378674e+02	4.500721e-02	
28.000000	12.000000	134.554149	4.992563	5.745964e-01	2.964121e-02	4.381566e+02	3.755639e-02	
28.000000	16.000000	134.548721	11.617092	5.379303e-01	2.397082e-02	4.384739e+02	3.723723e-02	
28.000000	20.000000	134.554139	4.559108	6.095682e-01	3.247777e-02	4.386322e+02	4.195490e-02	
28.000000	24.000000	134.551361	3.899118	6.312841e-01	3.113508e-02	4.389177e+02	4.168252e-02	
28.000000	28.000000	134.555852	3.696540	5.013381e-01	3.908162e-02	4.389860e+02	4.049914e-02	
28.000000	32.000000	134.556037	3.846350	5.576895e-01	2.942101e-02	4.392574e+02	3.701439e-02	
28.000000	36.000000	139.025281	861.858730	5.141410e-01	3.959832e-02	4.390398e+02	3.879802e-02	
28.000000	40.000000	140.801768	4.859356	5.673937e-01	2.999192e-02	4.389854e+02	3.720097e-02	
28.000000	44.000000	151.783824	104.133204	5.857206e-01	3.128748e-02	4.380946e+02	3.857843e-02	
28.000000	48.000000	160.405318	766.175645	5.879551e-01	2.776232e-02	4.368443e+02	4.055806e-02	
28.000000	52.000000	172.055968	8.985602	6.102265e-01	3.153651e-02	4.332838e+02	4.060843e-02	
28.000000	56.000000	159.947606	8.124780	5.966123e-01	2.574194e-02	4.282928e+02	4.101212e-02	
28.000000	60.000000	152.429886	245.626229	6.364630e-01	3.064667e-02	4.215223e+02	4.332118e-02	
32.000000	0.000000	140.805397	6.678845	6.001821e-01	2.601036e-02	4.157601e+02	4.510103e-02	
32.000000	4.000000	140.796741	12.074702	6.991930e-01	4.526036e-02	4.377457e+02	5.252173e-02	
32.000000	8.000000	140.804138	6.657013	6.459768e-01	3.544882e-02	4.375998e+02	4.449268e-02	
32.000000	12.000000	139.213746	79.972856	6.180818e-01	2.959459e-02	4.377922e+02	4.108946e-02	
32.000000	16.000000	134.994222	392.383317	5.789076e-01	2.854521e-02	4.382477e+02	3.829991e-02	
32.000000	20.000000	134.555429	4.295757	5.939366e-01	3.019836e-02	4.384820e+02	4.024291e-02	
32.000000	24.000000	134.556510	4.198076	5.872146e-01	2.941605e-02	4.386556e+02	3.929376e-02	
32.000000	28.000000	134.544500	5.086112	6.221879e-01	2.924798e-02	4.388085e+02	4.178327e-02	
32.000000	32.000000	137.649705	1101.001066	6.598904e-01	4.275323e-02	4.387609e+02	4.796569e-02	
32.000000	36.000000	140.768420	5.183023	6.117824e-01	3.453475e-02	4.388706e+02	5.630471e-02	
32.000000	40.000000	146.132630	3.910514	5.316673e-01	2.995295e-02	4.389598e+02	3.501604e-02	
32.000000	44.000000	153.302171	4.520674	5.438664e-01	3.052166e-02	4.382039e+02	3.581511e-02	
32.000000	48.000000	165.810125	6.202767	6.241650e-01	2.603928e-02	4.367019e+02	4.622592e-02	
32.000000	52.000000	177.135168	183.956044	6.702139e-01	2.958852e-02	4.335701e+02	4.432463e-02	
32.000000	56.000000	165.795281	9.871389	5.759043e-01	3.486936e-02	4.289537e+02	4.138893e-02	
32.000000	60.000000	155.205000	6.810366	5.896146e-01	2.820022e-02	4.228087e+02	4.925652e-02	
36.000000	0.000000	147.058630	5.501310	5.744618e-01	3.079190e-02	4.160217e+02	3.798308e-02	
36.000000	4.000000	144.882643	13.734396	5.955359e-01	2.811805e-02	4.376026e+02	3.980835e-02	
36.000000	8.000000	141.174867	8.105691	6.352613e-01	3.364390e-02	4.374346e+02	4.340076e-02	
36.000000	12.000000	140.810248	7.540699	6.463291e-01	2.767727e-02	4.374005e+02	4.534627e-02	
36.000000	16.000000	140.827784	4.898504	6.342075e-01	3.726494e-02	4.377065e+02	4.454553e-02	
36.000000	20.000000	140.800012	4.695172	5.715301e-01	2.909168e-02	4.380758e+02	3.779133e-02	
36.000000	24.000000	140.030142	15.574511	5.805226e-01	3.031969e-02	4.382151e+02	3.830072e-02	
36.000000	28.000000	140.802091	3.706765	6.149099e-01	3.170720e-02	4.384356e+02	4.096112e-02	
36.000000	32.000000	140.807909	6.079175	5.453413e-01	2.810785e-02	4.387634e+02	3.595964e-02	
36.000000	36.000000	140.826240	4.348340	6.112365e-01	3.099386e-02	4.388229e+02	4.030324e-02	
36.000000	40.000000	147.057525	16.736654	6.221141e-01	3.057753e-02	4.389218e+02	4.171801e-02	
36.000000	44.000000	153.319701	4.487676	6.267737e-01	3.286098e-02	4.383301e+02	4.189993e-02	
36.000000	48.000000	165.817782	13.392478	6.456805e-01	3.222509e-02	4.370889e+02	4.601882e-02	
36.000000	52.000000	178.840424	11.299889	6.680562e-01	3.148530e-02	4.342137e+02	4.574224e-02	
36.000000	56.000000	172.064893	10.314962	5.826439e-01	3.050492e-02	4.299363e+02	3.806030e-02	
36.000000	60.000000	161.745799	1135.241050	5.420052e-01	3.320372e-02	4.240215e+02	3.757945e-02	
40.000000	0.000000	152.426418	7.151882	6.540316e-01	3.215609e-02	4.168688e+02	4.342620e-02	
40.000000	4.000000	147.051097	6.912967	6.029908e-01	2.764140e-02	4.371920e+02	4.151859e-02	
40.000000	8.000000	147.055358	10.494551	6.592339e-01	3.291966e-02	4.370219e+02	4.362571e-02	
40.000000	12.000000	147.055377	6.058072	5.988917e-01	3.040433e-02	4.370811e+02	3.916971e-02	
40.000000	16.000000	142.295027	21.503027	6.412511e-01	3.220283e-02	4.375148e+02	4.385345e-02	
40.000000	20.000000	140.801279	6.355969	6.119552e-01	2.805120e-02	4.377565e+02	4.125713e-02	
40.000000	24.000000	140.800815	5.064137	6.099729e-01	3.539171e-02	4.381417e+02	4.195386e-02	
40.000000	28.000000	140.800439	5.481414	5.635490e-01	2.840593e-02	4.382198e+02	3.709130e-02	
40.000000	32.000000	142.070975	8.660199	6.020196e-01	3.452587e-02	4.387401e+02	4.148711e-02	
40.000000	36.000000	147.058500	3.860846	5.347631e-01	3.041152e-02	4.390084e+02	3.442218e-02	
40.000000	40.000000	148.216176	127.530547	5.771007e-01	3.007768e-02	4.389408e+02	3.993361e-02	
40.000000	44.000000	157.905259	8.273584	5.954757e-01	2.859054e-02	4.384463e+02	4.017242e-02	
40.000000	48.000000	166.070424	8.292134	6.294196e-01	3.644962e-02	4.374440e+02	4.243088e-02	
40.000000	52.000000	184.539287	9.999136	5.809558e-01	2.569100e-02	4.347807e+02	4.169326e-02	
40.000000	56.000000	182.958840	6.686307	6.107372e-01	2.942375e-02	4.306962e+02	4.072885e-02	
40.000000	60.000000	171.196367	6.518522	5.788306e-01	3.046027e-02	4.252382e+02	3.832870e-02	
44.000000	0.000000	159.555626	7.433835	5.946705e-01	2.947568e-02	4.181796e+02	3.913494e-02	
44.000000	4.000000	153.293758	15.063009	6.599872e-01	3.787292e-02	4.366405e+02	4.613069e-02	
44.000000	8.000000	152.453348	8.529161	6.512046e-01	3.334176e-02	4.364249e+02	4.399964e-02	
44.000000	12.000000	148.977596	1029.490191	6.552972e-01	3.696862e-02	4.365248e+02	4.470250e-02	
44.000000	16.000000	147.057695	6.490222	5.493964e-01	2.679681e-02	4.371521e+02	3.913048e-02	
44.000000	20.000000	147.048500	11.596602	6.171166e-01	3.405607e-02	4.374566e+02	4.203494e-02	
44.000000	24.000000	147.054575	5.777322	6.316718e-01	3.263614e-02	4.379115e+02	4.761172e-02	
44.000000	28.000000	147.051745	6.699978	6.592339e-01	3.291932e-02	4.379781e+02	4.362526e-02	
44.000000	32.000000	147.045915	20.515219	6.383847e-01	3.287061e-02	4.383253e+02	4.265776e-02	
44.000000	36.000000	147.382312	4.607947	5.757807e-01	2.952871e-02	4.386682e+02	3.921079e-02	
44.000000	40.000000	153.306145	14.981898	5.855921e-01	2.864619e-02	4.384739e+02	3.975248e-02	
44.000000	44.000000	159.535211	13.251261	6.116781e-01	2.650666e-02	4.383427e+02	4.183357e-02	
44.000000	48.000000	172.057877	6.975683	6.090912e-01	3.182305e-02	4.374151e+02	4.186233e-02	
44.000000	52.000000	187.599839	1132.301269	6.699349e-01	3.090643e-02	4.353671e+02	4.630059e-02	
44.000000	56.000000	190.804222	7.793179	6.304589e-01	3.379113e-02	4.315286e+02	4.261040e-02	
44.000000	60.000000	178.300473	6.042377	6.331558e-01	3.345591e-02	4.264476e+02	4.270848e-02	
48.000000	0.000000	165.795500	6.839164	5.643779e-01	2.630366e-02	4.196524e+02	3.793638e-02	
48.000000	4.000000	159.544572	19.210246	6.657094e-01	3.314344e-02	4.359649e+02	4.433579e-02	
48.000000	8.000000	158.881133	10.429802	7.133605e-01	3.637436e-02	4.359324e+02	4.885411e-02	
48.000000	12.000000	154.843100	18.253270	6.350959e-01	3.213831e-02	4.360263e+02	4.216608e-02	
48.000000	16.000000	153.295431	12.191126	6.336196e-01	3.185954e-02	4.364537e+02	4.209155e-02	
48.000000	20.000000	153.299451	7.261106	6.453334e-01	3.381670e-02	4.369289e+02	4.342930e-02	
48.000000	24.000000	152.596183	86.380685	6.574542e-01	3.195431e-02	4.373040e+02	4.420472e-02	
48.000000	28.000000	152.484067	5.530977	6.628990e-01	3.036896e-02	4.375660e+02	4.394777e-02	
48.000000	32.000000	153.302076	4.753049	6.168915e-01	3.035568e-02	4.379082e+02	4.264013e-02	
48.000000	36.000000	153.307856	23.017453	5.775069e-01	3.086506e-02	4.382271e+02	3.825712e-02	
48.000000	40.000000	157.960908	5.924874	6.169062e-01	2.917269e-02	4.385611e+02	4.168506e-02	
48.000000	44.000000	163.942367	6.746343	6.747529e-01	3.366925e-02	4.381409e+02	4.490255e-02	
48.000000	48.000000	173.557634	98.061569	6.908776e-01	3.146712e-02	4.376162e+02	4.924823e-02	
48.000000	52.000000	190.807212	8.911319	5.901790e-01	2.945545e-02	4.356743e+02	3.939197e-02	
48.000000	56.000000	203.301994	9.194294	6.552353e-01	2.901656e-02	4.322973e+02	4.609021e-02	
48.000000	60.000000	190.800013	11.425491	6.070997e-01	3.094266e-02	4.277439e+02	4.026620e-02	
52.000000	0.000000	178.308742	10.124146	6.420453e-01	3.389052e-02	4.214478e+02	4.335168e-02	
52.000000	4.000000	168.584652	26.029075	6.931651e-01	4.045093e-02	4.353216e+02	4.688341e-02	
52.000000	8.000000	166.138217	16.415413	6.542089e-01	3.166070e-02	4.348377e+02	4.373838e-02	
52.000000	12.000000	164.924271	18.906776	6.365271e-01	2.652174e-02	4.353451e+02	4.588898e-02	
52.000000	16.000000	160.791155	785.500453	6.873404e-01	3.460256e-02	4.360355e+02	4.622539e-02	
52.000000	20.000000	159.552671	20.880239	6.396453e-01	3.596788e-02	4.364328e+02	4.437547e-02	
52.000000	24.000000	159.555588	19.726598	6.312477e-01	3.027179e-02	4.368390e+02	4.212450e-02	
52.000000	28.000000	159.556563	9.758308	5.684371e-01	3.292166e-02	4.371379e+02	3.800410e-02	
52.000000	32.000000	159.555408	13.630896	5.826278e-01	2.992984e-02	4.378121e+02	3.828055e-02	
52.000000	36.000000	159.535221	21.960268	6.272393e-01	3.149334e-02	4.381474e+02	4.138285e-02	
