0.000000	4.000000	153.332637	8.900078	5.764615e-01	2.732520e-02	4.453867e+02	3.858046e-02	
0.000000	8.000000	153.304744	14.191638	5.970439e-01	3.392715e-02	4.452347e+02	4.022360e-02	
0.000000	12.000000	153.298554	9.575134	6.061716e-01	2.556867e-02	4.452743e+02	4.350975e-02	
0.000000	16.000000	151.718949	733.468071	6.245141e-01	2.901311e-02	4.455135e+02	4.139475e-02	
0.000000	20.000000	147.049498	6.388169	5.372692e-01	4.155788e-02	4.459307e+02	5.698442e-02	
0.000000	24.000000	147.088344	20.325389	5.633162e-01	2.861656e-02	4.463286e+02	3.783567e-02	
0.000000	28.000000	147.051703	18.409637	5.704488e-01	2.880963e-02	4.463578e+02	3.834919e-02	
0.000000	32.000000	147.021800	44.617364	6.367250e-01	3.586368e-02	4.463902e+02	4.414072e-02	
0.000000	36.000000	147.021779	3.749384	5.753073e-01	2.698742e-02	4.465646e+02	3.795456e-02	
0.000000	40.000000	147.191967	59.302649	5.864134e-01	3.138520e-02	4.467549e+02	3.923016e-02	
0.000000	44.000000	153.279387	179.413861	5.891167e-01	2.690932e-02	4.468591e+02	3.703351e-02	
0.000000	48.000000	159.535176	167.784990	6.003534e-01	2.805531e-02	4.465946e+02	4.042695e-02	
0.000000	52.000000	172.046666	5.860265	5.362546e-01	3.076920e-02	4.459051e+02	4.241974e-02	
0.000000	56.000000	186.965541	1123.619404	5.956307e-01	3.022822e-02	4.440213e+02	3.885190e-02	
0.000000	60.000000	197.055910	11.807906	6.929319e-01	3.468230e-02	4.407418e+02	4.675853e-02	
4.000000	0.000000	184.554264	8.972830	6.333191e-01	3.076541e-02	4.354817e+02	4.303750e-02	
4.000000	4.000000	154.954596	15.507363	6.588950e-01	3.627874e-02	4.453431e+02	4.425855e-02	
4.000000	8.000000	153.704792	10.244987	5.665069e-01	3.021142e-02	4.450818e+02	4.168054e-02	
4.000000	12.000000	153.309012	9.203728	6.101006e-01	3.096240e-02	4.451785e+02	4.014527e-02	
4.000000	16.000000	153.295190	6.986213	6.129052e-01	2.769118e-02	4.452042e+02	4.270214e-02	
4.000000	20.000000	150.968393	1026.221007	6.217323e-01	2.621322e-02	4.456108e+02	4.051303e-02	
4.000000	24.000000	148.535465	103.881557	5.376354e-01	3.190067e-02	4.460208e+02	3.586632e-02	
4.000000	28.000000	147.057910	5.908646	5.985837e-01	3.115257e-02	4.460665e+02	3.937566e-02	
4.000000	32.000000	147.045757	5.354841	6.005911e-01	2.947435e-02	4.463076e+02	4.000371e-02	
4.000000	36.000000	148.284549	5.836689	6.369473e-01	2.690535e-02	4.464799e+02	4.086897e-02	
4.000000	40.000000	152.144927	90.223475	5.348757e-01	2.360719e-02	4.464310e+02	3.671230e-02	
4.000000	44.000000	153.305924	3.728274	5.954757e-01	2.859104e-02	4.465537e+02	4.017323e-02	
4.000000	48.000000	159.554144	3.980864	6.034742e-01	2.770467e-02	4.466121e+02	4.066785e-02	
4.000000	52.000000	172.077533	64.511659	5.976592e-01	3.779129e-02	4.458538e+02	4.223742e-02	
4.000000	56.000000	189.283824	789.632189	5.468360e-01	2.947748e-02	4.440409e+02	3.512738e-02	
4.000000	60.000000	198.292281	13.174510	5.810863e-01	3.132786e-02	4.410160e+02	3.906718e-02	
8.000000	0.000000	190.808744	12.012089	7.081861e-01	3.494760e-02	4.357887e+02	4.843745e-02	
8.000000	4.000000	158.456259	13.303385	5.787333e-01	3.647806e-02	4.451358e+02	4.012331e-02	
8.000000	8.000000	157.911889	10.223631	5.984565e-01	3.442213e-02	4.451580e+02	4.064020e-02	
8.000000	12.000000	155.469845	25.014904	6.095919e-01	3.085980e-02	4.450694e+02	4.277729e-02	
8.000000	16.000000	153.300064	7.622488	5.661720e-01	2.457249e-02	4.452279e+02	3.761720e-02	
8.000000	20.000000	153.295179	7.387392	5.851569e-01	2.555435e-02	4.452647e+02	4.020899e-02	
8.000000	24.000000	151.821355	110.943850	6.621479e-01	3.060504e-02	4.454848e+02	4.599279e-02	
8.000000	28.000000	150.132720	1065.282791	6.574650e-01	3.335879e-02	4.460396e+02	4.380098e-02	
8.000000	32.000000	150.488864	155.319853	6.056364e-01	3.132797e-02	4.460795e+02	3.985076e-02	
8.000000	36.000000	151.706869	74.406466	6.221879e-01	2.924559e-02	4.461915e+02	4.177989e-02	
8.000000	40.000000	153.279462	6.013026	6.930971e-01	4.440597e-02	4.465746e+02	4.826829e-02	
8.000000	44.000000	154.843100	5.921522	6.374877e-01	3.556299e-02	4.466229e+02	4.387925e-02	
8.000000	48.000000	160.870848	105.543510	5.943647e-01	2.839698e-02	4.465630e+02	4.007755e-02	
8.000000	52.000000	172.050430	5.225547	5.650250e-01	2.778648e-02	4.458431e+02	4.407796e-02	
8.000000	56.000000	190.106265	294.038974	5.677732e-01	2.820286e-02	4.442082e+02	3.727726e-02	
8.000000	60.000000	203.299984	7.336701	6.733063e-01	2.849489e-02	4.413495e+02	4.555123e-02	
12.000000	0.000000	193.363889	9.774047	6.688133e-01	3.093364e-02	4.367273e+02	4.613908e-02	
12.000000	4.000000	160.061828	14.536951	6.330936e-01	3.287313e-02	4.451069e+02	4.202458e-02	
12.000000	8.000000	159.545665	18.100483	5.415591e-01	3.091579e-02	4.449521e+02	3.503409e-02	
12.000000	12.000000	159.555440	10.477332	6.167131e-01	3.179645e-02	4.447913e+02	4.083536e-02	
12.000000	16.000000	156.924343	23.130338	6.044491e-01	2.998207e-02	4.450777e+02	4.092846e-02	
12.000000	20.000000	153.295228	8.962553	5.807017e-01	2.567447e-02	4.452165e+02	4.179653e-02	
12.000000	24.000000	153.300350	7.987897	6.579615e-01	3.373911e-02	4.453490e+02	4.417366e-02	
12.000000	28.000000	153.307910	5.903424	6.307314e-01	3.690670e-02	4.457185e+02	4.410418e-02	
12.000000	32.000000	153.298734	6.617837	6.278977e-01	2.932035e-02	4.458033e+02	4.240971e-02	
12.000000	36.000000	153.303200	4.897736	5.320444e-01	3.028261e-02	4.460585e+02	3.381277e-02	
12.000000	40.000000	153.304199	5.579985	6.069646e-01	2.989684e-02	4.463261e+02	4.049742e-02	
12.000000	44.000000	157.751692	5.014232	6.137478e-01	2.861743e-02	4.464205e+02	4.144049e-02	
12.000000	48.000000	164.221710	87.872457	6.084524e-01	2.698847e-02	4.463634e+02	4.113193e-02	
12.000000	52.000000	172.864831	77.319169	6.598895e-01	3.800338e-02	4.457736e+02	4.485479e-02	
12.000000	56.000000	190.802193	7.640791	6.274351e-01	3.760425e-02	4.442425e+02	4.424474e-02	
12.000000	60.000000	204.874350	9.180025	6.230165e-01	2.957072e-02	4.417860e+02	4.144651e-02	
16.000000	0.000000	197.048814	10.190007	7.157511e-01	4.236787e-02	4.375164e+02	4.997999e-02	
16.000000	4.000000	163.195980	1050.319091	6.291518e-01	3.106012e-02	4.449099e+02	4.126960e-02	
16.000000	8.000000	160.800259	813.570773	6.305703e-01	3.097867e-02	4.449004e+02	4.211997e-02	
16.000000	12.000000	160.046963	10.267390	6.121925e-01	2.492555e-02	4.447260e+02	4.448806e-02	
16.000000	16.000000	159.545143	13.667886	5.797575e-01	3.151207e-02	4.447432e+02	3.957806e-02	
16.000000	20.000000	156.784460	23.405121	5.674096e-01	2.976283e-02	4.450209e+02	3.696697e-02	
16.000000	24.000000	153.299870	6.464483	5.790373e-01	2.561891e-02	4.452627e+02	3.944094e-02	
16.000000	28.000000	153.299519	5.688703	5.769728e-01	2.751374e-02	4.455022e+02	3.909072e-02	
16.000000	32.000000	153.301998	7.227683	6.251274e-01	3.959415e-02	4.458217e+02	4.503559e-02	
16.000000	36.000000	153.312040	7.243399	6.008877e-01	3.112728e-02	4.460069e+02	4.009337e-02	
16.000000	40.000000	154.693389	7.296701	5.696493e-01	2.794933e-02	4.461770e+02	3.752784e-02	
16.000000	44.000000	159.535219	7.131563	5.784673e-01	2.928615e-02	4.463641e+02	3.872350e-02	
16.000000	48.000000	165.810089	6.802591	6.393114e-01	3.352748e-02	4.460362e+02	4.348842e-02	
16.000000	52.000000	173.783940	332.676547	5.911396e-01	2.853724e-02	4.457744e+02	3.931479e-02	
16.000000	56.000000	190.797381	7.087874	5.713780e-01	2.927783e-02	4.443035e+02	3.892954e-02	
16.000000	60.000000	209.552259	10.568061	6.573556e-01	3.467235e-02	4.422473e+02	4.386046e-02	
20.000000	0.000000	203.296197	9.834681	5.780354e-01	2.962898e-02	4.379320e+02	3.945131e-02	
20.000000	4.000000	165.811512	24.539340	5.995047e-01	3.137516e-02	4.444764e+02	4.058402e-02	
20.000000	8.000000	165.804275	17.072487	5.716155e-01	3.173740e-02	4.441976e+02	3.791946e-02	
20.000000	12.000000	164.229138	796.423648	6.312473e-01	3.884590e-02	4.442841e+02	4.341186e-02	
20.000000	16.000000	160.409582	10.710493	5.899960e-01	2.907089e-02	4.444486e+02	4.033590e-02	
20.000000	20.000000	159.549962	11.472697	5.603098e-01	2.603542e-02	4.448189e+02	3.957913e-02	
20.000000	24.000000	157.958840	13.805956	6.385553e-01	3.210019e-02	4.449885e+02	4.210013e-02	
20.000000	28.000000	155.384706	25.720761	5.928313e-01	2.998646e-02	4.452073e+02	3.899171e-02	
20.000000	32.000000	154.843100	31.393535	5.662076e-01	2.765516e-02	4.456262e+02	3.861281e-02	
20.000000	36.000000	156.283422	36.636520	6.834929e-01	4.421693e-02	4.456655e+02	4.929482e-02	
20.000000	40.000000	158.936486	5.343384	5.405662e-01	2.866327e-02	4.459127e+02	3.505439e-02	
20.000000	44.000000	159.560961	3.879296	6.558567e-01	3.389412e-02	4.462875e+02	4.370171e-02	
20.000000	48.000000	165.822220	7.324776	5.994139e-01	3.099450e-02	4.460356e+02	3.915262e-02	
20.000000	52.000000	177.402982	151.760768	5.928686e-01	2.861714e-02	4.455398e+02	4.004340e-02	
20.000000	56.000000	190.795652	14.405893	6.425682e-01	3.159630e-02	4.445013e+02	4.387078e-02	
20.000000	60.000000	209.556006	10.874552	5.704773e-01	2.677245e-02	4.425468e+02	3.901962e-02	
24.000000	0.000000	209.555589	12.680127	6.359574e-01	3.491493e-02	4.384950e+02	4.313616e-02	
24.000000	4.000000	168.667046	21.072070	5.592856e-01	2.579932e-02	4.441927e+02	3.868783e-02	
24.000000	8.000000	167.069001	13.913384	6.532933e-01	3.349666e-02	4.438684e+02	4.336802e-02	
24.000000	12.000000	165.792637	18.452033	5.903776e-01	2.852333e-02	4.439242e+02	3.789982e-02	
24.000000	16.000000	164.600914	12.960882	6.340016e-01	3.079899e-02	4.439858e+02	4.091403e-02	
24.000000	20.000000	160.791249	594.739739	5.914581e-01	3.019360e-02	4.446314e+02	4.051094e-02	
24.000000	24.000000	159.561668	39.194047	5.708975e-01	2.898023e-02	4.449118e+02	3.740330e-02	
24.000000	28.000000	159.546937	9.479306	5.924927e-01	3.485078e-02	4.452280e+02	4.029408e-02	
24.000000	32.000000	159.555931	7.213378	5.609254e-01	2.661485e-02	4.454304e+02	3.815367e-02	
24.000000	36.000000	159.555846	7.577677	6.225608e-01	3.445692e-02	4.456515e+02	4.302853e-02	
24.000000	40.000000	159.554256	6.120741	5.841562e-01	3.084947e-02	4.458964e+02	4.565405e-02	
24.000000	44.000000	163.701910	982.504783	5.766759e-01	3.454209e-02	4.460433e+02	4.122275e-02	
24.000000	48.000000	167.060188	6.167267	5.853049e-01	3.220795e-02	4.463147e+02	3.949093e-02	
24.000000	52.000000	178.305430	9.899863	5.823133e-01	2.851128e-02	4.458744e+02	4.149589e-02	
24.000000	56.000000	190.801964	8.672917	5.677732e-01	2.820349e-02	4.447918e+02	3.727778e-02	
24.000000	60.000000	211.142660	1003.485655	6.134813e-01	3.031415e-02	4.429079e+02	4.026617e-02	
28.000000	0.000000	215.800031	14.569685	6.532073e-01	3.158374e-02	4.391636e+02	4.352520e-02	
28.000000	4.000000	172.045679	21.335539	5.506977e-01	2.590097e-02	4.442746e+02	3.671610e-02	
28.000000	8.000000	172.055422	16.907630	5.942726e-01	3.003621e-02	4.439617e+02	3.897690e-02	
28.000000	12.000000	170.330017	15.524822	5.876583e-01	2.769541e-02	4.438403e+02	4.028974e-02	
28.000000	16.000000	166.987186	15.228047	6.330082e-01	3.167531e-02	4.440722e+02	4.433189e-02	
28.000000	20.000000	164.911223	15.936813	6.398418e-01	2.834525e-02	4.442599e+02	4.498940e-02	
28.000000	24.000000	162.899696	1059.313427	6.046780e-01	2.649343e-02	4.446586e+02	4.098456e-02	
28.000000	28.000000	159.988548	150.374174	6.051427e-01	3.263937e-02	4.452194e+02	4.005881e-02	
28.000000	32.000000	160.216733	7.900340	6.434311e-01	3.964395e-02	4.452489e+02	4.593015e-02	
28.000000	36.000000	160.412373	4.312352	5.998845e-01	2.890059e-02	4.455488e+02	4.047432e-02	
28.000000	40.000000	161.634711	1035.051881	6.300411e-01	2.801019e-02	4.457544e+02	4.380600e-02	
28.000000	44.000000	165.798619	10.368511	5.901503e-01	3.020495e-02	4.459531e+02	3.987155e-02	
28.000000	48.000000	171.021611	6.244309	5.663379e-01	3.029713e-02	4.460295e+02	3.688193e-02	
28.000000	52.000000	178.834625	7.747703	6.434519e-01	2.937543e-02	4.456865e+02	4.381250e-02	
28.000000	56.000000	192.120848	10.156225	6.105471e-01	3.086641e-02	4.448882e+02	4.009970e-02	
28.000000	60.000000	214.978348	276.090965	6.018791e-01	3.069286e-02	4.430514e+02	3.942974e-02	
32.000000	0.000000	222.045822	14.619210	6.548727e-01	3.172441e-02	4.398583e+02	4.409223e-02	
32.000000	4.000000	176.633081	485.990265	5.915457e-01	3.410260e-02	4.437816e+02	4.079387e-02	
32.000000	8.000000	175.180798	1041.280490	6.941768e-01	4.474868e-02	4.435403e+02	4.929594e-02	
32.000000	12.000000	173.281944	459.291761	5.523242e-01	2.625700e-02	4.436319e+02	3.776984e-02	
32.000000	16.000000	171.274193	20.776743	5.564378e-01	2.850293e-02	4.439063e+02	3.751588e-02	
32.000000	20.000000	167.705000	31.594674	5.533514e-01	3.308803e-02	4.440424e+02	3.794205e-02	
32.000000	24.000000	165.797404	30.089405	5.909851e-01	2.659126e-02	4.443978e+02	3.854974e-02	
32.000000	28.000000	164.951857	10.996004	6.029004e-01	3.126876e-02	4.443875e+02	4.130471e-02	
32.000000	32.000000	164.164236	389.248078	5.567878e-01	2.862683e-02	4.449080e+02	3.771992e-02	
32.000000	36.000000	165.007076	133.011635	5.853232e-01	3.030241e-02	4.449767e+02	3.820566e-02	
32.000000	40.000000	165.798691	21.945095	5.856822e-01	3.032348e-02	4.453618e+02	3.931415e-02	
32.000000	44.000000	167.047745	8.001175	6.089249e-01	3.254950e-02	4.456768e+02	4.042790e-02	
32.000000	48.000000	172.056355	6.794294	5.561905e-01	2.817993e-02	4.458876e+02	3.680856e-02	
32.000000	52.000000	182.163878	31.887353	6.089951e-01	2.732585e-02	4.456237e+02	4.109400e-02	
32.000000	56.000000	196.138576	6.886337	5.938684e-01	3.027088e-02	4.450255e+02	3.927074e-02	
32.000000	60.000000	215.836097	9.385499	5.750638e-01	3.197720e-02	4.432292e+02	3.918688e-02	
36.000000	0.000000	228.300014	10.594874	6.303009e-01	3.065046e-02	4.402581e+02	4.186057e-02	
36.000000	4.000000	180.273641	33.676634	6.231583e-01	3.264544e-02	4.435619e+02	4.198428e-02	
36.000000	8.000000	179.497412	28.932474	5.810741e-01	3.193004e-02	4.431085e+02	3.852712e-02	
36.000000	12.000000	178.304258	23.821712	6.223187e-01	3.672427e-02	4.432520e+02	4.369531e-02	
36.000000	16.000000	176.476145	900.435821	6.192024e-01	3.178814e-02	4.435360e+02	4.204058e-02	
36.000000	20.000000	172.055465	21.779783	6.083418e-01	3.016883e-02	4.438928e+02	4.403964e-02	
36.000000	24.000000	170.975462	12.539423	5.904946e-01	3.182505e-02	4.441903e+02	3.815931e-02	
36.000000	28.000000	168.158563	32.510527	6.328363e-01	3.476337e-02	4.445287e+02	4.374144e-02	
36.000000	32.000000	167.050643	28.269732	5.952644e-01	2.803657e-02	4.446920e+02	3.826678e-02	
36.000000	36.000000	167.210618	9.675125	5.238418e-01	3.037732e-02	4.450240e+02	3.311346e-02	
36.000000	40.000000	168.146895	38.953881	6.109281e-01	3.515130e-02	4.451962e+02	4.142974e-02	
36.000000	44.000000	171.160557	9.535515	6.111893e-01	2.590665e-02	4.457033e+02	4.296265e-02	
36.000000	48.000000	176.175038	984.424568	5.855351e-01	2.530493e-02	4.457828e+02	4.255857e-02	
36.000000	52.000000	184.545380	9.833643	5.982193e-01	2.914470e-02	4.457052e+02	3.971791e-02	
36.000000	56.000000	197.051874	14.557008	5.900452e-01	3.265664e-02	4.452562e+02	4.049842e-02	
36.000000	60.000000	215.805334	10.547113	6.172399e-01	2.576923e-02	4.436975e+02	4.413451e-02	
40.000000	0.000000	235.797825	15.569405	6.223821e-01	3.088290e-02	4.411242e+02	3.981209e-02	
40.000000	4.000000	186.204596	929.550989	6.026065e-01	3.323119e-02	4.431238e+02	4.049519e-02	
40.000000	8.000000	185.845100	20.892822	6.248291e-01	3.235595e-02	4.429507e+02	4.459962e-02	
40.000000	12.000000	184.554433	24.499863	5.741116e-01	2.959076e-02	4.430648e+02	3.716282e-02	
40.000000	16.000000	181.696454	34.837482	5.986472e-01	2.563488e-02	4.432855e+02	4.154645e-02	
40.000000	20.000000	178.778466	24.061260	6.075953e-01	3.155375e-02	4.435845e+02	4.165318e-02	
40.000000	24.000000	174.314762	1017.829021	5.760909e-01	2.823552e-02	4.438782e+02	4.014192e-02	
40.000000	28.000000	172.824169	296.826937	6.057417e-01	2.877827e-02	4.441350e+02	3.869162e-02	
40.000000	32.000000	172.052078	32.611465	5.666366e-01	2.808361e-02	4.443350e+02	3.798463e-02	
40.000000	36.000000	172.045637	33.875899	6.607911e-01	4.907528e-02	4.449271e+02	5.400558e-02	
40.000000	40.000000	172.052643	28.426278	6.442638e-01	3.048090e-02	4.451631e+02	4.386917e-02	
40.000000	44.000000	173.593096	898.452782	6.777259e-01	3.545066e-02	4.454173e+02	4.769997e-02	
40.000000	48.000000	178.799098	31.853128	6.317402e-01	3.375535e-02	4.455717e+02	4.234430e-02	
40.000000	52.000000	185.800259	804.804530	6.808768e-01	4.393139e-02	4.456752e+02	4.913524e-02	
40.000000	56.000000	198.384835	619.853190	5.934797e-01	2.995919e-02	4.451150e+02	3.882925e-02	
40.000000	60.000000	218.022083	16.050504	5.722424e-01	2.555803e-02	4.437639e+02	3.922113e-02	
44.000000	0.000000	242.131774	18.228598	6.618810e-01	2.860754e-02	4.415639e+02	4.684979e-02	
44.000000	4.000000	195.230207	29.116857	6.590077e-01	3.346629e-02	4.426548e+02	4.416565e-02	
44.000000	8.000000	192.257202	34.014153	5.690820e-01	2.658641e-02	4.423802e+02	3.834225e-02	
44.000000	12.000000	191.209170	27.990373	6.121283e-01	3.728421e-02	4.422518e+02	4.218590e-02	
44.000000	16.000000	188.795404	913.926256	6.547398e-01	2.788163e-02	4.425921e+02	4.552141e-02	
44.000000	20.000000	183.670312	29.440290	5.697122e-01	2.885412e-02	4.428977e+02	4.017784e-02	
44.000000	24.000000	180.250475	49.714796	5.565096e-01	2.595934e-02	4.433469e+02	3.746604e-02	
44.000000	28.000000	178.951172	42.397007	6.314687e-01	3.101686e-02	4.439287e+02	4.181668e-02	
44.000000	32.000000	177.311205	28.803426	6.362940e-01	3.163533e-02	4.440217e+02	4.195323e-02	
44.000000	36.000000	176.626192	13.720331	5.877101e-01	2.951221e-02	4.443821e+02	3.949934e-02	
44.000000	40.000000	177.089968	12.697189	6.005452e-01	2.936732e-02	4.448142e+02	3.953168e-02	
44.000000	44.000000	178.939813	35.839350	5.628553e-01	2.615738e-02	4.453345e+02	3.771157e-02	
44.000000	48.000000	183.301900	6.992029	6.427444e-01	3.690617e-02	4.453844e+02	4.480317e-02	
44.000000	52.000000	190.805378	18.065546	6.142545e-01	3.246819e-02	4.454196e+02	4.226957e-02	
44.000000	56.000000	203.334345	9.090560	5.326039e-01	3.203598e-02	4.449255e+02	3.463008e-02	
44.000000	60.000000	222.109828	10.844145	5.731026e-01	3.215143e-02	4.440004e+02	4.000406e-02	
48.000000	0.000000	247.673514	15.221281	6.133441e-01	2.931786e-02	4.421957e+02	4.064953e-02	
48.000000	4.000000	204.645263	31.324378	5.870870e-01	3.856242e-02	4.420692e+02	4.478749e-02	
48.000000	8.000000	202.106430	26.089494	6.338959e-01	3.194646e-02	4.419784e+02	4.266619e-02	
48.000000	12.000000	200.647049	982.878308	6.315622e-01	2.966650e-02	4.418021e+02	4.268525e-02	
48.000000	16.000000	196.174839	27.176131	5.775524e-01	3.034873e-02	4.422394e+02	3.816501e-02	
48.000000	20.000000	192.068954	31.360054	6.269201e-01	3.380265e-02	4.424858e+02	4.315142e-02	
48.000000	24.000000	189.084853	647.548303	5.406155e-01	4.251882e-02	4.429262e+02	5.971070e-02	
48.000000	28.000000	185.951310	657.553507	6.609199e-01	3.545237e-02	4.434773e+02	4.484976e-02	
48.000000	32.000000	184.550467	35.010447	6.432900e-01	4.244629e-02	4.438354e+02	4.758953e-02	
48.000000	36.000000	184.552187	32.288056	6.202346e-01	3.096158e-02	4.440302e+02	4.071875e-02	
48.000000	40.000000	184.550613	18.203342	6.333133e-01	3.417422e-02	4.444057e+02	4.252420e-02	
48.000000	44.000000	184.555381	46.246224	6.259119e-01	3.166908e-02	4.449369e+02	4.133067e-02	
48.000000	48.000000	189.090029	125.482804	5.820583e-01	3.041994e-02	4.449706e+02	3.925148e-02	
48.000000	52.000000	197.051890	7.796445	6.685759e-01	4.515134e-02	4.451955e+02	5.024062e-02	
48.000000	56.000000	208.047936	10.189433	6.184303e-01	3.382169e-02	4.447862e+02	4.132023e-02	
48.000000	60.000000	224.194219	1051.075779	5.976573e-01	3.000652e-02	4.440644e+02	4.034750e-02	
52.000000	0.000000	252.277636	15.762002	6.147145e-01	3.483410e-02	4.422565e+02	4.145929e-02	
52.000000	4.000000	220.064613	53.304769	5.890219e-01	3.354036e-02	4.412116e+02	3.960906e-02	
52.000000	8.000000	217.307395	49.752048	6.105686e-01	2.972138e-02	4.408884e+02	4.432729e-02	
52.000000	12.000000	214.044496	140.234766	6.097357e-01	3.076252e-02	4.409399e+02	3.996404e-02	
52.000000	16.000000	210.782569	22.584590	6.137661e-01	2.587832e-02	4.413162e+02	4.278585e-02	
52.000000	20.000000	204.860940	50.402707	6.306481e-01	2.617054e-02	4.416797e+02	4.610326e-02	
52.000000	24.000000	200.880789	962.906350	6.234506e-01	3.345555e-02	4.421497e+02	4.166080e-02	
52.000000	28.000000	197.783358	27.123691	6.333296e-01	3.050175e-02	4.428418e+02	4.038140e-02	
52.000000	32.000000	195.457002	24.170744	5.585232e-01	2.832509e-02	4.432074e+02	3.658806e-02	
52.000000	36.000000	193.979845	59.058759	6.378455e-01	3.548841e-02	4.434760e+02	4.416090e-02	
52.000000	40.000000	192.429885	44.844532	5.849875e-01	2.905502e-02	4.439085e+02	3.944483e-02	
52.000000	44.000000	193.783423	44.891505	5.772016e-01	2.686216e-02	4.443670e+02	3.879670e-02	
52.000000	48.000000	196.244744	10.705803	6.022238e-01	2.886779e-02	4.448536e+02	4.024050e-02	
52.000000	52.000000	203.305347	14.726076	6.066303e-01	3.067679e-02	4.448461e+02	3.875293e-02	
52.000000	56.000000	214.144060	838.352483	5.935999e-01	2.741795e-02	4.447347e+02	3.816102e-02	
52.000000	60.000000	229.558056	14.102635	5.773477e-01	3.234342e-02	4.438819e+02	3.843362e-02	
56.000000	0.000000	257.961615	18.653336	5.898759e-01	2.645928e-02	4.426713e+02	3.975045e-02	
56.000000	4.000000	250.720725	865.990155	6.710594e-01	3.392042e-02	4.401161e+02	4.446540e-02	
56.000000	8.000000	248.299904	782.207452	6.953267e-01	3.707405e-02	4.400512e+02	4.714570e-02	
56.000000	12.000000	244.410493	103.722421	6.184055e-01	2.785732e-02	4.397939e+02	4.377146e-02	
56.000000	16.000000	238.517897	848.863257	6.405071e-01	3.632878e-02	4.401865e+02	4.349555e-02	
56.000000	20.000000	231.250000	93.141307	6.288053e-01	3.134238e-02	4.409914e+02	4.137327e-02	
56.000000	24.000000	223.443387	778.360002	6.500067e-01	2.984106e-02	4.417855e+02	4.532224e-02	
56.000000	28.000000	218.667046	66.870767	5.993226e-01	3.125224e-02	4.421642e+02	3.936323e-02	
56.000000	32.000000	214.791245	163.434124	6.101154e-01	2.922612e-02	4.424676e+02	4.064631e-02	
56.000000	36.000000	210.994527	841.831256	5.667423e-01	2.672212e-02	4.428426e+02	3.635859e-02	
56.000000	40.000000	208.030699	36.611873	6.275603e-01	3.489532e-02	4.435583e+02	4.275159e-02	
56.000000	44.000000	207.947214	38.714149	5.509231e-01	3.093910e-02	4.439909e+02	3.709651e-02	
56.000000	48.000000	210.371196	32.825443	6.325624e-01	3.587356e-02	4.443475e+02	4.394080e-02	
56.000000	52.000000	214.776166	21.778027	6.507666e-01	3.399502e-02	4.443586e+02	4.355703e-02	
56.000000	56.000000	223.430533	628.950650	6.001131e-01	2.740249e-02	4.443791e+02	4.033156e-02	
56.000000	60.000000	239.813335	20.378786	5.598591e-01	3.285411e-02	4.441265e+02	3.729121e-02	
60.000000	0.000000	265.811346	25.311822	5.747687e-01	2.963509e-02	4.429370e+02	3.729935e-02	
60.000000	4.000000	425.750541	752.266241	6.999679e-01	3.473163e-02	4.412594e+02	4.754681e-02	
60.000000	8.000000	417.615575	325.086275	6.493383e-01	3.266577e-02	4.411109e+02	4.287028e-02	
60.000000	12.000000	404.313164	765.282106	6.692580e-01	3.538125e-02	4.413248e+02	4.479766e-02	
60.000000	16.000000	384.494989	702.654079	6.630713e-01	2.868607e-02	4.414364e+02	4.711964e-02	
60.000000	20.000000	359.018085	765.256802	5.959795e-01	3.158822e-02	4.420465e+02	3.929704e-02	
60.000000	24.000000	333.164187	761.955813	6.500367e-01	3.722959e-02	4.426222e+02	4.351547e-02	
60.000000	28.000000	311.998931	340.879801	6.235502e-01	3.109970e-02	4.430820e+02	4.100343e-02	
60.000000	32.000000	294.952601	733.259684	6.421463e-01	2.811916e-02	4.435000e+02	4.255789e-02	
60.000000	36.000000	278.975127	736.499880	6.097289e-01	3.155692e-02	4.434670e+02	4.188562e-02	
60.000000	40.000000	262.576860	845.621544	6.665747e-01	3.620116e-02	4.434920e+02	4.538810e-02	
60.000000	44.000000	251.833666	732.574185	6.109804e-01	3.040948e-02	4.434981e+02	4.134424e-02	
60.000000	48.000000	245.197576	103.186812	6.916573e-01	3.092192e-02	4.437541e+02	5.130669e-02	
60.000000	52.000000	244.839763	79.681422	6.883401e-01	3.151579e-02	4.437416e+02	4.620127e-02	
60.000000	56.000000	249.900161	921.551494	5.821303e-01	2.706370e-02	4.436280e+02	3.912952e-02	
60.000000	60.000000	262.450117	999.887942	6.328399e-01	2.747216e-02	4.434095e+02	4.241146e-02	
0.000000	0.000000	285.897679	31.693314	6.455846e-01	2.754709e-02	4.427466e+02	4.608020e-02	
