0.000000	4.000000	132.324278	6.501689	5.631987e-01	2.657158e-02	4.516190e+02	3.783767e-02	
0.000000	8.000000	124.790287	14.251589	6.012212e-01	3.056661e-02	4.505656e+02	4.115601e-02	
0.000000	12.000000	116.329595	5.420643	6.625678e-01	3.939208e-02	4.505391e+02	4.636790e-02	
0.000000	16.000000	99.181477	18.317384	6.101526e-01	3.249486e-02	4.506115e+02	4.161609e-02	
0.000000	20.000000	726.947295	68.277371	6.075808e-01	2.997915e-02	4.512156e+02	4.016456e-02	
0.000000	24.000000	111.237784	2.776579	5.540357e-01	2.566263e-02	4.515578e+02	3.755830e-02	
0.000000	28.000000	109.408700	50.892602	6.114315e-01	3.228290e-02	4.515992e+02	4.206190e-02	
0.000000	32.000000	97.181215	23.035959	6.022788e-01	2.707487e-02	4.516447e+02	4.028502e-02	
0.000000	36.000000	115.990831	83.272438	5.962754e-01	3.232928e-02	4.517068e+02	4.096479e-02	
0.000000	40.000000	99.916575	157.232294	5.659866e-01	2.977124e-02	4.520542e+02	3.657809e-02	
0.000000	44.000000	129.345182	645.522566	5.934416e-01	2.992061e-02	4.523966e+02	3.982674e-02	
0.000000	48.000000	120.077221	18.315215	6.159413e-01	3.183397e-02	4.515345e+02	4.148924e-02	
0.000000	52.000000	132.963767	5.509051	6.859347e-01	3.383339e-02	4.458137e+02	4.610796e-02	
0.000000	56.000000	105.310747	9.538775	5.639887e-01	2.766928e-02	4.374053e+02	3.829548e-02	
0.000000	60.000000	126.421523	8.234774	5.694618e-01	2.784882e-02	4.358647e+02	3.816918e-02	
4.000000	0.000000	107.377547	5.422701	6.344304e-01	3.762244e-02	4.371667e+02	4.412190e-02	
4.000000	4.000000	122.215949	4.313594	5.590020e-01	2.765657e-02	4.513168e+02	3.733408e-02	
4.000000	8.000000	74.999773	3.875291	6.648397e-01	2.590224e-02	4.505304e+02	4.418325e-02	
4.000000	12.000000	135.564848	6.177252	6.137661e-01	2.587826e-02	4.503162e+02	4.278575e-02	
4.000000	16.000000	95.761536	5.134751	6.623782e-01	3.043992e-02	4.503522e+02	4.555146e-02	
4.000000	20.000000	116.520116	3.954663	6.231777e-01	2.611805e-02	4.506726e+02	4.405437e-02	
4.000000	24.000000	116.477415	65.183872	6.513127e-01	3.792198e-02	4.510641e+02	4.735982e-02	
4.000000	28.000000	109.436130	3.268176	6.744295e-01	3.553293e-02	4.509432e+02	4.896511e-02	
4.000000	32.000000	96.451222	2.771028	5.831991e-01	3.187707e-02	4.511967e+02	3.870432e-02	
4.000000	36.000000	132.029501	88.463090	6.425696e-01	3.261366e-02	4.510177e+02	4.293596e-02	
4.000000	40.000000	111.713855	2.370997	5.772823e-01	2.809580e-02	4.517920e+02	3.811791e-02	
4.000000	44.000000	143.779188	21.108219	5.898388e-01	3.159422e-02	4.520331e+02	3.952241e-02	
4.000000	48.000000	134.666684	12.764014	6.223136e-01	3.245810e-02	4.513216e+02	4.147747e-02	
4.000000	52.000000	659.409728	5.586249	6.587154e-01	3.700478e-02	4.462483e+02	4.400486e-02	
4.000000	56.000000	108.326149	8.487201	6.245970e-01	3.299841e-02	4.380740e+02	4.740743e-02	
4.000000	60.000000	119.815466	5.877100	5.934164e-01	2.808150e-02	4.358497e+02	4.216582e-02	
8.000000	0.000000	114.768782	7.418603	5.947215e-01	2.945228e-02	4.364814e+02	4.058968e-02	
8.000000	4.000000	103.172261	15.159348	6.385374e-01	3.183522e-02	4.511654e+02	4.224083e-02	
8.000000	8.000000	121.264444	6.495214	5.759006e-01	2.968601e-02	4.503377e+02	3.867036e-02	
8.000000	12.000000	102.960315	5.052257	6.281773e-01	3.124312e-02	4.499849e+02	4.120762e-02	
8.000000	16.000000	100.046009	29.368472	6.327799e-01	2.948822e-02	4.498194e+02	4.353167e-02	
8.000000	20.000000	99.779404	27.843238	6.399517e-01	3.140729e-02	4.505253e+02	4.289105e-02	
8.000000	24.000000	111.713926	3.198603	5.261798e-01	3.551592e-02	4.510071e+02	3.878287e-02	
8.000000	28.000000	126.581027	94.084768	6.748344e-01	3.460778e-02	4.511341e+02	4.482133e-02	
8.000000	32.000000	131.236763	47.166607	5.397237e-01	2.862053e-02	4.511750e+02	3.500632e-02	
8.000000	36.000000	115.002582	3.378242	6.246111e-01	3.015657e-02	4.512345e+02	4.152933e-02	
8.000000	40.000000	103.233377	199.163179	6.118518e-01	3.413154e-02	4.516786e+02	4.201735e-02	
8.000000	44.000000	127.002149	2.895036	6.104605e-01	3.160368e-02	4.514858e+02	4.193832e-02	
8.000000	48.000000	116.655160	5.720038	5.465999e-01	2.912534e-02	4.512386e+02	3.612416e-02	
8.000000	52.000000	127.092191	171.147841	6.612995e-01	3.341131e-02	4.469222e+02	4.724623e-02	
8.000000	56.000000	132.662780	10.336286	6.309550e-01	3.541182e-02	4.383620e+02	4.372969e-02	
8.000000	60.000000	99.303768	7.626063	6.247382e-01	2.964648e-02	4.351963e+02	4.183722e-02	
12.000000	0.000000	106.948981	7.995496	6.042132e-01	2.906361e-02	4.368566e+02	4.049808e-02	
12.000000	4.000000	127.666517	101.021251	6.676522e-01	3.340291e-02	4.510966e+02	4.427191e-02	
12.000000	8.000000	101.128378	7.082428	6.170710e-01	2.769781e-02	4.503878e+02	4.139234e-02	
12.000000	12.000000	121.398615	12.912370	7.204864e-01	4.966194e-02	4.495000e+02	5.191115e-02	
12.000000	16.000000	118.223962	3.922931	5.677686e-01	2.981766e-02	4.500146e+02	3.667206e-02	
12.000000	20.000000	125.063993	7.302760	5.998845e-01	2.890002e-02	4.504512e+02	4.047339e-02	
12.000000	24.000000	115.462777	5.324441	6.296609e-01	2.654624e-02	4.507115e+02	4.911007e-02	
12.000000	28.000000	107.125101	3.323184	6.248123e-01	3.383385e-02	4.509131e+02	4.235092e-02	
12.000000	32.000000	115.766547	2.947619	5.571582e-01	2.977431e-02	4.508874e+02	3.602796e-02	
12.000000	36.000000	99.624137	19.282270	5.957073e-01	3.456651e-02	4.511633e+02	4.051455e-02	
12.000000	40.000000	118.223971	1.829814	6.299641e-01	3.434995e-02	4.515475e+02	4.342433e-02	
12.000000	44.000000	126.222080	4.256538	6.722485e-01	2.525124e-02	4.515109e+02	4.457279e-02	
12.000000	48.000000	152.991248	7.865120	6.462004e-01	3.247999e-02	4.510736e+02	4.257263e-02	
12.000000	52.000000	131.306901	4.437199	6.719394e-01	3.376982e-02	4.471117e+02	4.450925e-02	
12.000000	56.000000	145.076892	963.543430	6.439379e-01	2.957339e-02	4.397900e+02	4.437404e-02	
12.000000	60.000000	874.215139	589.413607	6.594369e-01	3.945614e-02	4.356123e+02	4.635179e-02	
16.000000	0.000000	118.223951	5.348699	5.972767e-01	2.882730e-02	4.371223e+02	4.022564e-02	
16.000000	4.000000	122.632777	6.038472	6.746662e-01	3.313630e-02	4.508309e+02	4.502654e-02	
16.000000	8.000000	142.151295	620.679750	6.336472e-01	3.403862e-02	4.494763e+02	4.276024e-02	
16.000000	12.000000	670.759732	1076.383699	6.154347e-01	2.900334e-02	4.497081e+02	4.104476e-02	
16.000000	16.000000	98.504371	6.697835	6.238816e-01	3.149725e-02	4.500322e+02	4.224404e-02	
16.000000	20.000000	122.215964	3.526125	6.820862e-01	3.088288e-02	4.504514e+02	4.549679e-02	
16.000000	24.000000	117.428011	4.340063	7.046068e-01	5.887381e-02	4.509715e+02	6.536925e-02	
16.000000	28.000000	95.912991	179.720427	6.126134e-01	3.337915e-02	4.505387e+02	4.171066e-02	
16.000000	32.000000	98.703147	4.323799	6.251923e-01	3.074563e-02	4.508166e+02	4.125363e-02	
16.000000	36.000000	126.538516	4.298434	6.092104e-01	3.125433e-02	4.509548e+02	4.015247e-02	
16.000000	40.000000	106.259787	3.757837	6.212782e-01	3.280001e-02	4.512524e+02	4.120583e-02	
16.000000	44.000000	127.941186	3.795477	5.367157e-01	2.338423e-02	4.514917e+02	3.684319e-02	
16.000000	48.000000	103.585377	6.549471	6.308397e-01	2.932063e-02	4.508231e+02	4.368477e-02	
16.000000	52.000000	1428.606534	5.159797	5.758692e-01	2.854057e-02	4.473458e+02	3.843371e-02	
16.000000	56.000000	117.871771	8.254442	6.499713e-01	3.563567e-02	4.403292e+02	4.360730e-02	
16.000000	60.000000	126.222093	8.868215	6.089644e-01	3.133647e-02	4.354859e+02	4.173292e-02	
20.000000	0.000000	114.192093	6.450554	5.742022e-01	3.253642e-02	4.370687e+02	3.868363e-02	
20.000000	4.000000	110.885478	8.333653	6.002198e-01	2.704673e-02	4.507792e+02	4.808064e-02	
20.000000	8.000000	125.991421	21.409126	6.353369e-01	3.157348e-02	4.499676e+02	4.174295e-02	
20.000000	12.000000	107.479999	6.732830	6.186079e-01	2.890542e-02	4.495453e+02	4.108220e-02	
20.000000	16.000000	149.900857	742.394840	6.259668e-01	3.683731e-02	4.498057e+02	4.296075e-02	
20.000000	20.000000	122.189857	6.004089	6.846151e-01	3.194828e-02	4.503971e+02	4.783511e-02	
20.000000	24.000000	-98.910687	3.369433	5.863622e-01	2.593981e-02	4.507823e+02	4.328378e-02	
20.000000	28.000000	122.483260	5.391957	6.177670e-01	3.354383e-02	4.506214e+02	4.223837e-02	
20.000000	32.000000	123.864425	4.451172	6.979667e-01	4.532488e-02	4.505352e+02	4.955221e-02	
20.000000	36.000000	-908.392140	2.503939	5.069635e-01	2.715149e-02	4.512182e+02	3.338932e-02	
20.000000	40.000000	118.223978	3.648045	6.029866e-01	3.067073e-02	4.514531e+02	4.128571e-02	
20.000000	44.000000	134.976304	5.369111	6.051391e-01	2.855403e-02	4.517365e+02	4.034545e-02	
20.000000	48.000000	134.629328	4.516687	5.738889e-01	3.376233e-02	4.511045e+02	3.906775e-02	
20.000000	52.000000	165.240495	117.975862	6.062678e-01	3.103746e-02	4.485000e+02	4.161807e-02	
20.000000	56.000000	122.436492	11.224227	5.898823e-01	2.943659e-02	4.419283e+02	3.870241e-02	
20.000000	60.000000	152.674343	7.876033	6.455336e-01	3.233113e-02	4.357593e+02	4.292888e-02	
24.000000	0.000000	148.244135	532.070560	5.872463e-01	2.893250e-02	4.368582e+02	3.851913e-02	
24.000000	4.000000	152.542563	5.945873	5.956714e-01	2.692357e-02	4.507855e+02	4.719136e-02	
24.000000	8.000000	138.473443	21.522078	6.402585e-01	3.180150e-02	4.499261e+02	4.223462e-02	
24.000000	12.000000	107.251668	6.620746	6.514861e-01	3.680564e-02	4.496689e+02	4.331650e-02	
24.000000	16.000000	109.425193	18.093031	6.049452e-01	2.904977e-02	4.495465e+02	4.035062e-02	
24.000000	20.000000	79.057695	80.830229	6.448323e-01	3.045589e-02	4.503676e+02	4.269679e-02	
24.000000	24.000000	113.705075	37.554991	7.164595e-01	4.884199e-02	4.504588e+02	5.146480e-02	
24.000000	28.000000	112.610197	3.302869	5.537743e-01	3.074330e-02	4.510235e+02	3.628418e-02	
24.000000	32.000000	108.895513	3.028526	5.887047e-01	2.970334e-02	4.510933e+02	3.845406e-02	
24.000000	36.000000	100.985483	3.746688	6.132819e-01	3.429394e-02	4.512396e+02	4.109502e-02	
24.000000	40.000000	91.132872	70.514464	5.935637e-01	2.941670e-02	4.515047e+02	4.068330e-02	
24.000000	44.000000	124.711718	2.955908	6.025278e-01	2.831572e-02	4.517498e+02	4.018222e-02	
24.000000	48.000000	143.894474	8.857143	5.476251e-01	2.622886e-02	4.513807e+02	3.735533e-02	
24.000000	52.000000	135.136284	5.137880	6.675002e-01	3.415597e-02	4.487029e+02	4.460341e-02	
24.000000	56.000000	404.069004	6.262370	6.512440e-01	3.742747e-02	4.425096e+02	4.521655e-02	
24.000000	60.000000	128.622200	7.809521	6.368960e-01	3.278248e-02	4.356740e+02	4.246451e-02	
28.000000	0.000000	117.563927	9.698508	6.643813e-01	3.417003e-02	4.369495e+02	4.719171e-02	
28.000000	4.000000	128.064835	14.632640	6.999663e-01	3.644407e-02	4.509530e+02	4.714560e-02	
28.000000	8.000000	113.302137	9.919978	5.642947e-01	2.846428e-02	4.498941e+02	3.850569e-02	
28.000000	12.000000	131.817391	5.970078	6.566976e-01	3.184745e-02	4.496100e+02	4.442564e-02	
28.000000	16.000000	134.281774	18.542886	6.163598e-01	3.415806e-02	4.496833e+02	4.250217e-02	
28.000000	20.000000	113.658641	5.769925	6.193628e-01	3.398403e-02	4.501596e+02	4.161786e-02	
28.000000	24.000000	126.003613	92.541231	6.290760e-01	3.493553e-02	4.506235e+02	4.350849e-02	
28.000000	28.000000	117.768330	4.727702	6.536711e-01	3.427764e-02	4.511895e+02	4.354128e-02	
28.000000	32.000000	118.176440	171.130473	6.162191e-01	3.523391e-02	4.512769e+02	4.288148e-02	
28.000000	36.000000	104.677762	4.766141	6.072063e-01	3.148229e-02	4.515734e+02	4.128772e-02	
28.000000	40.000000	126.222090	3.256825	5.973751e-01	3.141298e-02	4.513706e+02	4.009358e-02	
28.000000	44.000000	113.091179	4.149095	4.940754e-01	2.757217e-02	4.521788e+02	3.221335e-02	
28.000000	48.000000	133.464521	6.608382	6.139470e-01	3.051623e-02	4.516455e+02	4.097601e-02	
28.000000	52.000000	191.896100	6.337827	5.929214e-01	3.431361e-02	4.492148e+02	4.086697e-02	
28.000000	56.000000	1323.369657	7.556346	6.402295e-01	3.111931e-02	4.435080e+02	4.356732e-02	
28.000000	60.000000	134.666667	9.415039	6.324863e-01	2.961200e-02	4.363205e+02	4.244895e-02	
32.000000	0.000000	125.687305	5.398585	6.437916e-01	3.148444e-02	4.370783e+02	4.330763e-02	
32.000000	4.000000	1275.280317	983.793422	6.128847e-01	3.108904e-02	4.503920e+02	4.095301e-02	
32.000000	8.000000	145.045249	113.282162	6.564926e-01	2.932778e-02	4.496557e+02	4.390716e-02	
32.000000	12.000000	114.818604	6.925447	6.020032e-01	2.700820e-02	4.496380e+02	4.054823e-02	
32.000000	16.000000	131.817409	6.707533	6.588582e-01	2.602300e-02	4.495809e+02	4.481937e-02	
32.000000	20.000000	135.153470	9.127737	6.033159e-01	3.174651e-02	4.500886e+02	3.989237e-02	
32.000000	24.000000	110.621673	4.070676	6.475451e-01	2.873518e-02	4.502969e+02	4.407188e-02	
32.000000	28.000000	1271.848933	51.526450	5.998692e-01	3.397806e-02	4.508037e+02	4.014505e-02	
32.000000	32.000000	99.402008	97.796960	6.198935e-01	2.880991e-02	4.507169e+02	4.159521e-02	
32.000000	36.000000	310.956795	82.905827	5.661284e-01	3.432663e-02	4.510604e+02	3.963908e-02	
32.000000	40.000000	108.241691	5.200530	7.128311e-01	3.644044e-02	4.516978e+02	4.846872e-02	
32.000000	44.000000	133.557960	4.356653	6.145732e-01	3.072696e-02	4.519462e+02	4.154744e-02	
32.000000	48.000000	152.200531	124.896977	6.306522e-01	3.821896e-02	4.517867e+02	4.325235e-02	
32.000000	52.000000	140.944874	7.141153	6.799288e-01	3.283141e-02	4.496650e+02	4.627835e-02	
32.000000	56.000000	193.307071	1063.702305	6.688545e-01	3.636155e-02	4.444103e+02	4.519231e-02	
32.000000	60.000000	128.572058	7.768187	5.964163e-01	2.760987e-02	4.373870e+02	4.013184e-02	
36.000000	0.000000	141.445203	8.311516	5.992758e-01	3.007664e-02	4.371283e+02	3.929465e-02	
36.000000	4.000000	111.087082	8.836855	5.555341e-01	3.603593e-02	4.501073e+02	5.549085e-02	
36.000000	8.000000	134.666665	15.589264	6.373109e-01	2.830112e-02	4.492679e+02	4.409984e-02	
36.000000	12.000000	120.954465	11.401141	6.577427e-01	3.556432e-02	4.490617e+02	4.534768e-02	
36.000000	16.000000	84.770540	243.691840	6.960062e-01	4.522446e-02	4.494494e+02	4.962432e-02	
36.000000	20.000000	129.185797	4.926257	6.207204e-01	2.586625e-02	4.496882e+02	4.431887e-02	
36.000000	24.000000	133.472787	5.432138	6.464628e-01	2.857403e-02	4.504339e+02	4.441527e-02	
36.000000	28.000000	123.704828	5.456265	5.986115e-01	2.617388e-02	4.506770e+02	4.057815e-02	
36.000000	32.000000	124.794589	142.308952	6.499539e-01	3.163538e-02	4.508975e+02	4.339833e-02	
36.000000	36.000000	109.523352	4.595328	5.717533e-01	3.473627e-02	4.510832e+02	3.987966e-02	
36.000000	40.000000	145.460049	140.585463	5.984214e-01	3.572402e-02	4.510950e+02	4.227103e-02	
36.000000	44.000000	1302.293382	61.440291	6.154306e-01	2.968776e-02	4.518719e+02	4.380937e-02	
36.000000	48.000000	1157.391451	98.077562	6.322683e-01	3.914903e-02	4.512983e+02	4.355822e-02	
36.000000	52.000000	97.705026	732.710401	6.011982e-01	3.047918e-02	4.500342e+02	4.012801e-02	
36.000000	56.000000	-926.058050	7.736221	6.412175e-01	3.726874e-02	4.455219e+02	4.284362e-02	
36.000000	60.000000	119.669026	14.096178	6.230106e-01	3.010735e-02	4.381717e+02	4.982760e-02	
40.000000	0.000000	133.009329	7.962451	6.003966e-01	3.022263e-02	4.364859e+02	4.109048e-02	
40.000000	4.000000	168.482447	17.025246	6.553508e-01	3.201918e-02	4.498773e+02	4.367925e-02	
40.000000	8.000000	433.815206	11.409477	6.912621e-01	3.434811e-02	4.491179e+02	4.581695e-02	
40.000000	12.000000	1293.658247	40.060846	6.059107e-01	2.594055e-02	4.487338e+02	4.394155e-02	
40.000000	16.000000	121.154807	8.221124	6.615446e-01	3.418506e-02	4.487620e+02	4.408503e-02	
40.000000	20.000000	88.889359	999.629138	5.942064e-01	3.108980e-02	4.490747e+02	4.369136e-02	
40.000000	24.000000	115.939786	5.516070	6.289068e-01	3.108146e-02	4.498164e+02	4.143082e-02	
40.000000	28.000000	149.962715	4.388037	6.533235e-01	3.805029e-02	4.502776e+02	4.422083e-02	
40.000000	32.000000	145.409472	46.100579	6.687107e-01	2.856606e-02	4.505636e+02	4.811252e-02	
40.000000	36.000000	150.749197	4.337091	6.645951e-01	3.040284e-02	4.507647e+02	4.707593e-02	
40.000000	40.000000	132.632923	152.677966	6.159959e-01	3.229769e-02	4.514870e+02	4.121964e-02	
40.000000	44.000000	117.759575	28.224216	5.580547e-01	2.605514e-02	4.513921e+02	3.814767e-02	
40.000000	48.000000	142.722503	23.798506	6.144518e-01	2.824702e-02	4.514073e+02	4.152271e-02	
40.000000	52.000000	170.984682	8.380170	6.335200e-01	3.411195e-02	4.498654e+02	4.249169e-02	
40.000000	56.000000	143.107848	6.440359	5.928062e-01	2.999894e-02	4.459429e+02	3.858486e-02	
40.000000	60.000000	155.029290	9.330605	5.614682e-01	2.616626e-02	4.394109e+02	3.839851e-02	
44.000000	0.000000	134.950713	10.073642	6.312734e-01	3.229371e-02	4.364052e+02	4.242793e-02	
44.000000	4.000000	757.775666	119.879391	6.126178e-01	2.831085e-02	4.492615e+02	4.099060e-02	
44.000000	8.000000	169.897521	173.160572	6.767863e-01	2.491761e-02	4.484478e+02	4.585751e-02	
44.000000	12.000000	151.994152	267.555857	6.693948e-01	3.503008e-02	4.476173e+02	4.506415e-02	
44.000000	16.000000	124.875980	23.489125	7.071955e-01	2.892041e-02	4.483584e+02	4.708906e-02	
44.000000	20.000000	149.172486	9.976195	6.417966e-01	2.978049e-02	4.487755e+02	4.357761e-02	
44.000000	24.000000	-133.785817	147.025002	6.294294e-01	3.143015e-02	4.494961e+02	4.192591e-02	
44.000000	28.000000	106.799287	94.959618	6.065117e-01	3.117934e-02	4.499064e+02	4.544554e-02	
44.000000	32.000000	108.762812	6.095673	5.914084e-01	2.896072e-02	4.501048e+02	3.998268e-02	
44.000000	36.000000	115.192212	5.994975	6.008562e-01	3.380215e-02	4.502099e+02	4.038704e-02	
44.000000	40.000000	160.091930	84.625453	7.097007e-01	5.262948e-02	4.507399e+02	5.328313e-02	
44.000000	44.000000	164.322786	4.664235	5.820480e-01	2.817177e-02	4.514881e+02	3.950765e-02	
44.000000	48.000000	171.508356	1.689642	6.221969e-01	3.154795e-02	4.515220e+02	4.213124e-02	
44.000000	52.000000	145.219530	11.802558	6.228051e-01	2.857585e-02	4.502751e+02	4.199124e-02	
44.000000	56.000000	-522.171582	8.734153	7.095148e-01	3.888299e-02	4.466500e+02	5.225110e-02	
44.000000	60.000000	189.031984	9.091912	6.063013e-01	2.563590e-02	4.407229e+02	4.341187e-02	
48.000000	0.000000	139.961945	12.060504	5.876367e-01	2.941966e-02	4.356315e+02	3.934711e-02	
48.000000	4.000000	160.459280	21.211181	6.720790e-01	3.910538e-02	4.481804e+02	4.621538e-02	
48.000000	8.000000	-1214.370208	27.970785	6.420186e-01	3.740757e-02	4.475668e+02	4.340740e-02	
48.000000	12.000000	180.143498	16.107404	6.447674e-01	3.107128e-02	4.474883e+02	4.409230e-02	
48.000000	16.000000	87.998447	10.083480	6.412880e-01	3.590048e-02	4.475096e+02	4.435131e-02	
48.000000	20.000000	1007.293232	183.512636	6.508051e-01	3.176843e-02	4.482997e+02	4.351521e-02	
48.000000	24.000000	964.081502	6.829931	6.020016e-01	3.088509e-02	4.490279e+02	3.961166e-02	
48.000000	28.000000	147.549570	8.805441	6.403461e-01	3.279409e-02	4.490028e+02	4.336803e-02	
48.000000	32.000000	134.666646	6.525790	6.342966e-01	2.848565e-02	4.497210e+02	4.328213e-02	
48.000000	36.000000	139.199121	6.871949	6.263989e-01	3.177819e-02	4.500084e+02	4.203473e-02	
48.000000	40.000000	1129.790551	229.783276	6.241064e-01	2.608096e-02	4.506759e+02	4.439870e-02	
48.000000	44.000000	153.061456	68.381299	6.674183e-01	3.417183e-02	4.509193e+02	4.868297e-02	
48.000000	48.000000	141.792180	7.006980	6.264080e-01	2.819043e-02	4.515898e+02	4.254227e-02	
48.000000	52.000000	149.020509	6.186498	6.833125e-01	2.817927e-02	4.505502e+02	4.516238e-02	
48.000000	56.000000	193.316890	8.246013	6.411415e-01	3.161138e-02	4.477111e+02	4.279907e-02	
48.000000	60.000000	150.228855	13.214994	6.097357e-01	3.076275e-02	4.420601e+02	3.996438e-02	
52.000000	0.000000	185.803088	440.289580	6.569833e-01	3.252820e-02	4.349431e+02	4.358834e-02	
52.000000	4.000000	144.714305	36.067929	6.225351e-01	3.015950e-02	4.476729e+02	4.164603e-02	
52.000000	8.000000	192.407205	26.483283	6.622530e-01	3.282104e-02	4.468406e+02	4.390955e-02	
52.000000	12.000000	193.088082	55.239355	6.911328e-01	3.804883e-02	4.466720e+02	4.646468e-02	
52.000000	16.000000	77.738909	45.741036	6.384489e-01	2.684032e-02	4.466955e+02	5.022310e-02	
52.000000	20.000000	164.206752	24.320506	6.967073e-01	3.735755e-02	4.475679e+02	4.762337e-02	
52.000000	24.000000	160.415317	11.053114	6.601039e-01	2.943186e-02	4.484547e+02	4.620983e-02	
52.000000	28.000000	169.718127	685.502029	6.510685e-01	3.229883e-02	4.489805e+02	4.295581e-02	
52.000000	32.000000	108.467513	142.729009	6.532183e-01	3.152952e-02	4.492117e+02	4.345953e-02	
52.000000	36.000000	106.545155	65.562190	6.833977e-01	3.239319e-02	4.496781e+02	4.594987e-02	
52.000000	40.000000	166.383012	139.365336	6.164788e-01	2.641953e-02	4.503450e+02	4.231997e-02	
52.000000	44.000000	164.801909	90.683635	5.858449e-01	4.201324e-02	4.510784e+02	4.743179e-02	
52.000000	48.000000	158.661841	8.217102	6.585350e-01	3.676473e-02	4.513839e+02	4.579052e-02	
52.000000	52.000000	1483.398690	1061.202259	6.148592e-01	2.848033e-02	4.508204e+02	4.532505e-02	
52.000000	56.000000	1510.955406	17.646519	7.429714e-01	5.697370e-02	4.487387e+02	5.837589e-02	
52.000000	60.000000	222.284861	742.654986	6.350644e-01	3.054230e-02	4.434776e+02	4.310260e-02	
56.000000	0.000000	152.914837	9.656137	6.045144e-01	2.978052e-02	4.359138e+02	4.053243e-02	
56.000000	4.000000	-1411.931601	32.898124	6.459171e-01	3.038667e-02	4.467442e+02	4.338800e-02	
56.000000	8.000000	213.541154	33.899276	6.191312e-01	3.182594e-02	4.459551e+02	4.339688e-02	
56.000000	12.000000	108.192143	40.421607	6.479189e-01	3.345540e-02	4.455707e+02	4.374493e-02	
56.000000	16.000000	140.745189	980.057521	6.649930e-01	3.390320e-02	4.459689e+02	4.453327e-02	
56.000000	20.000000	109.663460	46.059811	6.625678e-01	3.939213e-02	4.464609e+02	4.636814e-02	
56.000000	24.000000	185.472845	518.390603	6.615446e-01	3.418506e-02	4.477620e+02	4.408503e-02	
56.000000	28.000000	1100.636337	71.826230	6.331505e-01	3.365829e-02	4.479755e+02	4.348291e-02	
56.000000	32.000000	92.219725	512.108522	6.936346e-01	2.978421e-02	4.484197e+02	4.573630e-02	
56.000000	36.000000	1549.026194	103.049910	7.090107e-01	3.531099e-02	4.485037e+02	4.740073e-02	
56.000000	40.000000	1456.006811	343.217791	7.219188e-01	5.105567e-02	4.496468e+02	5.335770e-02	
56.000000	44.000000	-727.549738	8.369486	6.537683e-01	3.256405e-02	4.505926e+02	4.411543e-02	
56.000000	48.000000	1400.282748	278.351607	6.481556e-01	3.164715e-02	4.506988e+02	4.310733e-02	
56.000000	52.000000	186.436275	5.333061	6.144273e-01	3.681751e-02	4.509214e+02	5.484766e-02	
56.000000	56.000000	148.393568	23.322534	6.447135e-01	3.050524e-02	4.488409e+02	4.412505e-02	
56.000000	60.000000	234.051565	10.837326	6.356552e-01	4.182050e-02	4.451195e+02	4.809565e-02	
60.000000	0.000000	208.629097	13.913316	6.145191e-01	2.993335e-02	4.381211e+02	4.427545e-02	
60.000000	4.000000	184.973364	785.924210	6.494164e-01	3.008653e-02	4.487560e+02	4.405044e-02	
60.000000	8.000000	887.345807	765.943716	6.031689e-01	2.964064e-02	4.478935e+02	4.255637e-02	
60.000000	12.000000	372.050250	789.179980	6.157684e-01	2.782310e-02	4.472280e+02	4.217780e-02	
60.000000	16.000000	-2038.684023	812.336397	7.143741e-01	4.064704e-02	4.480732e+02	5.039195e-02	
60.000000	20.000000	328.470157	767.582093	8.123186e-01	3.606350e-02	4.486556e+02	5.435982e-02	
60.000000	24.000000	173.294034	814.841670	6.811407e-01	3.227232e-02	4.503176e+02	4.678814e-02	
60.000000	28.000000	-1589.457231	726.695320	6.109275e-01	3.249440e-02	4.509755e+02	4.338481e-02	
60.000000	32.000000	959.346927	786.494941	7.101479e-01	3.138252e-02	4.502450e+02	5.011272e-02	
60.000000	36.000000	241.977219	280.964701	6.900069e-01	3.591490e-02	4.500281e+02	4.636952e-02	
60.000000	40.000000	120.470457	125.890339	5.577913e-01	3.270278e-02	4.499672e+02	3.825214e-02	
60.000000	44.000000	201.480950	829.765593	6.606287e-01	3.031866e-02	4.502510e+02	4.550365e-02	
60.000000	48.000000	1565.319893	911.699384	6.242950e-01	3.332924e-02	4.504164e+02	4.259478e-02	
60.000000	52.000000	227.968172	89.931426	5.760068e-01	2.952512e-02	4.501523e+02	3.764113e-02	
60.000000	56.000000	260.427249	97.249471	5.939062e-01	3.451325e-02	4.492764e+02	4.041104e-02	
60.000000	60.000000	305.371333	35.134897	6.434043e-01	3.094490e-02	4.463607e+02	4.335767e-02	
0.000000	0.000000	150.946489	1021.667492	5.731322e-01	3.156092e-02	4.411709e+02	3.780441e-02	
