0.000000	4.000000	158.385858	8.936165	6.125561e-01	2.896377e-02	4.475662e+02	4.134533e-02	
0.000000	8.000000	157.977223	11.173745	5.990298e-01	3.152853e-02	4.473448e+02	4.112042e-02	
0.000000	12.000000	154.620848	9.987502	5.988810e-01	2.726493e-02	4.473696e+02	4.033722e-02	
0.000000	16.000000	153.305584	9.299495	5.709633e-01	2.722351e-02	4.471714e+02	4.405949e-02	
0.000000	20.000000	153.305750	7.681017	6.238010e-01	2.997927e-02	4.474623e+02	4.223476e-02	
0.000000	24.000000	150.905096	134.541670	6.045976e-01	2.833669e-02	4.478358e+02	4.395086e-02	
0.000000	28.000000	148.417989	57.146724	5.962341e-01	3.170606e-02	4.481911e+02	3.947554e-02	
0.000000	32.000000	148.412355	71.975059	6.188730e-01	2.760715e-02	4.483866e+02	4.204997e-02	
0.000000	36.000000	150.905096	301.049641	5.814366e-01	2.906936e-02	4.483397e+02	3.891220e-02	
0.000000	40.000000	153.304897	4.009682	6.466518e-01	3.739928e-02	4.484885e+02	4.390383e-02	
0.000000	44.000000	154.546300	5.051048	6.147366e-01	2.918690e-02	4.487047e+02	4.105777e-02	
0.000000	48.000000	160.810196	69.147293	6.231631e-01	2.772302e-02	4.486081e+02	4.245136e-02	
0.000000	52.000000	172.041419	7.537648	6.082276e-01	2.922332e-02	4.481866e+02	4.022506e-02	
0.000000	56.000000	186.684541	1096.487725	5.858422e-01	3.004460e-02	4.466634e+02	3.998526e-02	
0.000000	60.000000	197.660497	14.719421	6.423181e-01	2.754795e-02	4.436053e+02	4.488019e-02	
4.000000	0.000000	190.795795	12.527980	5.963588e-01	3.157372e-02	4.380755e+02	3.944017e-02	
4.000000	4.000000	159.545154	21.823877	5.783307e-01	2.549935e-02	4.472381e+02	4.008398e-02	
4.000000	8.000000	159.548679	20.238131	5.675345e-01	3.358455e-02	4.470866e+02	3.868449e-02	
4.000000	12.000000	158.828146	10.046068	5.338890e-01	3.191551e-02	4.470219e+02	3.729795e-02	
4.000000	16.000000	154.648769	22.290556	5.379211e-01	3.034125e-02	4.471607e+02	3.493018e-02	
4.000000	20.000000	153.307427	10.376143	5.260760e-01	2.754193e-02	4.472302e+02	3.466160e-02	
4.000000	24.000000	153.302081	4.972572	6.337206e-01	3.687023e-02	4.476919e+02	4.438271e-02	
4.000000	28.000000	152.284946	153.174500	5.789355e-01	2.656489e-02	4.476643e+02	3.886730e-02	
4.000000	32.000000	151.645225	107.705115	6.045345e-01	2.986901e-02	4.479180e+02	4.072408e-02	
4.000000	36.000000	152.465553	4.252823	5.983484e-01	3.373964e-02	4.481339e+02	4.044053e-02	
4.000000	40.000000	153.279434	121.699586	6.304739e-01	3.197330e-02	4.485227e+02	4.277494e-02	
4.000000	44.000000	157.821817	4.133480	5.963780e-01	2.706536e-02	4.486396e+02	4.016263e-02	
4.000000	48.000000	163.976145	74.122972	5.639449e-01	2.611633e-02	4.484529e+02	3.869323e-02	
4.000000	52.000000	172.046507	5.717217	6.106230e-01	3.046957e-02	4.479551e+02	3.995392e-02	
4.000000	56.000000	188.254201	1093.504657	5.943649e-01	2.906753e-02	4.464883e+02	4.021265e-02	
4.000000	60.000000	203.301257	8.298134	6.114629e-01	2.814733e-02	4.438120e+02	4.337917e-02	
8.000000	0.000000	192.163303	9.985481	5.963831e-01	2.964246e-02	4.389019e+02	3.916457e-02	
8.000000	4.000000	160.881774	866.115250	6.050377e-01	3.271334e-02	4.471159e+02	4.036547e-02	
8.000000	8.000000	160.411194	8.379692	5.598327e-01	2.938406e-02	4.469002e+02	3.621408e-02	
8.000000	12.000000	159.556001	8.692514	5.717518e-01	2.811251e-02	4.468013e+02	3.766111e-02	
8.000000	16.000000	158.674201	8.652887	5.493187e-01	2.699114e-02	4.468520e+02	3.948472e-02	
8.000000	20.000000	154.631772	17.860955	4.892400e-01	3.832917e-02	4.469954e+02	3.570976e-02	
8.000000	24.000000	153.781745	6.821095	5.616376e-01	2.842378e-02	4.472242e+02	3.697924e-02	
8.000000	28.000000	153.309196	24.416019	6.206931e-01	3.354128e-02	4.475996e+02	4.282336e-02	
8.000000	32.000000	153.326131	7.818429	6.082722e-01	3.190303e-02	4.476080e+02	4.172667e-02	
8.000000	36.000000	153.279441	46.504744	5.046355e-01	3.464710e-02	4.479681e+02	3.770749e-02	
8.000000	40.000000	154.161419	4.933305	6.032113e-01	2.622157e-02	4.483285e+02	4.100351e-02	
8.000000	44.000000	159.060045	4.971217	6.048203e-01	3.370573e-02	4.486973e+02	4.151294e-02	
8.000000	48.000000	165.118187	5.104444	5.595454e-01	2.609927e-02	4.483107e+02	3.749948e-02	
8.000000	52.000000	172.045684	4.909154	6.142990e-01	3.211345e-02	4.481581e+02	4.059465e-02	
8.000000	56.000000	189.804445	223.007793	5.608235e-01	2.600846e-02	4.465754e+02	3.846590e-02	
8.000000	60.000000	204.739930	13.158442	5.923303e-01	3.585831e-02	4.442120e+02	4.065932e-02	
12.000000	0.000000	197.056006	8.163321	6.482978e-01	2.662876e-02	4.395936e+02	4.411236e-02	
12.000000	4.000000	164.634669	14.865729	5.948503e-01	2.618320e-02	4.466829e+02	4.033337e-02	
12.000000	8.000000	164.151560	599.058315	6.362499e-01	3.277778e-02	4.465373e+02	4.338111e-02	
12.000000	12.000000	161.199083	972.741255	5.850343e-01	2.828221e-02	4.464977e+02	3.957024e-02	
12.000000	16.000000	160.079298	7.233035	5.597420e-01	2.569907e-02	4.465519e+02	3.843255e-02	
12.000000	20.000000	158.720825	7.752471	5.493231e-01	2.841673e-02	4.468512e+02	3.571957e-02	
12.000000	24.000000	154.935385	5.370050	6.041890e-01	3.217954e-02	4.470158e+02	4.233060e-02	
12.000000	28.000000	153.306208	5.891426	6.392168e-01	2.779488e-02	4.474014e+02	4.425781e-02	
12.000000	32.000000	153.309819	5.142898	5.652970e-01	2.644014e-02	4.474294e+02	3.875066e-02	
12.000000	36.000000	154.638414	5.345311	5.681133e-01	2.885905e-02	4.477443e+02	3.759418e-02	
12.000000	40.000000	157.525945	4.879590	5.322620e-01	3.097530e-02	4.480210e+02	3.447188e-02	
12.000000	44.000000	159.535200	48.034686	5.543490e-01	2.824023e-02	4.482383e+02	3.649235e-02	
12.000000	48.000000	165.789998	46.730408	6.128941e-01	4.211281e-02	4.480931e+02	4.560643e-02	
12.000000	52.000000	172.529511	92.411774	5.918434e-01	3.029692e-02	4.480681e+02	3.862996e-02	
12.000000	56.000000	189.816982	6.974956	5.620307e-01	2.604945e-02	4.465660e+02	3.855397e-02	
12.000000	60.000000	208.036904	10.141483	5.853552e-01	2.778528e-02	4.444274e+02	3.948101e-02	
16.000000	0.000000	203.300836	10.272185	5.436620e-01	3.109432e-02	4.401806e+02	3.569798e-02	
16.000000	4.000000	166.424842	13.546991	6.248983e-01	3.449313e-02	4.466285e+02	4.325185e-02	
16.000000	8.000000	165.803781	21.139222	5.901784e-01	3.091552e-02	4.462705e+02	3.925505e-02	
16.000000	12.000000	165.836444	21.553147	5.517674e-01	2.686656e-02	4.463213e+02	3.760362e-02	
16.000000	16.000000	162.070263	1057.222258	5.949298e-01	3.112300e-02	4.466637e+02	4.070492e-02	
16.000000	20.000000	159.545144	8.712789	5.796606e-01	3.985286e-02	4.469209e+02	4.136126e-02	
16.000000	24.000000	158.509548	7.677788	6.250096e-01	3.163878e-02	4.470650e+02	4.120306e-02	
16.000000	28.000000	157.993089	5.858745	5.850013e-01	2.867250e-02	4.475356e+02	3.973345e-02	
16.000000	32.000000	157.550921	6.136241	5.983401e-01	3.010483e-02	4.475515e+02	4.093986e-02	
16.000000	36.000000	157.847538	6.532650	5.492283e-01	2.847816e-02	4.479050e+02	3.620756e-02	
16.000000	40.000000	159.555905	5.725801	5.411878e-01	3.023326e-02	4.482086e+02	3.563262e-02	
16.000000	44.000000	160.364833	5.474139	5.264575e-01	2.362480e-02	4.486349e+02	3.638372e-02	
16.000000	48.000000	165.804184	5.231906	5.462936e-01	2.787143e-02	4.482550e+02	3.617213e-02	
16.000000	52.000000	176.174868	340.655698	5.852744e-01	3.013033e-02	4.478896e+02	3.821163e-02	
16.000000	56.000000	190.811223	7.842794	6.025137e-01	3.198515e-02	4.468610e+02	3.989380e-02	
16.000000	60.000000	209.553585	7.427628	6.475200e-01	3.509360e-02	4.447959e+02	4.338095e-02	
20.000000	0.000000	207.963746	11.080182	6.201008e-01	3.354246e-02	4.407260e+02	4.145863e-02	
20.000000	4.000000	170.340029	10.474796	5.850587e-01	2.611162e-02	4.463062e+02	3.947006e-02	
20.000000	8.000000	169.861136	24.795806	5.697921e-01	3.393462e-02	4.460528e+02	3.983612e-02	
20.000000	12.000000	167.042280	14.456789	5.609916e-01	2.967668e-02	4.462536e+02	3.793296e-02	
20.000000	16.000000	165.795438	29.046468	6.095682e-01	3.247816e-02	4.463678e+02	4.195588e-02	
20.000000	20.000000	163.405096	285.676261	5.977699e-01	2.956710e-02	4.469002e+02	4.176870e-02	
20.000000	24.000000	160.086101	6.409700	5.961864e-01	3.082887e-02	4.470942e+02	3.909758e-02	
20.000000	28.000000	159.545508	29.957611	5.816363e-01	2.881915e-02	4.476172e+02	3.979069e-02	
20.000000	32.000000	159.552006	12.743474	5.918105e-01	2.959285e-02	4.475544e+02	4.019963e-02	
20.000000	36.000000	159.565627	20.370445	6.201942e-01	2.831680e-02	4.477380e+02	4.190635e-02	
20.000000	40.000000	159.899882	5.115682	5.635490e-01	2.840593e-02	4.482198e+02	3.709130e-02	
20.000000	44.000000	164.009179	62.729221	6.202614e-01	3.011167e-02	4.483314e+02	4.146650e-02	
20.000000	48.000000	168.119180	180.220471	6.739155e-01	3.162272e-02	4.482384e+02	4.508244e-02	
20.000000	52.000000	176.727158	81.768631	5.757625e-01	2.956363e-02	4.479496e+02	3.748274e-02	
20.000000	56.000000	190.805400	11.862479	6.037279e-01	3.046622e-02	4.470171e+02	3.966787e-02	
20.000000	60.000000	209.550504	10.581921	5.951319e-01	2.753527e-02	4.452063e+02	4.860633e-02	
24.000000	0.000000	213.005460	1122.295668	6.738802e-01	3.491074e-02	4.413779e+02	4.553731e-02	
24.000000	4.000000	172.593554	13.722906	5.914022e-01	3.314080e-02	4.462903e+02	3.980361e-02	
24.000000	8.000000	172.053617	21.394238	6.035388e-01	2.965677e-02	4.458970e+02	3.990269e-02	
24.000000	12.000000	171.187494	16.269960	5.580780e-01	3.129665e-02	4.459830e+02	3.853327e-02	
24.000000	16.000000	167.797097	26.624505	5.658313e-01	3.412108e-02	4.461959e+02	3.838934e-02	
24.000000	20.000000	165.805785	28.881859	6.070137e-01	3.278963e-02	4.463552e+02	4.148853e-02	
24.000000	24.000000	164.179020	795.024274	6.905754e-01	4.583974e-02	4.466873e+02	5.040762e-02	
24.000000	28.000000	160.870843	90.294502	5.185166e-01	3.279866e-02	4.470598e+02	4.000571e-02	
24.000000	32.000000	161.057633	336.021925	5.332238e-01	2.291249e-02	4.474855e+02	3.702835e-02	
24.000000	36.000000	160.146363	130.899526	5.878890e-01	2.868374e-02	4.478691e+02	4.260369e-02	
24.000000	40.000000	163.005460	237.170600	5.424541e-01	3.089462e-02	4.480459e+02	3.515267e-02	
24.000000	44.000000	165.809097	23.989554	5.920907e-01	3.128340e-02	4.483131e+02	4.049216e-02	
24.000000	48.000000	171.161914	6.737790	5.445620e-01	2.448914e-02	4.485032e+02	3.753149e-02	
24.000000	52.000000	178.300659	41.299833	5.779125e-01	2.638688e-02	4.483222e+02	3.879674e-02	
24.000000	56.000000	190.797999	7.399325	5.640178e-01	2.639412e-02	4.474200e+02	3.865665e-02	
24.000000	60.000000	209.909787	12.007260	5.956715e-01	2.692347e-02	4.457855e+02	4.719119e-02	
28.000000	0.000000	219.461940	7.374509	5.621042e-01	3.119014e-02	4.422137e+02	3.719058e-02	
28.000000	4.000000	177.410236	23.459001	6.141477e-01	3.137962e-02	4.459136e+02	4.043490e-02	
28.000000	8.000000	176.586055	645.555864	5.765076e-01	2.677093e-02	4.458142e+02	4.400838e-02	
28.000000	12.000000	173.680027	940.713713	6.044916e-01	2.956432e-02	4.461991e+02	3.983667e-02	
28.000000	16.000000	172.038875	27.208515	5.859919e-01	3.083851e-02	4.461414e+02	3.847490e-02	
28.000000	20.000000	169.882737	28.211373	5.984519e-01	2.697260e-02	4.463564e+02	4.034697e-02	
28.000000	24.000000	165.798972	9.268923	5.885490e-01	2.791364e-02	4.465771e+02	3.966947e-02	
28.000000	28.000000	165.802186	25.161689	4.845029e-01	3.007153e-02	4.471120e+02	3.043869e-02	
28.000000	32.000000	165.022057	193.856817	5.812090e-01	3.056140e-02	4.472521e+02	3.856668e-02	
28.000000	36.000000	164.659209	8.165816	5.591922e-01	2.652724e-02	4.475890e+02	3.831768e-02	
28.000000	40.000000	165.807862	27.792264	5.853035e-01	2.931855e-02	4.479144e+02	3.988947e-02	
28.000000	44.000000	167.134828	6.376114	5.709967e-01	2.760456e-02	4.484494e+02	3.878029e-02	
28.000000	48.000000	172.051799	5.600683	6.091467e-01	3.094369e-02	4.486403e+02	4.048583e-02	
28.000000	52.000000	179.567373	5.804403	5.963016e-01	3.598908e-02	4.481661e+02	4.120285e-02	
28.000000	56.000000	192.589455	17.278702	6.049688e-01	3.044668e-02	4.476318e+02	4.043516e-02	
28.000000	60.000000	213.722477	1018.748220	5.387524e-01	3.362019e-02	4.460288e+02	3.733857e-02	
32.000000	0.000000	226.580688	659.945464	6.942505e-01	3.625624e-02	4.428886e+02	4.646794e-02	
32.000000	4.000000	182.302567	28.059269	6.530577e-01	4.249374e-02	4.457983e+02	4.794521e-02	
32.000000	8.000000	179.594741	24.324515	6.249552e-01	2.883685e-02	4.454268e+02	4.238917e-02	
32.000000	12.000000	178.305788	32.597131	6.887355e-01	4.399328e-02	4.454347e+02	4.896198e-02	
32.000000	16.000000	176.571315	646.278555	5.968450e-01	2.883417e-02	4.458669e+02	3.985074e-02	
32.000000	20.000000	172.858465	11.561770	5.792903e-01	2.585635e-02	4.462836e+02	3.913258e-02	
32.000000	24.000000	170.860129	9.350712	6.084068e-01	3.147313e-02	4.465519e+02	4.178961e-02	
32.000000	28.000000	168.425492	39.962122	6.485732e-01	4.112829e-02	4.467733e+02	4.698520e-02	
32.000000	32.000000	166.651320	9.772739	5.380997e-01	3.040144e-02	4.470905e+02	3.452699e-02	
32.000000	36.000000	167.129456	10.309399	6.767699e-01	3.312899e-02	4.475417e+02	4.750448e-02	
32.000000	40.000000	167.638864	10.507493	5.749814e-01	2.558064e-02	4.477791e+02	4.029446e-02	
32.000000	44.000000	171.494136	7.983047	5.759514e-01	3.374206e-02	4.481874e+02	3.938589e-02	
32.000000	48.000000	175.815458	140.267218	6.243293e-01	2.792726e-02	4.482437e+02	4.289579e-02	
32.000000	52.000000	182.809036	7.273988	6.304344e-01	2.789195e-02	4.484029e+02	4.304721e-02	
32.000000	56.000000	196.122947	7.241879	5.986321e-01	3.311832e-02	4.477258e+02	4.122762e-02	
32.000000	60.000000	215.813387	9.886456	5.868102e-01	2.761842e-02	4.461676e+02	3.979863e-02	
36.000000	0.000000	233.674611	14.755709	6.281662e-01	3.305668e-02	4.434429e+02	4.234298e-02	
36.000000	4.000000	186.257737	952.247056	6.134624e-01	3.037479e-02	4.454936e+02	4.141853e-02	
36.000000	8.000000	185.882432	19.525572	5.760456e-01	2.779898e-02	4.451407e+02	3.905503e-02	
36.000000	12.000000	183.698550	24.988792	5.094331e-01	3.133332e-02	4.451203e+02	3.233449e-02	
36.000000	16.000000	180.715540	30.803071	6.147002e-01	2.786924e-02	4.453942e+02	4.159577e-02	
36.000000	20.000000	178.297030	38.506195	5.870866e-01	2.705453e-02	4.456365e+02	3.945668e-02	
36.000000	24.000000	173.888859	965.993288	5.570564e-01	3.168693e-02	4.462497e+02	3.754832e-02	
36.000000	28.000000	172.055398	25.607046	5.846298e-01	2.867026e-02	4.465751e+02	4.003448e-02	
36.000000	32.000000	172.087222	33.982978	5.552764e-01	2.678244e-02	4.468421e+02	4.025038e-02	
36.000000	36.000000	171.184689	24.526368	5.976574e-01	2.863191e-02	4.472627e+02	3.972154e-02	
36.000000	40.000000	171.170983	25.655242	6.234499e-01	2.809125e-02	4.477495e+02	4.260625e-02	
36.000000	44.000000	172.529678	228.977496	5.197087e-01	3.268687e-02	4.480582e+02	3.373634e-02	
36.000000	48.000000	178.304140	32.664873	5.549846e-01	3.124937e-02	4.480978e+02	3.626271e-02	
36.000000	52.000000	184.554139	26.903331	6.089951e-01	2.732362e-02	4.483763e+02	4.109060e-02	
36.000000	56.000000	197.062030	18.809047	5.544812e-01	2.610468e-02	4.478249e+02	3.867318e-02	
36.000000	60.000000	215.801196	16.034780	6.739682e-01	4.125654e-02	4.465297e+02	4.741329e-02	
40.000000	0.000000	239.949160	10.759006	6.513848e-01	3.237317e-02	4.440065e+02	4.294339e-02	
40.000000	4.000000	192.944219	35.366359	6.840637e-01	3.561358e-02	4.450714e+02	4.596660e-02	
40.000000	8.000000	192.048658	29.478517	6.367642e-01	2.876450e-02	4.447080e+02	4.331057e-02	
40.000000	12.000000	189.794741	25.390413	6.085836e-01	2.570466e-02	4.447064e+02	4.293512e-02	
40.000000	16.000000	186.111052	908.420639	6.054866e-01	3.382022e-02	4.450988e+02	4.124066e-02	
40.000000	20.000000	182.692670	24.868563	6.123510e-01	3.185652e-02	4.455376e+02	4.199879e-02	
40.000000	24.000000	179.678685	28.435129	5.914157e-01	2.788889e-02	4.457857e+02	3.939608e-02	
40.000000	28.000000	177.325839	28.509764	6.050224e-01	3.236649e-02	4.460661e+02	4.059159e-02	
40.000000	32.000000	177.094683	179.479355	5.976752e-01	2.993578e-02	4.465094e+02	4.098008e-02	
40.000000	36.000000	176.282724	184.331265	5.574073e-01	2.480709e-02	4.467913e+02	3.699856e-02	
40.000000	40.000000	176.783824	639.421891	5.611287e-01	2.582002e-02	4.472497e+02	3.767882e-02	
40.000000	44.000000	178.295139	29.731577	6.065226e-01	2.759440e-02	4.477936e+02	4.145462e-02	
40.000000	48.000000	182.486274	30.410654	5.736530e-01	3.191194e-02	4.480955e+02	3.804182e-02	
40.000000	52.000000	189.071817	842.873890	5.726723e-01	3.177924e-02	4.479639e+02	4.133917e-02	
40.000000	56.000000	198.743468	981.598931	5.902472e-01	2.763361e-02	4.478110e+02	3.967162e-02	
40.000000	60.000000	217.210624	10.939904	5.622748e-01	2.942230e-02	4.469157e+02	3.979870e-02	
44.000000	0.000000	243.898428	14.736730	6.161958e-01	3.598610e-02	4.447309e+02	4.265593e-02	
44.000000	4.000000	201.710615	559.018785	6.559578e-01	3.799975e-02	4.443970e+02	4.431987e-02	
44.000000	8.000000	200.386109	1003.592094	5.923259e-01	3.115335e-02	4.443272e+02	3.967664e-02	
44.000000	12.000000	198.305604	166.263660	5.712763e-01	2.576666e-02	4.442648e+02	3.853376e-02	
44.000000	16.000000	195.449742	24.178788	6.138823e-01	3.213302e-02	4.444622e+02	4.221008e-02	
44.000000	20.000000	191.460287	36.614013	6.439232e-01	2.972510e-02	4.447844e+02	5.065393e-02	
44.000000	24.000000	185.857531	797.281468	6.083140e-01	3.357485e-02	4.453264e+02	4.170155e-02	
44.000000	28.000000	183.383307	36.039897	5.858915e-01	2.571314e-02	4.457747e+02	4.243299e-02	
44.000000	32.000000	182.917472	26.595042	5.240296e-01	2.672664e-02	4.462018e+02	3.461674e-02	
44.000000	36.000000	181.726123	36.152351	6.106059e-01	3.161297e-02	4.464953e+02	4.194891e-02	
44.000000	40.000000	180.988314	41.079195	5.896987e-01	3.144626e-02	4.470606e+02	3.908755e-02	
44.000000	44.000000	182.793810	8.588570	6.461156e-01	2.990214e-02	4.475375e+02	4.425217e-02	
44.000000	48.000000	185.792875	566.197266	5.901503e-01	3.020495e-02	4.479531e+02	3.987156e-02	
44.000000	52.000000	191.298943	8.463253	6.862276e-01	5.825747e-02	4.480259e+02	6.641818e-02	
44.000000	56.000000	203.300451	20.406490	6.224778e-01	2.717973e-02	4.477390e+02	5.069665e-02	
44.000000	60.000000	220.870998	11.648932	5.961398e-01	3.860870e-02	4.468258e+02	4.261721e-02	
48.000000	0.000000	247.049413	19.348083	5.669814e-01	2.952626e-02	4.450394e+02	3.658839e-02	
48.000000	4.000000	213.946381	61.233346	6.292511e-01	2.937586e-02	4.436887e+02	4.220335e-02	
48.000000	8.000000	210.808367	772.657009	6.363557e-01	3.517107e-02	4.435143e+02	4.393399e-02	
48.000000	12.000000	208.665460	32.538179	6.283399e-01	3.051604e-02	4.436544e+02	4.210054e-02	
48.000000	16.000000	204.620848	42.243789	5.628819e-01	2.829663e-02	4.438023e+02	3.694955e-02	
48.000000	20.000000	200.534460	990.468693	5.953345e-01	3.036660e-02	4.442242e+02	3.932958e-02	
48.000000	24.000000	195.307734	23.118070	6.075811e-01	2.997952e-02	4.447844e+02	4.016495e-02	
48.000000	28.000000	192.050259	38.258771	5.862879e-01	3.000061e-02	4.451061e+02	3.826451e-02	
48.000000	32.000000	191.608720	34.112750	6.211672e-01	2.786280e-02	4.456043e+02	4.220943e-02	
48.000000	36.000000	189.093929	188.085254	6.113867e-01	3.063110e-02	4.460301e+02	4.032751e-02	
48.000000	40.000000	188.756241	275.513645	5.811394e-01	2.821820e-02	4.465704e+02	3.979477e-02	
48.000000	44.000000	189.168847	13.010305	5.420376e-01	3.184370e-02	4.469656e+02	3.889433e-02	
48.000000	48.000000	191.924957	21.553658	5.532323e-01	2.522625e-02	4.475757e+02	3.801171e-02	
48.000000	52.000000	197.055427	24.629710	6.445607e-01	3.051398e-02	4.477402e+02	4.318938e-02	
48.000000	56.000000	208.533950	8.055905	6.448419e-01	2.780085e-02	4.475963e+02	4.503128e-02	
48.000000	60.000000	223.414140	662.964425	6.281922e-01	3.126414e-02	4.470065e+02	4.125687e-02	
52.000000	0.000000	251.729948	556.187816	5.778015e-01	3.165906e-02	4.451845e+02	3.819015e-02	
52.000000	4.000000	232.030163	79.662345	5.983484e-01	3.373813e-02	4.428661e+02	4.043860e-02	
52.000000	8.000000	229.901533	71.065425	6.920180e-01	3.416664e-02	4.427099e+02	4.572998e-02	
52.000000	12.000000	226.556611	797.445670	7.339618e-01	4.663678e-02	4.425188e+02	5.152606e-02	
52.000000	16.000000	221.228732	55.192004	6.265173e-01	3.161038e-02	4.430367e+02	4.129711e-02	
52.000000	20.000000	215.898994	50.112485	6.099047e-01	3.012748e-02	4.433353e+02	4.072736e-02	
52.000000	24.000000	209.787620	39.188605	6.615446e-01	3.418518e-02	4.442380e+02	4.408507e-02	
52.000000	28.000000	204.879245	54.109590	5.648158e-01	2.630764e-02	4.445448e+02	3.837743e-02	
52.000000	32.000000	201.696478	27.077174	6.185774e-01	3.085991e-02	4.450389e+02	4.105261e-02	
52.000000	36.000000	199.110246	951.072826	5.641818e-01	2.626043e-02	4.454297e+02	3.859731e-02	
52.000000	40.000000	198.237316	466.479971	5.980425e-01	2.632248e-02	4.463263e+02	4.054609e-02	
52.000000	44.000000	197.926225	26.822250	5.854523e-01	2.906690e-02	4.469060e+02	3.945082e-02	
52.000000	48.000000	201.045000	237.446799	5.792314e-01	3.030258e-02	4.473041e+02	3.871566e-02	
52.000000	52.000000	204.674215	23.183247	5.935637e-01	2.941670e-02	4.475047e+02	4.068330e-02	
52.000000	56.000000	214.592371	13.771462	6.106059e-01	3.161297e-02	4.474953e+02	4.194891e-02	
52.000000	60.000000	229.633530	20.739127	5.728503e-01	3.420532e-02	4.470237e+02	4.411006e-02	
56.000000	0.000000	256.880820	24.003824	5.940473e-01	3.138870e-02	4.458844e+02	4.820769e-02	
56.000000	4.000000	274.927341	838.032199	6.073441e-01	3.643286e-02	4.420828e+02	4.367254e-02	
56.000000	8.000000	271.175838	376.680654	6.569176e-01	3.484785e-02	4.420981e+02	4.428735e-02	
56.000000	12.000000	266.248671	124.293225	5.308979e-01	3.925079e-02	4.420088e+02	4.328497e-02	
56.000000	16.000000	259.200773	235.662271	6.179271e-01	2.607631e-02	4.423250e+02	4.321288e-02	
56.000000	20.000000	249.729820	846.793354	6.533712e-01	3.174407e-02	4.428335e+02	4.358040e-02	
56.000000	24.000000	239.672949	752.467168	6.626956e-01	3.266413e-02	4.435917e+02	4.504267e-02	
56.000000	28.000000	232.414289	126.685047	6.404895e-01	3.609219e-02	4.442098e+02	4.298701e-02	
56.000000	32.000000	226.275567	814.842053	6.554284e-01	4.026807e-02	4.445220e+02	4.479557e-02	
56.000000	36.000000	220.912078	99.597932	6.010760e-01	3.066791e-02	4.450533e+02	3.931034e-02	
56.000000	40.000000	217.032518	54.044119	5.700504e-01	2.700746e-02	4.456283e+02	3.826854e-02	
56.000000	44.000000	214.536427	356.638130	5.537650e-01	3.052983e-02	4.460585e+02	3.584284e-02	
56.000000	48.000000	214.829229	185.535831	6.100378e-01	2.624279e-02	4.466701e+02	4.189634e-02	
56.000000	52.000000	217.107531	29.382606	5.326998e-01	2.919910e-02	4.470645e+02	3.440072e-02	
56.000000	56.000000	226.242263	14.145789	5.985925e-01	2.805867e-02	4.472379e+02	3.981855e-02	
56.000000	60.000000	239.726031	31.334895	6.017199e-01	3.017736e-02	4.469529e+02	3.973450e-02	
60.000000	0.000000	265.808642	21.324933	5.596570e-01	3.573837e-02	4.459543e+02	4.729060e-02	
60.000000	4.000000	547.195666	668.646540	6.447521e-01	2.846810e-02	4.437432e+02	4.561882e-02	
60.000000	8.000000	529.380582	689.280397	6.468544e-01	3.512540e-02	4.433912e+02	4.350500e-02	
60.000000	12.000000	511.817228	692.061931	6.591576e-01	3.342408e-02	4.435742e+02	4.468532e-02	
60.000000	16.000000	482.495010	246.846099	6.103035e-01	3.047676e-02	4.439324e+02	4.033404e-02	
60.000000	20.000000	443.012862	317.922965	6.352953e-01	2.855087e-02	4.442783e+02	4.350733e-02	
60.000000	24.000000	403.146934	195.412187	6.484549e-01	2.927890e-02	4.452332e+02	4.964619e-02	
60.000000	28.000000	368.011661	691.111131	5.910136e-01	3.514211e-02	4.459896e+02	4.557949e-02	
60.000000	32.000000	341.302990	237.809024	6.272262e-01	3.241596e-02	4.461744e+02	4.154626e-02	
60.000000	36.000000	313.698188	727.740063	5.386399e-01	2.698372e-02	4.463079e+02	3.630536e-02	
60.000000	40.000000	288.490878	753.724362	6.094980e-01	3.102040e-02	4.461162e+02	4.005803e-02	
60.000000	44.000000	268.552259	346.201672	5.861425e-01	2.754211e-02	4.461689e+02	3.959164e-02	
60.000000	48.000000	256.767897	139.072893	6.064190e-01	3.324834e-02	4.463066e+02	4.182745e-02	
60.000000	52.000000	252.388459	272.337125	5.652063e-01	2.616191e-02	4.465283e+02	3.878567e-02	
60.000000	56.000000	254.740822	78.905845	5.646945e-01	3.028945e-02	4.467520e+02	3.830230e-02	
60.000000	60.000000	265.039649	207.140208	6.382725e-01	2.742110e-02	4.466111e+02	4.441406e-02	
0.000000	0.000000	285.702063	694.352794	5.630505e-01	2.954220e-02	4.460478e+02	3.737737e-02	
