0.000000	4.000000	160.195695	8.317133	6.265475e-01	3.379478e-02	2.123794e+02	4.170839e-02	
0.000000	8.000000	159.542770	16.284684	6.358549e-01	3.219202e-02	2.121743e+02	4.207678e-02	
0.000000	12.000000	158.549364	6.551611	6.507962e-01	3.459207e-02	2.122429e+02	4.343382e-02	
0.000000	16.000000	154.027362	5.901876	7.041124e-01	3.511242e-02	2.122688e+02	4.791345e-02	
0.000000	20.000000	153.305800	5.627578	6.248933e-01	2.786275e-02	2.125978e+02	4.198965e-02	
0.000000	24.000000	152.284945	3.826498	6.506576e-01	3.758821e-02	2.125581e+02	4.532781e-02	
0.000000	28.000000	151.639113	4.326206	5.849565e-01	2.565968e-02	2.127323e+02	4.017047e-02	
0.000000	32.000000	151.581509	35.978504	6.300742e-01	3.110293e-02	2.128046e+02	4.172054e-02	
0.000000	36.000000	153.279462	3.416875	6.260577e-01	3.097620e-02	2.131850e+02	4.149274e-02	
0.000000	40.000000	153.279436	199.542809	6.933799e-01	2.754509e-02	2.133567e+02	4.782380e-02	
0.000000	44.000000	158.686411	2.804520	6.417890e-01	3.861449e-02	2.137175e+02	4.543352e-02	
0.000000	48.000000	165.802093	128.488249	5.698614e-01	2.966243e-02	2.128582e+02	3.722245e-02	
0.000000	52.000000	178.298482	187.726387	5.750850e-01	3.121982e-02	2.121418e+02	3.782249e-02	
0.000000	56.000000	197.055704	19.703970	6.671221e-01	3.310162e-02	2.098199e+02	5.408533e-02	
0.000000	60.000000	197.051048	8.356491	6.603299e-01	3.910678e-02	2.054352e+02	4.410945e-02	
4.000000	0.000000	184.576955	10.709801	6.171563e-01	2.754144e-02	1.997523e+02	5.048043e-02	
4.000000	4.000000	162.729843	32.613775	6.026324e-01	3.256960e-02	2.122375e+02	4.017514e-02	
4.000000	8.000000	160.847175	6.146629	5.786109e-01	2.898989e-02	2.119110e+02	3.847413e-02	
4.000000	12.000000	159.552256	18.915985	6.798770e-01	3.460944e-02	2.117922e+02	4.537475e-02	
4.000000	16.000000	157.851231	86.006615	5.746475e-01	3.298627e-02	2.121512e+02	3.845932e-02	
4.000000	20.000000	153.293261	6.023427	6.474172e-01	3.270484e-02	2.120743e+02	4.285388e-02	
4.000000	24.000000	153.302898	5.667429	5.838982e-01	2.802215e-02	2.122132e+02	3.867983e-02	
4.000000	28.000000	153.302952	3.531453	6.382404e-01	2.649684e-02	2.123388e+02	4.668773e-02	
4.000000	32.000000	153.279443	3.959299	5.881991e-01	2.627471e-02	2.127104e+02	4.002154e-02	
4.000000	36.000000	153.305441	4.401820	6.655821e-01	3.309119e-02	2.129561e+02	4.416655e-02	
4.000000	40.000000	153.295996	3.579049	6.639255e-01	3.170207e-02	2.134933e+02	4.614046e-02	
4.000000	44.000000	159.535172	95.551098	6.319424e-01	3.044864e-02	2.136592e+02	4.248929e-02	
4.000000	48.000000	165.789943	88.790955	6.366353e-01	3.184375e-02	2.132224e+02	4.223518e-02	
4.000000	52.000000	178.301716	4.562042	5.514875e-01	3.172929e-02	2.121386e+02	3.621805e-02	
4.000000	56.000000	197.715055	7.299522	5.041515e-01	3.212247e-02	2.101387e+02	3.236465e-02	
4.000000	60.000000	199.738314	8.989251	6.330972e-01	2.995351e-02	2.062313e+02	4.238208e-02	
8.000000	0.000000	189.243098	9.386750	7.056266e-01	3.116640e-02	2.004860e+02	5.036434e-02	
8.000000	4.000000	165.805252	14.779777	6.749327e-01	4.359615e-02	2.122498e+02	4.748828e-02	
8.000000	8.000000	164.543427	10.131621	6.802198e-01	3.193572e-02	2.116961e+02	4.705152e-02	
8.000000	12.000000	160.195557	9.961552	6.267441e-01	3.203719e-02	2.119319e+02	4.132915e-02	
8.000000	16.000000	159.545725	8.919214	6.907308e-01	3.806660e-02	2.119587e+02	5.233029e-02	
8.000000	20.000000	157.106068	99.453505	6.139648e-01	3.720285e-02	2.123366e+02	4.219717e-02	
8.000000	24.000000	153.305922	5.781141	6.842452e-01	3.377001e-02	2.121314e+02	4.613891e-02	
8.000000	28.000000	153.305891	5.031719	6.680463e-01	3.532616e-02	2.123867e+02	4.505617e-02	
8.000000	32.000000	153.308343	4.618130	5.308228e-01	2.470663e-02	2.126333e+02	3.630221e-02	
8.000000	36.000000	153.279426	4.938702	5.795979e-01	3.209502e-02	2.129745e+02	3.957062e-02	
8.000000	40.000000	157.287335	961.871169	6.015475e-01	3.432886e-02	2.132624e+02	4.069210e-02	
8.000000	44.000000	159.551993	3.967467	6.570326e-01	2.642503e-02	2.135632e+02	4.420599e-02	
8.000000	48.000000	165.805625	3.428418	6.493329e-01	3.314467e-02	2.130551e+02	4.329711e-02	
8.000000	52.000000	178.837942	3.578132	5.781866e-01	3.228917e-02	2.122104e+02	3.844872e-02	
8.000000	56.000000	198.286253	7.829397	5.684540e-01	3.016927e-02	2.102385e+02	3.763252e-02	
8.000000	60.000000	203.295180	13.245464	6.565284e-01	3.760734e-02	2.063138e+02	4.436151e-02	
12.000000	0.000000	190.805912	13.220788	6.895078e-01	3.280550e-02	2.006674e+02	4.765565e-02	
12.000000	4.000000	166.134539	8.779043	6.063091e-01	3.255317e-02	2.120126e+02	4.189108e-02	
12.000000	8.000000	165.793757	26.837764	6.623525e-01	4.189829e-02	2.116697e+02	4.665290e-02	
12.000000	12.000000	164.162616	8.578916	6.699154e-01	2.552057e-02	2.115659e+02	4.569675e-02	
12.000000	16.000000	160.078128	6.772530	5.940768e-01	3.173032e-02	2.118864e+02	4.871311e-02	
12.000000	20.000000	159.550016	6.254171	6.422234e-01	3.376882e-02	2.120972e+02	4.303696e-02	
12.000000	24.000000	158.348681	112.273971	6.019617e-01	3.035972e-02	2.125355e+02	4.082737e-02	
12.000000	28.000000	155.281904	91.400302	5.940220e-01	2.960134e-02	2.124670e+02	4.080328e-02	
12.000000	32.000000	154.551932	60.208298	5.676124e-01	2.834678e-02	2.126799e+02	3.803900e-02	
12.000000	36.000000	156.216578	74.425583	5.862605e-01	2.761019e-02	2.131716e+02	3.958004e-02	
12.000000	40.000000	159.539549	4.180496	7.081896e-01	4.097019e-02	2.133300e+02	4.804248e-02	
12.000000	44.000000	160.930127	5.226023	6.304589e-01	3.379105e-02	2.134714e+02	4.261009e-02	
12.000000	48.000000	168.227909	86.231926	6.755073e-01	3.499976e-02	2.133775e+02	4.577775e-02	
12.000000	52.000000	179.708906	163.724379	6.324129e-01	3.111675e-02	2.125097e+02	4.215616e-02	
12.000000	56.000000	199.583566	9.919929	6.489901e-01	3.668656e-02	2.105071e+02	4.317532e-02	
12.000000	60.000000	209.555309	11.196726	6.727191e-01	3.359804e-02	2.071806e+02	4.482675e-02	
16.000000	0.000000	197.059292	12.829351	6.378402e-01	3.035502e-02	2.016577e+02	4.292033e-02	
16.000000	4.000000	170.351231	858.403167	7.012865e-01	3.316780e-02	2.117635e+02	5.113967e-02	
16.000000	8.000000	167.042658	112.489433	7.004238e-01	4.623722e-02	2.115372e+02	4.860748e-02	
16.000000	12.000000	165.806005	24.552985	7.017410e-01	4.251810e-02	2.114603e+02	4.803770e-02	
16.000000	16.000000	164.187934	7.047169	6.881472e-01	4.542166e-02	2.116825e+02	5.016269e-02	
16.000000	20.000000	159.553479	6.997241	6.706428e-01	3.316772e-02	2.118768e+02	4.465644e-02	
16.000000	24.000000	159.552580	6.583470	6.080143e-01	3.076730e-02	2.121622e+02	4.010821e-02	
16.000000	28.000000	158.927557	5.663233	6.379861e-01	3.289784e-02	2.124195e+02	4.295864e-02	
16.000000	32.000000	158.490880	5.357921	6.291759e-01	2.854929e-02	2.127234e+02	4.273039e-02	
16.000000	36.000000	158.491974	230.514373	6.789906e-01	3.295086e-02	2.127915e+02	4.585189e-02	
16.000000	40.000000	159.542820	5.443611	6.899839e-01	3.030069e-02	2.134835e+02	5.089609e-02	
16.000000	44.000000	164.071313	4.913143	6.600814e-01	2.622918e-02	2.135584e+02	4.437866e-02	
16.000000	48.000000	170.833363	149.990498	6.592112e-01	3.028725e-02	2.132362e+02	4.600427e-02	
16.000000	52.000000	182.787966	73.498642	6.248983e-01	3.449324e-02	2.126285e+02	4.325212e-02	
16.000000	56.000000	201.775711	15.841088	6.111096e-01	3.276140e-02	2.106329e+02	4.217622e-02	
16.000000	60.000000	214.065276	12.515580	6.768223e-01	2.491820e-02	2.075176e+02	4.509071e-02	
20.000000	0.000000	201.720904	11.932788	6.330055e-01	3.143412e-02	2.023886e+02	4.196949e-02	
20.000000	4.000000	172.054146	24.957212	7.122685e-01	4.018659e-02	2.116790e+02	4.818577e-02	
20.000000	8.000000	171.189365	25.870279	6.543627e-01	3.827029e-02	2.114271e+02	4.570411e-02	
20.000000	12.000000	168.650161	1041.532412	6.543604e-01	3.335297e-02	2.112151e+02	4.349876e-02	
20.000000	16.000000	165.813833	30.048456	6.653388e-01	3.507206e-02	2.114635e+02	4.528510e-02	
20.000000	20.000000	164.009179	8.653154	6.624095e-01	2.597526e-02	2.116311e+02	4.854696e-02	
20.000000	24.000000	159.964022	6.254134	6.499581e-01	3.777962e-02	2.121431e+02	4.523015e-02	
20.000000	28.000000	159.553344	8.351799	6.327201e-01	3.146863e-02	2.119453e+02	4.268658e-02	
20.000000	32.000000	159.587528	184.320361	5.795153e-01	2.785968e-02	2.125469e+02	3.969870e-02	
20.000000	36.000000	159.535219	5.091560	6.073627e-01	3.349910e-02	2.129062e+02	4.119133e-02	
20.000000	40.000000	160.910575	5.170853	6.923112e-01	3.611774e-02	2.132726e+02	4.603561e-02	
20.000000	44.000000	165.803725	5.123552	6.822046e-01	3.430900e-02	2.133020e+02	4.599288e-02	
20.000000	48.000000	172.044334	189.641423	7.549164e-01	5.710014e-02	2.135110e+02	5.589818e-02	
20.000000	52.000000	183.686410	6.060849	6.236182e-01	3.196599e-02	2.125315e+02	4.235790e-02	
20.000000	56.000000	202.446330	7.669190	6.085364e-01	3.082098e-02	2.106230e+02	4.078983e-02	
20.000000	60.000000	216.949806	103.214215	5.708608e-01	2.992733e-02	2.079472e+02	3.886495e-02	
24.000000	0.000000	205.297097	1080.776242	6.998867e-01	3.623492e-02	2.029776e+02	4.683774e-02	
24.000000	4.000000	176.568524	27.701711	6.548086e-01	3.010167e-02	2.112268e+02	4.564771e-02	
24.000000	8.000000	173.272777	25.407095	5.722424e-01	2.555682e-02	2.107639e+02	3.921935e-02	
24.000000	12.000000	172.045207	29.060378	6.165278e-01	3.096887e-02	2.109268e+02	4.047694e-02	
24.000000	16.000000	168.377633	1024.268568	7.239137e-01	3.793163e-02	2.110290e+02	4.850685e-02	
24.000000	20.000000	165.857371	54.063310	5.982821e-01	2.930565e-02	2.115163e+02	4.045249e-02	
24.000000	24.000000	164.146197	7.552160	6.473844e-01	2.733176e-02	2.116150e+02	4.615102e-02	
24.000000	28.000000	163.063119	0.002636	6.840443e-01	3.276585e-02	2.118198e+02	4.762790e-02	
24.000000	32.000000	161.310802	194.714663	6.533984e-01	3.243341e-02	2.121383e+02	4.340503e-02	
24.000000	36.000000	162.916435	206.069039	6.153315e-01	3.360337e-02	2.124997e+02	4.177360e-02	
24.000000	40.000000	164.155365	6.264858	6.114467e-01	2.999742e-02	2.129064e+02	4.144612e-02	
24.000000	44.000000	166.370314	6.194153	6.715685e-01	3.244955e-02	2.132523e+02	4.531475e-02	
24.000000	48.000000	172.813161	5.501602	6.088831e-01	3.124066e-02	2.132699e+02	4.045145e-02	
24.000000	52.000000	184.552549	30.496180	6.131011e-01	2.640570e-02	2.126609e+02	4.208928e-02	
24.000000	56.000000	203.299144	6.907999	5.818107e-01	2.588320e-02	2.107855e+02	4.234533e-02	
24.000000	60.000000	222.045735	9.506257	6.358618e-01	3.322701e-02	2.084335e+02	4.284987e-02	
28.000000	0.000000	211.668916	10.647065	6.370676e-01	2.939495e-02	2.036880e+02	4.308543e-02	
28.000000	4.000000	178.810495	18.732379	6.925974e-01	3.471558e-02	2.109263e+02	4.678196e-02	
28.000000	8.000000	178.310579	30.441787	6.476076e-01	3.048522e-02	2.105161e+02	4.335648e-02	
28.000000	12.000000	176.236274	28.214687	6.512170e-01	3.287559e-02	2.107985e+02	4.323679e-02	
28.000000	16.000000	172.045181	38.947997	6.572160e-01	3.236466e-02	2.110887e+02	4.528112e-02	
28.000000	20.000000	168.783422	1027.550388	6.576143e-01	2.739007e-02	2.113883e+02	4.807655e-02	
28.000000	24.000000	165.812659	8.482987	6.577976e-01	2.674153e-02	2.114680e+02	4.384377e-02	
28.000000	28.000000	165.803839	12.577682	6.893119e-01	3.342454e-02	2.116388e+02	4.595337e-02	
28.000000	32.000000	165.247455	6.895355	6.448808e-01	3.154951e-02	2.119125e+02	4.321418e-02	
28.000000	36.000000	165.802251	6.930731	6.579085e-01	3.540285e-02	2.123185e+02	4.416875e-02	
28.000000	40.000000	165.801895	176.620941	6.298085e-01	2.963650e-02	2.126860e+02	4.240365e-02	
28.000000	44.000000	170.102281	907.747808	6.131126e-01	3.331184e-02	2.132699e+02	4.100777e-02	
28.000000	48.000000	176.505341	36.923213	5.880416e-01	3.234018e-02	2.133303e+02	3.953624e-02	
28.000000	52.000000	185.365040	5.959965	6.234499e-01	2.809024e-02	2.127495e+02	4.260471e-02	
28.000000	56.000000	203.307960	15.589280	6.740585e-01	3.684614e-02	2.112988e+02	4.523291e-02	
28.000000	60.000000	226.509179	11.625362	6.746774e-01	3.286492e-02	2.088592e+02	4.845474e-02	
32.000000	0.000000	218.617281	1122.535250	6.052834e-01	3.096050e-02	2.044053e+02	4.069060e-02	
32.000000	4.000000	183.703270	24.419093	6.339987e-01	3.380993e-02	2.106306e+02	4.212102e-02	
32.000000	8.000000	182.597159	915.318718	6.224200e-01	3.398896e-02	2.102872e+02	4.176995e-02	
32.000000	12.000000	178.616724	18.142729	6.360692e-01	3.631719e-02	2.101413e+02	4.379359e-02	
32.000000	16.000000	176.717480	10.017609	6.155933e-01	2.590281e-02	2.106877e+02	4.334384e-02	
32.000000	20.000000	172.559265	34.141940	6.394109e-01	3.828062e-02	2.110836e+02	4.666996e-02	
32.000000	24.000000	170.493098	735.156396	6.584772e-01	3.562410e-02	2.112133e+02	4.378543e-02	
32.000000	28.000000	168.333566	224.769417	6.992783e-01	3.529722e-02	2.113911e+02	4.812440e-02	
32.000000	32.000000	167.032520	747.547311	7.318947e-01	5.281957e-02	2.118400e+02	6.110760e-02	
32.000000	36.000000	167.185465	254.328243	6.464607e-01	3.949108e-02	2.122643e+02	4.449383e-02	
32.000000	40.000000	169.183259	140.523369	6.588542e-01	3.154154e-02	2.126996e+02	4.382212e-02	
32.000000	44.000000	172.054327	104.550471	5.928253e-01	3.465979e-02	2.131687e+02	4.035552e-02	
32.000000	48.000000	178.301924	37.348154	6.351678e-01	2.832053e-02	2.132571e+02	4.431275e-02	
32.000000	52.000000	189.207355	7.772723	5.958968e-01	2.902780e-02	2.127430e+02	3.958557e-02	
32.000000	56.000000	203.769538	107.640916	6.643623e-01	3.467354e-02	2.116948e+02	4.447286e-02	
32.000000	60.000000	228.305254	12.826019	6.374953e-01	3.468226e-02	2.093060e+02	4.270360e-02	
36.000000	0.000000	226.793195	16.471748	6.264954e-01	2.961800e-02	2.051513e+02	4.453538e-02	
36.000000	4.000000	189.227223	23.033866	6.619430e-01	3.770146e-02	2.102654e+02	4.468870e-02	
36.000000	8.000000	186.075237	38.991832	6.540592e-01	3.422551e-02	2.100581e+02	4.419680e-02	
36.000000	12.000000	183.680872	37.123262	6.284076e-01	3.199716e-02	2.102223e+02	4.165764e-02	
36.000000	16.000000	179.690948	655.990339	6.931591e-01	4.270451e-02	2.102771e+02	4.754087e-02	
36.000000	20.000000	176.764831	14.594170	6.513756e-01	3.250827e-02	2.106833e+02	4.362321e-02	
36.000000	24.000000	173.384607	6.504192	7.001134e-01	3.765790e-02	2.108873e+02	4.733446e-02	
36.000000	28.000000	172.057945	66.858082	6.407860e-01	3.165470e-02	2.111421e+02	4.248532e-02	
36.000000	32.000000	170.887963	32.169798	6.867806e-01	3.716961e-02	2.114958e+02	4.745211e-02	
36.000000	36.000000	172.052831	10.871192	5.645978e-01	3.383076e-02	2.121738e+02	3.811273e-02	
36.000000	40.000000	172.054604	58.544290	6.390340e-01	4.210624e-02	2.123087e+02	4.480224e-02	
36.000000	44.000000	175.229843	48.714024	6.192667e-01	3.113112e-02	2.129323e+02	4.067122e-02	
36.000000	48.000000	179.524566	99.300549	6.417007e-01	3.263139e-02	2.129112e+02	4.239582e-02	
36.000000	52.000000	190.801965	7.494586	6.393080e-01	3.577376e-02	2.126555e+02	4.300750e-02	
36.000000	56.000000	207.821817	886.361839	6.639323e-01	3.031061e-02	2.116514e+02	4.584131e-02	
36.000000	60.000000	228.689678	175.180838	6.306290e-01	2.627913e-02	2.093404e+02	4.421471e-02	
40.000000	0.000000	235.079548	10.186526	6.828704e-01	2.918708e-02	2.054531e+02	5.051582e-02	
40.000000	4.000000	195.449741	739.077452	6.556686e-01	3.018862e-02	2.097901e+02	4.626667e-02	
40.000000	8.000000	192.261177	851.832013	6.634859e-01	2.953316e-02	2.093155e+02	4.688742e-02	
40.000000	12.000000	189.775734	27.162422	7.463370e-01	4.222168e-02	2.092835e+02	5.078802e-02	
40.000000	16.000000	185.753667	31.521948	6.091588e-01	2.775858e-02	2.096359e+02	4.109711e-02	
40.000000	20.000000	182.004206	979.119813	6.146014e-01	2.754204e-02	2.103786e+02	4.127693e-02	
40.000000	24.000000	179.033988	29.504403	6.385726e-01	3.636120e-02	2.105165e+02	4.254428e-02	
40.000000	28.000000	177.254448	20.039081	5.952398e-01	3.109639e-02	2.109577e+02	4.154505e-02	
40.000000	32.000000	176.783876	10.756899	6.988873e-01	3.726661e-02	2.111922e+02	4.684009e-02	
40.000000	36.000000	176.598215	7.183321	6.479673e-01	3.079112e-02	2.118277e+02	4.851508e-02	
40.000000	40.000000	177.304443	8.026830	6.367017e-01	3.741705e-02	2.123521e+02	4.316497e-02	
40.000000	44.000000	178.307422	8.729081	6.206091e-01	3.058297e-02	2.128448e+02	4.097573e-02	
40.000000	48.000000	184.552544	8.397591	6.155714e-01	3.041897e-02	2.129308e+02	4.104261e-02	
40.000000	52.000000	192.277968	910.020296	6.420784e-01	3.178325e-02	2.130590e+02	4.262342e-02	
40.000000	56.000000	209.557820	11.459099	6.347790e-01	4.618198e-02	2.121481e+02	5.047257e-02	
40.000000	60.000000	232.742798	919.303949	6.163172e-01	3.225612e-02	2.100183e+02	4.177913e-02	
44.000000	0.000000	247.055174	21.843199	6.773640e-01	3.276662e-02	2.067577e+02	4.569444e-02	
44.000000	4.000000	202.503764	28.174918	6.674257e-01	3.248194e-02	2.093179e+02	4.520820e-02	
44.000000	8.000000	200.880744	42.361884	6.677148e-01	3.246089e-02	2.088674e+02	4.500646e-02	
44.000000	12.000000	195.831227	37.721494	6.518117e-01	3.109899e-02	2.091508e+02	4.611075e-02	
44.000000	16.000000	192.051930	748.899018	6.735284e-01	3.537897e-02	2.091447e+02	4.509070e-02	
44.000000	20.000000	188.992798	39.819158	6.532041e-01	3.082457e-02	2.097793e+02	5.391236e-02	
44.000000	24.000000	184.947104	48.419261	6.270327e-01	2.920974e-02	2.103015e+02	4.214214e-02	
44.000000	28.000000	182.952815	554.082088	6.558058e-01	3.340773e-02	2.107272e+02	4.375315e-02	
44.000000	32.000000	181.829612	978.432909	7.078173e-01	3.746546e-02	2.109388e+02	4.799842e-02	
44.000000	36.000000	180.102857	241.683797	7.094615e-01	4.105133e-02	2.114306e+02	4.866061e-02	
44.000000	40.000000	180.833563	125.536481	6.411878e-01	3.642022e-02	2.122920e+02	4.322969e-02	
44.000000	44.000000	183.718879	397.013207	6.603196e-01	3.469231e-02	2.126277e+02	4.440848e-02	
44.000000	48.000000	188.750344	11.352877	6.521017e-01	3.698438e-02	2.129001e+02	4.561121e-02	
44.000000	52.000000	197.054247	43.943816	6.739332e-01	3.728155e-02	2.127857e+02	4.516291e-02	
44.000000	56.000000	211.388862	34.618179	6.370165e-01	3.613130e-02	2.122248e+02	4.309387e-02	
44.000000	60.000000	234.555505	22.370486	6.387739e-01	3.062311e-02	2.107421e+02	4.270289e-02	
48.000000	0.000000	258.658842	22.958534	6.728409e-01	3.619305e-02	2.073374e+02	4.530399e-02	
48.000000	4.000000	213.709831	59.707904	6.694383e-01	2.873607e-02	2.084738e+02	4.537583e-02	
48.000000	8.000000	210.592571	41.146095	6.279093e-01	2.864744e-02	2.082805e+02	4.249860e-02	
48.000000	12.000000	207.634121	865.187547	7.178781e-01	3.675356e-02	2.083400e+02	4.759308e-02	
48.000000	16.000000	202.579176	21.860611	6.254424e-01	3.343853e-02	2.086414e+02	4.194218e-02	
48.000000	20.000000	196.161080	40.069089	6.915376e-01	3.593827e-02	2.091644e+02	4.617570e-02	
48.000000	24.000000	192.343099	853.402135	7.458051e-01	3.182110e-02	2.097106e+02	4.939714e-02	
48.000000	28.000000	189.916531	41.184778	6.880635e-01	3.456149e-02	2.099489e+02	4.599227e-02	
48.000000	32.000000	189.056770	6.830202	6.576950e-01	3.397914e-02	2.105606e+02	4.457049e-02	
48.000000	36.000000	188.147053	51.046546	6.536843e-01	3.222993e-02	2.109126e+02	4.336198e-02	
48.000000	40.000000	187.933262	10.014286	6.498400e-01	3.059011e-02	2.116241e+02	4.319887e-02	
48.000000	44.000000	189.226108	9.558312	5.682838e-01	2.972847e-02	2.123399e+02	3.849162e-02	
48.000000	48.000000	193.333565	1007.151072	6.602450e-01	3.163092e-02	2.128126e+02	4.520868e-02	
48.000000	52.000000	203.310865	6.729442	6.036675e-01	3.060175e-02	2.127861e+02	3.988697e-02	
48.000000	56.000000	215.804646	23.813324	6.773740e-01	3.306458e-02	2.121594e+02	4.558354e-02	
48.000000	60.000000	239.056611	19.292697	6.764673e-01	3.382041e-02	2.109378e+02	4.615235e-02	
52.000000	0.000000	270.455892	561.216195	6.391334e-01	3.581796e-02	2.082589e+02	4.268739e-02	
52.000000	4.000000	229.921075	723.099172	7.087814e-01	3.571782e-02	2.078861e+02	5.095141e-02	
52.000000	8.000000	226.643743	90.701962	6.941689e-01	4.487566e-02	2.075152e+02	4.945533e-02	
52.000000	12.000000	222.936903	57.336914	5.984052e-01	2.963121e-02	2.078642e+02	4.573855e-02	
52.000000	16.000000	217.158301	158.705791	6.316599e-01	3.110734e-02	2.079219e+02	4.177816e-02	
52.000000	20.000000	210.069680	52.022662	6.535141e-01	3.106748e-02	2.087226e+02	4.403164e-02	
52.000000	24.000000	204.935360	851.627680	5.950362e-01	3.034251e-02	2.089702e+02	3.885417e-02	
52.000000	28.000000	202.275009	30.680575	6.798486e-01	2.474108e-02	2.094862e+02	4.540368e-02	
52.000000	32.000000	199.706755	59.214207	6.330492e-01	4.326320e-02	2.100365e+02	5.413718e-02	
52.000000	36.000000	198.297828	66.495823	6.043968e-01	3.096077e-02	2.105592e+02	4.105326e-02	
52.000000	40.000000	197.743896	46.228204	6.791570e-01	3.524039e-02	2.112271e+02	4.492734e-02	
52.000000	44.000000	197.912373	40.340347	6.140778e-01	3.099603e-02	2.120069e+02	4.035132e-02	
52.000000	48.000000	201.571698	8.100819	5.595287e-01	2.839129e-02	2.122062e+02	3.673347e-02	
52.000000	52.000000	208.723360	7.152524	5.937345e-01	2.687643e-02	2.126488e+02	3.997546e-02	
52.000000	56.000000	222.056145	28.961119	6.571334e-01	3.387045e-02	2.122288e+02	4.374450e-02	
52.000000	60.000000	242.454596	942.914333	6.715685e-01	3.244955e-02	2.112523e+02	4.531475e-02	
56.000000	0.000000	278.302097	15.943949	6.357904e-01	3.337524e-02	2.084440e+02	4.340762e-02	
56.000000	4.000000	270.325104	794.086323	6.953791e-01	3.657715e-02	2.071783e+02	4.651492e-02	
56.000000	8.000000	265.959462	262.281486	5.993753e-01	3.207160e-02	2.068097e+02	3.963614e-02	
56.000000	12.000000	259.639668	204.655590	6.207880e-01	3.049627e-02	2.069007e+02	4.100431e-02	
56.000000	16.000000	249.554075	107.478599	6.489036e-01	2.995053e-02	2.072251e+02	4.469597e-02	
56.000000	20.000000	239.780120	249.783868	6.397681e-01	3.328181e-02	2.080097e+02	4.380661e-02	
56.000000	24.000000	231.141093	848.288995	6.336165e-01	3.109430e-02	2.083641e+02	4.252157e-02	
56.000000	28.000000	226.213921	86.837707	7.252778e-01	3.829426e-02	2.089092e+02	5.409489e-02	
56.000000	32.000000	221.977819	85.123648	6.482759e-01	3.584190e-02	2.093795e+02	4.327878e-02	
56.000000	36.000000	217.140009	689.864505	6.941579e-01	3.708170e-02	2.099675e+02	4.958848e-02	
56.000000	40.000000	214.548770	42.665794	6.671297e-01	3.348739e-02	2.106984e+02	4.504949e-02	
56.000000	44.000000	213.444432	58.796394	7.178863e-01	2.766608e-02	2.114778e+02	4.997436e-02	
56.000000	48.000000	214.832614	38.692743	6.629458e-01	3.185643e-02	2.118464e+02	4.523723e-02	
56.000000	52.000000	220.786845	412.606846	6.719717e-01	3.462830e-02	2.122520e+02	4.488138e-02	
56.000000	56.000000	233.033824	704.651748	6.995274e-01	4.030226e-02	2.120407e+02	5.115609e-02	
56.000000	60.000000	252.237543	22.765023	6.643084e-01	2.929041e-02	2.112827e+02	4.909460e-02	
60.000000	0.000000	286.485406	31.728957	6.643795e-01	2.792438e-02	2.095932e+02	4.867941e-02	
60.000000	4.000000	1019.682263	303.733546	6.322080e+02	6.243872e+02	-1.338070e+03	6.497384e+02	
60.000000	8.000000	577.044981	307.336669	2.863842e+00	7.011541e+02	2.180905e+02	1.593336e+03	
60.000000	12.000000	724.329613	360.153718	3.530022e+02	2.178851e+02	-8.964950e+02	2.617112e+02	
60.000000	16.000000	637.759585	446.653716	6.469939e-01	3.257313e-02	2.119473e+02	4.347614e-02	
60.000000	20.000000	545.559519	569.427973	6.465174e-01	2.951755e-02	2.126766e+02	4.345394e-02	
60.000000	24.000000	476.397456	465.142698	6.891990e-01	3.686105e-02	2.132518e+02	4.638465e-02	
60.000000	28.000000	429.619686	264.308120	6.308954e-01	3.641485e-02	2.135117e+02	4.291631e-02	
60.000000	32.000000	380.574987	301.197428	7.102132e-01	3.758511e-02	2.133739e+02	4.857149e-02	
60.000000	36.000000	332.246326	751.089829	6.824072e-01	3.064957e-02	2.126296e+02	4.679502e-02	
60.000000	40.000000	291.520859	737.976775	7.094359e-01	3.675582e-02	2.114992e+02	5.016304e-02	
60.000000	44.000000	266.717166	718.735319	6.721581e-01	3.288104e-02	2.112075e+02	4.507637e-02	
60.000000	48.000000	254.652960	726.316980	6.795341e-01	3.843830e-02	2.112832e+02	4.578524e-02	
60.000000	52.000000	252.253089	103.354857	6.373627e-01	3.875456e-02	2.116959e+02	4.447741e-02	
60.000000	56.000000	258.983865	208.076526	5.946751e-01	2.636634e-02	2.116908e+02	4.028904e-02	
60.000000	60.000000	274.408562	9.902847	6.659416e-01	3.257611e-02	2.111452e+02	4.449499e-02	
0.000000	0.000000	306.560209	945.630513	6.307110e-01	2.935858e-02	2.098164e+02	4.337113e-02	
