0.000000	4.000000	136.129260	908.624637	6.248983e-01	3.449354e-02	4.263715e+02	4.325286e-02	
0.000000	8.000000	135.195556	84.071454	6.318131e-01	2.981961e-02	4.263239e+02	4.244932e-02	
0.000000	12.000000	134.557901	5.070740	5.895521e-01	2.887025e-02	4.258679e+02	3.894142e-02	
0.000000	16.000000	134.549454	6.047059	6.141477e-01	3.137964e-02	4.259136e+02	4.043492e-02	
0.000000	20.000000	134.551660	3.986567	6.052047e-01	3.212638e-02	4.260634e+02	4.041787e-02	
0.000000	24.000000	131.447726	167.652691	5.976700e-01	2.568803e-02	4.267108e+02	4.127990e-02	
0.000000	28.000000	128.245141	3.032220	5.917635e-01	3.076009e-02	4.269898e+02	3.960912e-02	
0.000000	32.000000	128.297610	3.309639	6.100378e-01	2.623858e-02	4.273299e+02	4.188963e-02	
0.000000	36.000000	132.806813	2.925131	6.842651e-01	3.445188e-02	4.275667e+02	4.852414e-02	
0.000000	40.000000	134.590207	2.526151	5.804955e-01	2.708339e-02	4.276139e+02	3.897496e-02	
0.000000	44.000000	142.084632	4.575137	6.066469e-01	3.142809e-02	4.274383e+02	4.099116e-02	
0.000000	48.000000	159.535172	5.117114	5.906686e-01	2.579059e-02	4.262909e+02	4.028480e-02	
0.000000	52.000000	167.575132	4.077808	5.932709e-01	3.229689e-02	4.220876e+02	3.964819e-02	
0.000000	56.000000	153.337222	6.318963	6.287412e-01	3.412698e-02	4.145048e+02	4.339273e-02	
0.000000	60.000000	140.805416	6.506499	6.052960e-01	3.128058e-02	4.095801e+02	4.156179e-02	
4.000000	0.000000	137.175495	1133.954406	5.734953e-01	2.703744e-02	4.104906e+02	3.931539e-02	
4.000000	4.000000	140.795150	5.142877	6.501697e-01	3.733246e-02	4.264615e+02	4.514894e-02	
4.000000	8.000000	140.805804	5.104134	5.658587e-01	2.847124e-02	4.256873e+02	3.854042e-02	
4.000000	12.000000	139.090892	499.274565	6.004381e-01	2.937152e-02	4.255696e+02	4.020633e-02	
4.000000	16.000000	135.791240	127.175340	6.095529e-01	2.900957e-02	4.258606e+02	4.166157e-02	
4.000000	20.000000	134.549749	5.511307	5.857160e-01	3.144182e-02	4.261686e+02	3.867433e-02	
4.000000	24.000000	134.553256	3.406352	5.578901e-01	2.591314e-02	4.265943e+02	3.825153e-02	
4.000000	28.000000	133.033826	3.377036	5.676905e-01	2.941118e-02	4.268514e+02	4.761434e-02	
4.000000	32.000000	132.963747	3.278872	5.875181e-01	3.067488e-02	4.271369e+02	3.853280e-02	
4.000000	36.000000	134.549861	2.347795	5.284457e-01	2.536818e-02	4.272834e+02	3.546714e-02	
4.000000	40.000000	135.364828	2.837444	5.697595e-01	2.688644e-02	4.275658e+02	3.904065e-02	
4.000000	44.000000	146.218879	3.239455	5.396364e-01	2.469264e-02	4.274309e+02	3.702198e-02	
4.000000	48.000000	159.554265	5.321100	5.799610e-01	2.893473e-02	4.262831e+02	3.861374e-02	
4.000000	52.000000	172.050862	4.021237	6.215549e-01	2.594555e-02	4.226886e+02	4.458228e-02	
4.000000	56.000000	159.534867	8.102134	5.850787e-01	2.899849e-02	4.152888e+02	3.889195e-02	
4.000000	60.000000	146.164270	6.802006	5.981454e-01	3.132661e-02	4.092889e+02	3.986485e-02	
8.000000	0.000000	140.814402	6.681004	6.188566e-01	2.592457e-02	4.103016e+02	4.465445e-02	
8.000000	4.000000	140.795162	13.262525	5.482132e-01	2.498950e-02	4.264121e+02	3.734417e-02	
8.000000	8.000000	140.795289	16.719623	5.717518e-01	2.811249e-02	4.258013e+02	3.766108e-02	
8.000000	12.000000	140.800033	7.077506	5.709851e-01	2.760449e-02	4.254166e+02	3.892537e-02	
8.000000	16.000000	140.837222	5.174804	5.759186e-01	2.741924e-02	4.255423e+02	3.946134e-02	
8.000000	20.000000	135.791241	72.176051	5.910973e-01	3.041948e-02	4.260724e+02	3.861310e-02	
8.000000	24.000000	134.554858	5.613277	6.304589e-01	3.379103e-02	4.264714e+02	4.260999e-02	
8.000000	28.000000	134.548240	2.986699	5.569795e-01	2.938878e-02	4.268674e+02	4.527079e-02	
8.000000	32.000000	134.554187	3.099710	5.427685e-01	2.852490e-02	4.271960e+02	3.546002e-02	
8.000000	36.000000	134.504774	180.274967	5.799385e-01	3.105785e-02	4.272745e+02	3.967297e-02	
8.000000	40.000000	139.159194	65.335882	5.775247e-01	2.748633e-02	4.274694e+02	3.913706e-02	
8.000000	44.000000	147.021820	2.920832	6.069609e-01	2.852940e-02	4.275830e+02	4.050902e-02	
8.000000	48.000000	159.555935	9.762001	5.704472e-01	2.719335e-02	4.265893e+02	3.905613e-02	
8.000000	52.000000	175.929150	1117.730503	6.149366e-01	3.479916e-02	4.231309e+02	4.199674e-02	
8.000000	56.000000	160.195558	8.383357	6.206739e-01	2.867764e-02	4.164216e+02	4.202129e-02	
8.000000	60.000000	147.050965	6.386606	5.854992e-01	2.942684e-02	4.095542e+02	3.988081e-02	
12.000000	0.000000	140.795140	5.435475	6.312734e-01	3.378658e-02	4.103631e+02	4.234227e-02	
12.000000	4.000000	142.307949	16.538117	5.305513e-01	2.551496e-02	4.262792e+02	3.554984e-02	
12.000000	8.000000	142.036253	6.391719	5.935562e-01	3.030473e-02	4.256221e+02	4.067146e-02	
12.000000	12.000000	140.807894	5.724899	6.207851e-01	2.747175e-02	4.253828e+02	4.228878e-02	
12.000000	16.000000	140.801926	17.039135	5.952143e-01	2.895252e-02	4.254858e+02	3.980302e-02	
12.000000	20.000000	140.804866	4.544709	5.715765e-01	3.021525e-02	4.257290e+02	3.889450e-02	
12.000000	24.000000	134.846277	4.051352	6.039061e-01	2.984958e-02	4.264885e+02	4.092403e-02	
12.000000	28.000000	134.549919	4.336931	6.197169e-01	2.906302e-02	4.268339e+02	4.220886e-02	
12.000000	32.000000	134.572081	1.565616	5.658826e-01	2.588543e-02	4.271937e+02	4.002039e-02	
12.000000	36.000000	134.549952	3.668839	5.524435e-01	2.824526e-02	4.271366e+02	3.602674e-02	
12.000000	40.000000	140.768470	3.062743	5.388064e-01	2.619964e-02	4.272148e+02	3.580614e-02	
12.000000	44.000000	147.021812	3.834230	5.717004e-01	2.782841e-02	4.271688e+02	3.779673e-02	
12.000000	48.000000	159.555558	5.705783	6.012458e-01	2.747843e-02	4.263788e+02	4.050570e-02	
12.000000	52.000000	178.293424	4.640231	5.935562e-01	3.030493e-02	4.233779e+02	4.067215e-02	
12.000000	56.000000	165.805417	6.436642	6.211437e-01	3.128095e-02	4.169435e+02	4.281450e-02	
12.000000	60.000000	152.561685	6.887007	5.880896e-01	2.986692e-02	4.093934e+02	4.003367e-02	
16.000000	0.000000	146.161754	5.231013	5.834385e-01	2.919008e-02	4.103633e+02	3.915127e-02	
16.000000	4.000000	147.050018	6.522689	5.021772e-01	3.055805e-02	4.260576e+02	3.338941e-02	
16.000000	8.000000	147.054583	4.985730	5.873015e-01	2.922456e-02	4.253972e+02	4.012350e-02	
16.000000	12.000000	146.376186	6.496996	6.166781e-01	3.265096e-02	4.254765e+02	4.168952e-02	
16.000000	16.000000	142.869252	22.717574	6.341963e-01	3.539027e-02	4.254401e+02	4.284405e-02	
16.000000	20.000000	140.810176	12.570827	6.528060e-01	2.808784e-02	4.255846e+02	4.598714e-02	
16.000000	24.000000	140.087909	3.584138	5.544497e-01	2.832603e-02	4.261314e+02	3.631617e-02	
16.000000	28.000000	135.928179	78.571876	6.215549e-01	2.594559e-02	4.266886e+02	4.458234e-02	
16.000000	32.000000	135.770878	52.428159	6.039829e-01	2.984977e-02	4.269205e+02	4.070729e-02	
16.000000	36.000000	139.206869	70.798982	5.653808e-01	3.267736e-02	4.269458e+02	3.837695e-02	
16.000000	40.000000	140.805036	3.643145	5.840709e-01	2.982524e-02	4.273406e+02	3.993818e-02	
16.000000	44.000000	147.021832	3.470663	5.844959e-01	2.837697e-02	4.274671e+02	4.004354e-02	
16.000000	48.000000	159.541498	4.816882	5.364518e-01	2.361649e-02	4.265722e+02	3.718693e-02	
16.000000	52.000000	178.945836	9.701668	6.546242e-01	3.037677e-02	4.237476e+02	4.462634e-02	
16.000000	56.000000	172.055425	9.027197	5.515944e-01	3.120762e-02	4.179677e+02	3.635408e-02	
16.000000	60.000000	153.295304	7.366227	5.937366e-01	2.553556e-02	4.097479e+02	4.229764e-02	
20.000000	0.000000	147.055536	5.179654	5.737591e-01	2.644854e-02	4.103305e+02	3.849646e-02	
20.000000	4.000000	147.587588	7.013459	5.672618e-01	2.960442e-02	4.260417e+02	3.667967e-02	
20.000000	8.000000	147.052001	6.466905	5.268640e-01	2.592855e-02	4.252437e+02	3.496865e-02	
20.000000	12.000000	147.043344	12.402565	5.257202e-01	2.699199e-02	4.251575e+02	3.475686e-02	
20.000000	16.000000	147.055412	6.883014	5.469982e-01	2.840593e-02	4.251151e+02	3.557960e-02	
20.000000	20.000000	143.048702	27.267710	5.658826e-01	2.588545e-02	4.251937e+02	4.002041e-02	
20.000000	24.000000	140.798152	43.326964	6.308161e-01	3.307653e-02	4.259163e+02	4.818457e-02	
20.000000	28.000000	140.800494	3.375263	5.526646e-01	2.756572e-02	4.262971e+02	3.689616e-02	
20.000000	32.000000	140.805785	3.237143	6.052960e-01	3.128079e-02	4.264199e+02	4.156234e-02	
20.000000	36.000000	140.798945	4.589452	5.279455e-01	3.097350e-02	4.269241e+02	3.378797e-02	
20.000000	40.000000	142.049481	4.714945	5.841895e-01	3.023111e-02	4.270551e+02	3.806038e-02	
20.000000	44.000000	148.318926	64.765284	6.155404e-01	2.982672e-02	4.271253e+02	4.092641e-02	
20.000000	48.000000	162.533423	1098.953020	5.934439e-01	2.874652e-02	4.264576e+02	3.969615e-02	
20.000000	52.000000	184.555852	8.030326	5.912092e-01	3.456017e-02	4.241705e+02	4.015010e-02	
20.000000	56.000000	178.313888	6.606196	6.039510e-01	3.119917e-02	4.185895e+02	4.146220e-02	
20.000000	60.000000	159.587968	6.329296	5.931178e-01	2.939274e-02	4.105235e+02	4.065024e-02	
24.000000	0.000000	153.766145	4.907920	6.344729e-01	3.230119e-02	4.100307e+02	4.224970e-02	
24.000000	4.000000	151.583936	104.074076	5.473358e-01	2.516039e-02	4.253747e+02	3.702844e-02	
24.000000	8.000000	152.052795	140.868487	6.119392e-01	2.905073e-02	4.248270e+02	4.089125e-02	
24.000000	12.000000	150.115819	118.211732	6.099585e-01	3.106867e-02	4.247337e+02	4.041363e-02	
24.000000	16.000000	147.755379	6.727539	5.863672e-01	2.991660e-02	4.249704e+02	3.821618e-02	
24.000000	20.000000	147.054254	7.122528	6.042084e-01	2.967364e-02	4.249054e+02	4.019118e-02	
24.000000	24.000000	143.102950	66.703437	5.759194e-01	2.839631e-02	4.256021e+02	3.923351e-02	
24.000000	28.000000	140.801841	5.743544	5.917324e-01	2.891819e-02	4.261182e+02	3.960045e-02	
24.000000	32.000000	140.803976	5.023029	5.590344e-01	2.608498e-02	4.263425e+02	3.759338e-02	
24.000000	36.000000	140.800020	4.077070	5.742327e-01	2.706413e-02	4.264318e+02	3.883048e-02	
24.000000	40.000000	147.047876	3.296622	5.876870e-01	3.129887e-02	4.268360e+02	3.875584e-02	
24.000000	44.000000	152.535198	2.988546	5.964215e-01	2.642496e-02	4.266699e+02	4.034547e-02	
24.000000	48.000000	164.814148	6.159699	5.486095e-01	3.662405e-02	4.260641e+02	3.978519e-02	
24.000000	52.000000	184.540384	6.233249	5.761958e-01	2.987726e-02	4.243234e+02	3.861714e-02	
24.000000	56.000000	182.898341	6.143228	5.312707e-01	2.598854e-02	4.193001e+02	3.571679e-02	
24.000000	60.000000	165.805378	9.075673	5.971413e-01	2.924992e-02	4.111712e+02	3.936000e-02	
28.000000	0.000000	153.295283	6.413281	5.743935e-01	2.754582e-02	4.094809e+02	3.869475e-02	
28.000000	4.000000	153.305570	7.045059	5.469542e-01	3.137763e-02	4.250805e+02	3.566408e-02	
28.000000	8.000000	153.303152	8.432537	5.393114e-01	2.489739e-02	4.243574e+02	3.701228e-02	
28.000000	12.000000	153.308567	16.982612	5.126257e-01	2.828315e-02	4.241103e+02	3.363732e-02	
28.000000	16.000000	153.302016	6.200909	6.030325e-01	3.332572e-02	4.241857e+02	4.036384e-02	
28.000000	20.000000	148.405640	83.273624	5.815581e-01	3.055869e-02	4.247150e+02	3.876857e-02	
28.000000	24.000000	147.040529	5.683126	5.730766e-01	2.996020e-02	4.252849e+02	3.903241e-02	
28.000000	28.000000	145.289063	4.494893	5.668452e-01	3.176994e-02	4.259221e+02	3.754884e-02	
28.000000	32.000000	145.138946	4.724699	5.855673e-01	3.274606e-02	4.260499e+02	4.000284e-02	
28.000000	36.000000	146.034945	4.002033	5.854222e-01	2.754944e-02	4.264043e+02	3.941923e-02	
28.000000	40.000000	147.087222	162.327477	6.416241e-01	3.035203e-02	4.267503e+02	4.307392e-02	
28.000000	44.000000	153.307867	31.389391	6.040993e-01	2.973568e-02	4.267979e+02	3.988667e-02	
28.000000	48.000000	165.805781	11.933536	5.420787e-01	2.645179e-02	4.261593e+02	3.703624e-02	
28.000000	52.000000	184.546040	8.269514	6.139467e-01	2.923484e-02	4.245570e+02	4.145662e-02	
28.000000	56.000000	189.211102	623.814673	6.186070e-01	3.161808e-02	4.197959e+02	4.092787e-02	
28.000000	60.000000	171.159344	9.104359	5.347631e-01	3.041153e-02	4.120084e+02	3.442219e-02	
32.000000	0.000000	159.554612	9.199947	5.699173e-01	2.582626e-02	4.092687e+02	3.835971e-02	
32.000000	4.000000	158.451279	9.567876	5.911936e-01	2.656086e-02	4.247878e+02	4.567380e-02	
32.000000	8.000000	158.621884	10.167696	5.947658e-01	2.932473e-02	4.243028e+02	3.959252e-02	
32.000000	12.000000	157.295000	24.949317	5.831272e-01	3.265486e-02	4.239902e+02	4.176056e-02	
32.000000	16.000000	154.583526	8.103139	5.694306e-01	2.904400e-02	4.238994e+02	3.709122e-02	
32.000000	20.000000	153.303546	14.394092	5.861804e-01	2.914527e-02	4.241487e+02	3.846009e-02	
32.000000	24.000000	148.412355	167.078891	5.736155e-01	2.978367e-02	4.250714e+02	3.721016e-02	
32.000000	28.000000	147.053994	61.351297	6.211554e-01	3.301354e-02	4.254716e+02	4.197224e-02	
32.000000	32.000000	147.055839	3.784631	5.652063e-01	2.616190e-02	4.255283e+02	3.878567e-02	
32.000000	36.000000	147.054109	74.692551	5.576195e-01	2.581875e-02	4.262361e+02	3.745291e-02	
32.000000	40.000000	148.401769	82.832600	5.844242e-01	2.792009e-02	4.265589e+02	3.955138e-02	
32.000000	44.000000	154.701434	5.110728	6.288373e-01	3.445748e-02	4.265763e+02	4.346532e-02	
32.000000	48.000000	165.804614	5.343022	5.633271e-01	2.625074e-02	4.263892e+02	3.804677e-02	
32.000000	52.000000	186.111054	994.705910	5.498415e-01	2.800533e-02	4.247249e+02	3.726613e-02	
32.000000	56.000000	196.192917	10.247323	5.920179e-01	3.912949e-02	4.208908e+02	4.225606e-02	
32.000000	60.000000	178.338173	9.094242	5.703411e-01	2.954476e-02	4.132896e+02	3.882499e-02	
36.000000	0.000000	164.098694	473.613102	5.602443e-01	2.594115e-02	4.091877e+02	3.918217e-02	
36.000000	4.000000	161.057928	915.996717	6.246703e-01	3.382580e-02	4.245713e+02	4.310850e-02	
36.000000	8.000000	160.781179	576.303786	5.324131e-01	2.960961e-02	4.240484e+02	3.480259e-02	
36.000000	12.000000	160.302202	7.827861	5.607395e-01	2.840101e-02	4.237533e+02	3.705403e-02	
36.000000	16.000000	159.556007	19.051709	5.827070e-01	2.549110e-02	4.237523e+02	4.043069e-02	
36.000000	20.000000	157.382722	7.210663	5.675461e-01	3.003088e-02	4.240210e+02	3.682125e-02	
36.000000	24.000000	153.306159	27.128329	5.542297e-01	2.590165e-02	4.247336e+02	3.696316e-02	
36.000000	28.000000	151.548980	50.934918	5.206842e-01	2.843642e-02	4.252216e+02	3.429032e-02	
36.000000	32.000000	149.380585	95.947705	5.935377e-01	3.042751e-02	4.256018e+02	4.039777e-02	
36.000000	36.000000	151.509273	77.424451	6.257401e-01	2.922361e-02	4.258325e+02	4.322214e-02	
36.000000	40.000000	153.305233	5.357763	6.094490e-01	2.983102e-02	4.263217e+02	4.065865e-02	
36.000000	44.000000	159.576547	4.738773	5.959508e-01	3.364254e-02	4.267538e+02	4.108365e-02	
36.000000	48.000000	170.120739	22.804724	6.002600e-01	3.067873e-02	4.264153e+02	4.117732e-02	
36.000000	52.000000	189.915458	6.832851	5.993258e-01	2.818888e-02	4.248414e+02	4.301716e-02	
36.000000	56.000000	203.302046	10.243100	5.903043e-01	3.074488e-02	4.213311e+02	4.042437e-02	
36.000000	60.000000	184.554261	8.838624	5.822132e-01	2.826818e-02	4.145610e+02	3.987459e-02	
40.000000	0.000000	166.655316	11.271262	5.954659e-01	2.581470e-02	4.087035e+02	4.077341e-02	
40.000000	4.000000	167.153531	10.028376	5.540401e-01	2.784712e-02	4.241410e+02	4.199924e-02	
40.000000	8.000000	166.459134	12.096863	5.935637e-01	2.941670e-02	4.234953e+02	4.068333e-02	
40.000000	12.000000	165.803717	34.352673	5.779515e-01	2.984472e-02	4.230126e+02	3.752001e-02	
40.000000	16.000000	164.644304	13.052248	5.806265e-01	2.764924e-02	4.231622e+02	3.903280e-02	
40.000000	20.000000	160.008705	232.492678	6.065298e-01	2.898157e-02	4.238362e+02	4.041116e-02	
40.000000	24.000000	158.049143	7.900775	5.826298e-01	2.813663e-02	4.244579e+02	3.982600e-02	
40.000000	28.000000	153.939842	6.382842	5.547169e-01	2.822569e-02	4.248729e+02	3.641679e-02	
40.000000	32.000000	153.295187	5.253562	5.725205e-01	2.855245e-02	4.253257e+02	3.828795e-02	
40.000000	36.000000	153.300938	5.635946	6.258317e-01	2.905897e-02	4.255135e+02	4.156389e-02	
40.000000	40.000000	155.393932	193.548637	6.114900e-01	3.073013e-02	4.261075e+02	4.014919e-02	
40.000000	44.000000	160.077476	5.124438	5.973596e-01	2.998497e-02	4.265402e+02	4.053252e-02	
40.000000	48.000000	172.054148	30.445274	6.023743e-01	3.203700e-02	4.263399e+02	4.140250e-02	
40.000000	52.000000	190.805845	12.573635	5.554310e-01	2.963222e-02	4.249628e+02	3.644831e-02	
40.000000	56.000000	210.793133	127.460848	5.628597e-01	3.025020e-02	4.219288e+02	3.649073e-02	
40.000000	60.000000	195.275293	10.698532	5.706091e-01	2.570731e-02	4.157926e+02	4.018360e-02	
44.000000	0.000000	175.880739	1073.382243	5.496755e-01	2.900366e-02	4.082527e+02	3.644001e-02	
44.000000	4.000000	173.482605	363.706157	6.021065e-01	2.828672e-02	4.234147e+02	4.055838e-02	
44.000000	8.000000	172.750885	8.078308	5.428981e-01	2.743163e-02	4.228661e+02	3.894826e-02	
44.000000	12.000000	172.055911	22.724684	5.834265e-01	2.548778e-02	4.227560e+02	4.071574e-02	
44.000000	16.000000	171.075622	16.383820	6.268451e-01	3.463640e-02	4.226191e+02	4.339380e-02	
44.000000	20.000000	166.191365	11.065217	6.087857e-01	3.033448e-02	4.229440e+02	4.048020e-02	
44.000000	24.000000	163.545008	290.718564	5.798170e-01	3.354769e-02	4.237990e+02	3.971119e-02	
44.000000	28.000000	159.555903	55.985137	6.246399e-01	3.414714e-02	4.243954e+02	4.316750e-02	
44.000000	32.000000	158.660152	7.863714	5.434614e-01	2.980836e-02	4.250695e+02	3.479398e-02	
44.000000	36.000000	158.689920	7.451858	6.376146e-01	3.216388e-02	4.253963e+02	4.287097e-02	
44.000000	40.000000	159.555519	6.453490	5.638338e-01	2.939908e-02	4.259457e+02	3.727484e-02	
44.000000	44.000000	165.799050	7.535472	5.658698e-01	2.816353e-02	4.261893e+02	3.716982e-02	
44.000000	48.000000	174.834652	1059.837283	5.917787e-01	3.102493e-02	4.260516e+02	3.899723e-02	
44.000000	52.000000	194.313123	21.528819	5.309603e-01	2.533947e-02	4.253097e+02	3.628761e-02	
44.000000	56.000000	222.046860	9.300520	6.401735e-01	3.744958e-02	4.226765e+02	4.453109e-02	
44.000000	60.000000	204.550094	12.049586	6.565641e-01	3.551812e-02	4.172662e+02	4.394132e-02	
48.000000	0.000000	184.551981	11.081945	6.082509e-01	3.172750e-02	4.090008e+02	4.127619e-02	
48.000000	4.000000	183.459699	21.358455	5.625595e-01	2.968177e-02	4.228700e+02	3.654428e-02	
48.000000	8.000000	182.837653	22.871218	5.621763e-01	2.988873e-02	4.222526e+02	3.810674e-02	
48.000000	12.000000	181.784461	46.105981	5.963822e-01	3.504630e-02	4.221199e+02	4.122419e-02	
48.000000	16.000000	178.961150	10.908713	5.736530e-01	3.191191e-02	4.220955e+02	3.804178e-02	
48.000000	20.000000	176.388957	907.840191	6.420618e-01	3.565291e-02	4.224202e+02	4.330023e-02	
48.000000	24.000000	170.834410	19.923019	5.853905e-01	3.005704e-02	4.233399e+02	4.012650e-02	
48.000000	28.000000	166.513674	7.263892	5.676905e-01	2.941110e-02	4.238514e+02	4.761423e-02	
48.000000	32.000000	165.036006	35.848717	6.210185e-01	3.170360e-02	4.243957e+02	4.168401e-02	
48.000000	36.000000	165.805829	20.002799	6.146758e-01	3.232702e-02	4.246789e+02	4.107946e-02	
48.000000	40.000000	165.799174	8.861170	6.070635e-01	3.137400e-02	4.251252e+02	3.998867e-02	
48.000000	44.000000	170.412652	6.922657	5.953736e-01	2.764773e-02	4.258017e+02	4.012653e-02	
48.000000	48.000000	178.898291	5.736419	5.907558e-01	2.989576e-02	4.259445e+02	3.950933e-02	
48.000000	52.000000	197.056058	16.292931	5.522853e-01	2.492849e-02	4.254479e+02	3.799571e-02	
48.000000	56.000000	228.296850	14.907810	5.768814e-01	3.106957e-02	4.231371e+02	3.789434e-02	
48.000000	60.000000	222.057058	13.511838	5.822132e-01	2.826817e-02	4.184390e+02	3.987478e-02	
52.000000	0.000000	198.557958	948.737225	6.315347e-01	2.706936e-02	4.103742e+02	4.378871e-02	
52.000000	4.000000	196.225883	25.361743	5.554782e-01	3.050966e-02	4.220171e+02	3.632918e-02	
52.000000	8.000000	195.401505	22.229820	5.702278e-01	3.026204e-02	4.212153e+02	3.761299e-02	
52.000000	12.000000	195.294614	31.820570	5.440275e-01	2.772524e-02	4.212665e+02	3.674032e-02	
52.000000	16.000000	192.045530	22.797471	5.772823e-01	2.809477e-02	4.212080e+02	3.811675e-02	
52.000000	20.000000	188.147055	981.183156	5.723370e-01	2.698973e-02	4.215376e+02	3.923017e-02	
52.000000	24.000000	182.445595	52.136503	6.097289e-01	3.155692e-02	4.224670e+02	4.188562e-02	
52.000000	28.000000	176.631161	423.880788	5.684439e-01	2.632555e-02	4.233254e+02	3.812579e-02	
52.000000	32.000000	173.888848	932.085753	5.217409e-01	2.797324e-02	4.238875e+02	3.517638e-02	
52.000000	36.000000	173.290548	519.696518	6.367521e-01	3.607146e-02	4.243801e+02	4.427597e-02	
52.000000	40.000000	173.412879	0.043926	6.163154e-01	3.074760e-02	4.249169e+02	4.324877e-02	
52.000000	44.000000	178.298739	8.370756	5.959987e-01	2.941583e-02	4.253020e+02	3.975847e-02	
52.000000	48.000000	185.412074	6.165125	6.269870e-01	3.670754e-02	4.257247e+02	4.396662e-02	
52.000000	52.000000	203.337222	9.202141	5.935108e-01	3.014172e-02	4.249725e+02	3.909531e-02	
52.000000	56.000000	233.737376	12.899647	5.902293e-01	2.953349e-02	4.234061e+02	4.042798e-02	
52.000000	60.000000	240.805649	10.176473	5.455229e-01	2.601462e-02	4.192463e+02	3.635706e-02	
56.000000	0.000000	218.915347	15.869683	5.790988e-01	3.533689e-02	4.121591e+02	3.991094e-02	
56.000000	4.000000	223.490435	283.707230	6.172324e-01	2.986828e-02	4.206778e+02	4.123140e-02	
56.000000	8.000000	220.809556	54.612035	5.697590e-01	3.131942e-02	4.199313e+02	3.756168e-02	
56.000000	12.000000	220.209233	50.602247	6.040042e-01	3.029571e-02	4.199309e+02	4.139581e-02	
56.000000	16.000000	216.558818	57.559064	5.683421e-01	2.985032e-02	4.199875e+02	3.677584e-02	
56.000000	20.000000	210.889249	560.039110	5.973596e-01	2.998497e-02	4.205402e+02	4.053252e-02	
56.000000	24.000000	202.088438	32.997442	6.316343e-01	3.298613e-02	4.214491e+02	4.304953e-02	
56.000000	28.000000	195.819810	15.336424	5.761982e-01	2.714570e-02	4.224178e+02	3.889776e-02	
56.000000	32.000000	192.193305	46.923969	6.198691e-01	3.072441e-02	4.228797e+02	4.618174e-02	
56.000000	36.000000	189.089293	14.422512	6.212391e-01	2.932130e-02	4.232997e+02	4.168920e-02	
56.000000	40.000000	188.817392	145.018420	5.980969e-01	3.052764e-02	4.240855e+02	3.914005e-02	
56.000000	44.000000	189.715579	8.249060	5.457897e-01	2.586470e-02	4.247138e+02	3.651436e-02	
56.000000	48.000000	197.052024	19.553365	6.270661e-01	3.488882e-02	4.252510e+02	4.206591e-02	
56.000000	52.000000	210.857462	808.968105	5.962374e-01	3.150738e-02	4.249591e+02	4.195571e-02	
56.000000	56.000000	240.801918	25.472169	6.018115e-01	3.046987e-02	4.235141e+02	4.128437e-02	
56.000000	60.000000	273.412352	231.959126	5.630508e-01	2.616245e-02	4.205637e+02	3.821829e-02	
60.000000	0.000000	249.380575	1042.669520	6.060987e-01	3.163626e-02	4.146037e+02	4.163989e-02	
60.000000	4.000000	356.856190	723.765594	5.545020e-01	3.200770e-02	4.201842e+02	3.732290e-02	
60.000000	8.000000	350.541723	716.019246	5.908498e-01	2.929529e-02	4.195309e+02	4.017893e-02	
60.000000	12.000000	346.378474	573.386987	5.488011e-01	2.483470e-02	4.195806e+02	3.774745e-02	
60.000000	16.000000	337.097777	741.034525	6.072594e-01	2.922489e-02	4.197055e+02	4.046119e-02	
60.000000	20.000000	320.630033	686.647778	6.023156e-01	2.604044e-02	4.203151e+02	4.122577e-02	
60.000000	24.000000	296.428077	683.228763	5.981582e-01	3.078013e-02	4.215058e+02	4.057503e-02	
60.000000	28.000000	275.461575	801.999188	6.701536e-01	4.165554e-02	4.225631e+02	4.614853e-02	
60.000000	32.000000	261.426848	802.430330	6.038506e-01	3.106958e-02	4.231726e+02	3.980069e-02	
60.000000	36.000000	247.004958	663.438907	5.779227e-01	2.756903e-02	4.234789e+02	3.918558e-02	
60.000000	40.000000	232.971417	121.493435	5.694618e-01	2.784878e-02	4.238647e+02	3.816913e-02	
60.000000	44.000000	223.506944	777.063567	6.286534e-01	2.907811e-02	4.242975e+02	4.234440e-02	
60.000000	48.000000	223.259828	700.456728	6.020267e-01	2.793358e-02	4.247711e+02	4.034980e-02	
60.000000	52.000000	234.554878	39.525476	6.105638e-01	3.294094e-02	4.245635e+02	4.135412e-02	
60.000000	56.000000	260.267770	24.959539	5.991217e-01	2.919876e-02	4.238344e+02	3.965638e-02	
60.000000	60.000000	308.509603	21.087397	6.334139e-01	3.480839e-02	4.215096e+02	4.378087e-02	
0.000000	0.000000	320.467482	18.978785	6.573106e-01	3.141731e-02	4.171811e+02	5.053747e-02	
