0.000000	4.000000	147.052348	3.857714	6.280416e-01	3.004839e-02	2.088646e+02	4.237761e-02	
0.000000	8.000000	147.052196	2.671481	5.394581e-01	3.674404e-02	2.089889e+02	4.327822e-02	
0.000000	12.000000	141.996919	2.754104	5.734150e-01	3.176601e-02	2.091726e+02	3.801383e-02	
0.000000	16.000000	140.807555	224.638063	6.802563e-01	4.306318e-02	2.093753e+02	4.851157e-02	
0.000000	20.000000	140.795153	1.464730	6.741355e-01	3.190815e-02	2.093688e+02	4.455444e-02	
0.000000	24.000000	139.176958	9.864637	6.145371e-01	2.583812e-02	2.092955e+02	4.408655e-02	
0.000000	28.000000	136.410638	175.743269	5.811394e-01	2.821818e-02	2.094296e+02	3.979493e-02	
0.000000	32.000000	135.456594	2.563689	5.552811e-01	2.514785e-02	2.095238e+02	3.827836e-02	
0.000000	36.000000	139.624208	17.511997	6.188730e-01	2.760787e-02	2.093866e+02	4.205109e-02	
0.000000	40.000000	140.802251	1.041699	5.867651e-01	2.906488e-02	2.094108e+02	4.017861e-02	
0.000000	44.000000	145.318918	261.577800	5.149578e-01	2.948518e-02	2.091775e+02	3.329786e-02	
0.000000	48.000000	153.305723	20.885015	5.954807e-01	3.040919e-02	2.086128e+02	4.081800e-02	
0.000000	52.000000	172.053946	2.124696	5.756030e-01	2.565621e-02	2.077800e+02	4.051988e-02	
0.000000	56.000000	184.555899	4.553985	5.981024e-01	2.910556e-02	2.031125e+02	4.091786e-02	
0.000000	60.000000	176.642469	9.161376	5.993539e-01	3.084068e-02	1.968409e+02	3.942906e-02	
4.000000	0.000000	167.134833	148.785808	6.342864e-01	2.984532e-02	1.932272e+02	4.256803e-02	
4.000000	4.000000	149.900161	6.045377	6.505359e-01	2.870792e-02	2.087356e+02	4.704170e-02	
4.000000	8.000000	147.055788	3.991857	5.774074e-01	3.036957e-02	2.087242e+02	3.844596e-02	
4.000000	12.000000	145.993328	10.953294	6.017199e-01	3.017701e-02	2.089529e+02	3.973404e-02	
4.000000	16.000000	141.265566	2.020943	6.179920e-01	3.201591e-02	2.089625e+02	4.131379e-02	
4.000000	20.000000	140.801894	83.579886	5.628717e-01	3.155721e-02	2.091425e+02	3.704884e-02	
4.000000	24.000000	140.806254	1.551986	6.038105e-01	3.542680e-02	2.090328e+02	4.428003e-02	
4.000000	28.000000	140.804142	1.279998	5.554782e-01	3.050953e-02	2.090171e+02	3.632901e-02	
4.000000	32.000000	140.807914	1.049215	5.551354e-01	3.006782e-02	2.092016e+02	3.647489e-02	
4.000000	36.000000	140.794684	1.340278	5.635408e-01	2.722158e-02	2.093591e+02	3.850013e-02	
4.000000	40.000000	140.802256	1.058983	5.605583e-01	2.602591e-02	2.091838e+02	3.948723e-02	
4.000000	44.000000	147.057319	1.118653	5.568319e-01	2.837788e-02	2.091003e+02	3.731963e-02	
4.000000	48.000000	154.761882	1.780852	5.768994e-01	2.858775e-02	2.087479e+02	3.817655e-02	
4.000000	52.000000	172.055720	2.271160	5.822840e-01	2.960572e-02	2.076553e+02	3.989153e-02	
4.000000	56.000000	189.189804	4.660935	6.095337e-01	3.289693e-02	2.036354e+02	4.165039e-02	
4.000000	60.000000	178.300141	6.219916	6.690823e-01	3.127785e-02	1.975000e+02	4.685735e-02	
8.000000	0.000000	172.075130	6.457334	5.916344e-01	2.636812e-02	1.933248e+02	3.993324e-02	
8.000000	4.000000	153.305859	3.378159	5.680732e-01	2.717608e-02	2.085266e+02	3.868999e-02	
8.000000	8.000000	148.406542	4.930459	5.697010e-01	2.660712e-02	2.084953e+02	3.907350e-02	
8.000000	12.000000	147.052189	166.030243	5.972064e-01	2.553001e-02	2.087347e+02	4.222094e-02	
8.000000	16.000000	145.819972	681.779811	5.440954e-01	3.890445e-02	2.090360e+02	4.267104e-02	
8.000000	20.000000	140.803955	2.104065	5.076961e-01	3.576551e-02	2.090328e+02	3.971949e-02	
8.000000	24.000000	140.824876	229.599799	5.360938e-01	3.624091e-02	2.089237e+02	4.967623e-02	
8.000000	28.000000	140.799927	221.048462	5.711077e-01	2.904846e-02	2.089093e+02	3.745306e-02	
8.000000	32.000000	140.805362	174.089014	5.726784e-01	2.816026e-02	2.088025e+02	3.781691e-02	
8.000000	36.000000	140.795210	12.957160	5.937330e-01	3.300531e-02	2.091616e+02	3.976689e-02	
8.000000	40.000000	142.151784	77.445514	5.830393e-01	3.264348e-02	2.091345e+02	3.897103e-02	
8.000000	44.000000	147.052049	20.983203	5.686234e-01	3.207920e-02	2.090446e+02	3.832228e-02	
8.000000	48.000000	157.961851	502.421475	5.280339e-01	3.047697e-02	2.088485e+02	3.408907e-02	
8.000000	52.000000	172.830937	2.600998	5.983785e-01	2.766592e-02	2.078214e+02	4.133840e-02	
8.000000	56.000000	190.799452	4.005138	5.601078e-01	3.511549e-02	2.040744e+02	3.940679e-02	
8.000000	60.000000	184.559889	7.843582	6.234616e-01	3.341966e-02	1.984715e+02	4.296927e-02	
12.000000	0.000000	172.046174	6.043520	6.394794e-01	3.023900e-02	1.934648e+02	4.372162e-02	
12.000000	4.000000	153.301890	4.752577	6.702447e-01	3.575418e-02	2.083962e+02	4.525878e-02	
12.000000	8.000000	152.275622	4.093461	6.238242e-01	3.344579e-02	2.085190e+02	4.299453e-02	
12.000000	12.000000	147.055589	3.100483	5.935079e-01	3.074550e-02	2.087529e+02	3.933697e-02	
12.000000	16.000000	147.055787	3.562904	5.984052e-01	2.963122e-02	2.088642e+02	4.573857e-02	
12.000000	20.000000	145.337646	42.087752	6.218537e-01	3.047524e-02	2.090866e+02	4.138989e-02	
12.000000	24.000000	142.054489	87.892962	5.550962e-01	2.977528e-02	2.090330e+02	3.655926e-02	
12.000000	28.000000	141.321497	2.173493	5.887955e-01	2.808305e-02	2.091462e+02	4.140440e-02	
12.000000	32.000000	140.795168	1.673615	6.467436e-01	3.126659e-02	2.091216e+02	4.393915e-02	
12.000000	36.000000	142.044676	3.088220	6.068295e-01	2.684561e-02	2.093538e+02	4.114186e-02	
12.000000	40.000000	147.055279	1.356708	7.191129e-01	4.963722e-02	2.094739e+02	5.202811e-02	
12.000000	44.000000	148.666428	237.142362	5.958608e-01	3.068638e-02	2.092424e+02	3.946309e-02	
12.000000	48.000000	159.555816	1.310913	5.291624e-01	3.172375e-02	2.088428e+02	3.498371e-02	
12.000000	52.000000	173.344741	76.579582	6.625678e-01	3.939209e-02	2.075391e+02	4.636796e-02	
12.000000	56.000000	194.832077	1086.447390	6.805930e-01	2.997903e-02	2.045267e+02	4.932122e-02	
12.000000	60.000000	186.111054	10.235391	6.162929e-01	3.561188e-02	1.991108e+02	4.286539e-02	
16.000000	0.000000	178.304268	9.645574	6.728086e-01	3.122806e-02	1.933763e+02	4.652869e-02	
16.000000	4.000000	155.444214	72.756616	6.243511e-01	3.236686e-02	2.082315e+02	4.144874e-02	
16.000000	8.000000	153.305763	2.078600	5.585888e-01	3.173894e-02	2.082460e+02	3.755630e-02	
16.000000	12.000000	151.760284	3.358012	5.724118e-01	2.765143e-02	2.084877e+02	3.897423e-02	
16.000000	16.000000	147.051989	3.071273	5.906883e-01	2.575204e-02	2.087687e+02	4.316312e-02	
16.000000	20.000000	147.051336	3.833237	5.909923e-01	2.760710e-02	2.088150e+02	3.987372e-02	
16.000000	24.000000	147.052482	2.673472	5.527841e-01	2.839568e-02	2.088294e+02	3.606463e-02	
16.000000	28.000000	145.353921	439.668473	5.850909e-01	3.136898e-02	2.088332e+02	5.481813e-02	
16.000000	32.000000	145.402932	91.725374	5.852978e-01	3.004134e-02	2.089535e+02	3.808310e-02	
16.000000	36.000000	147.055576	2.140782	6.308412e-01	3.666686e-02	2.091869e+02	4.324012e-02	
16.000000	40.000000	147.087891	27.519481	6.085559e-01	3.321365e-02	2.091925e+02	4.051678e-02	
16.000000	44.000000	153.302945	1.289736	5.525903e-01	2.598626e-02	2.091962e+02	3.760116e-02	
16.000000	48.000000	159.551321	253.245666	5.545620e-01	2.935664e-02	2.087521e+02	3.749474e-02	
16.000000	52.000000	175.952908	56.108525	6.601708e-01	3.989248e-02	2.073630e+02	4.658417e-02	
16.000000	56.000000	197.051937	8.069334	6.322650e-01	4.641545e-02	2.050549e+02	5.026040e-02	
16.000000	60.000000	190.805433	7.605574	6.422074e-01	3.014903e-02	1.998281e+02	4.676816e-02	
20.000000	0.000000	180.833562	1096.258192	6.036284e-01	3.442758e-02	1.937500e+02	4.181182e-02	
20.000000	4.000000	159.546191	6.375671	5.891656e-01	3.198623e-02	2.080081e+02	4.052634e-02	
20.000000	8.000000	154.651612	803.769537	6.322407e-01	3.594046e-02	2.079296e+02	5.241062e-02	
20.000000	12.000000	153.304846	4.570724	5.432459e-01	2.868752e-02	2.081339e+02	3.523149e-02	
20.000000	16.000000	151.622432	3.407576	6.166098e-01	3.516163e-02	2.083998e+02	4.184744e-02	
20.000000	20.000000	147.578837	4.099265	5.506110e-01	2.534935e-02	2.086025e+02	3.747938e-02	
20.000000	24.000000	147.056884	3.472066	5.440612e-01	2.582963e-02	2.086655e+02	3.718289e-02	
20.000000	28.000000	147.043541	3.935920	6.173029e-01	3.404422e-02	2.087826e+02	4.138836e-02	
20.000000	32.000000	147.074531	2.948748	5.556008e-01	2.926726e-02	2.089421e+02	3.597196e-02	
20.000000	36.000000	147.056140	52.490865	6.317856e-01	3.194775e-02	2.089585e+02	4.331330e-02	
20.000000	40.000000	147.570114	47.237070	5.986156e-01	3.359013e-02	2.090856e+02	4.086350e-02	
20.000000	44.000000	153.295482	247.938487	5.636154e-01	2.952982e-02	2.089499e+02	3.741613e-02	
20.000000	48.000000	159.560527	1.901771	6.161071e-01	3.420577e-02	2.086801e+02	4.265092e-02	
20.000000	52.000000	176.666982	2.754138	6.424290e-01	3.640354e-02	2.075580e+02	4.469646e-02	
20.000000	56.000000	197.051327	8.220091	7.369804e-01	5.557067e-02	2.052687e+02	5.729305e-02	
20.000000	60.000000	197.055086	7.068172	6.302045e-01	3.098276e-02	2.007467e+02	4.171327e-02	
24.000000	0.000000	184.552752	6.106570	5.493078e-01	2.739283e-02	1.942934e+02	3.731770e-02	
24.000000	4.000000	160.427532	4.967441	6.149416e-01	2.786159e-02	2.077682e+02	4.193012e-02	
24.000000	8.000000	159.551419	5.124362	5.726064e-01	2.860770e-02	2.077391e+02	3.792770e-02	
24.000000	12.000000	154.645294	91.778602	6.136563e-01	2.983352e-02	2.078414e+02	4.813992e-02	
24.000000	16.000000	153.301949	35.865467	6.808397e-01	3.662408e-02	2.080484e+02	4.671398e-02	
24.000000	20.000000	152.256704	2.692377	6.821889e-01	4.531725e-02	2.082686e+02	5.022796e-02	
24.000000	24.000000	148.545027	4.906211	5.733546e-01	2.576152e-02	2.082601e+02	3.889380e-02	
24.000000	28.000000	148.446053	0.036455	6.019617e-01	3.035973e-02	2.085355e+02	4.082737e-02	
24.000000	32.000000	147.652432	3.082431	6.181431e-01	3.134430e-02	2.084980e+02	4.132408e-02	
24.000000	36.000000	148.286254	4.175678	5.849648e-01	2.802854e-02	2.088149e+02	4.813861e-02	
24.000000	40.000000	152.424020	2.470500	5.816611e-01	2.899675e-02	2.088830e+02	4.226693e-02	
24.000000	44.000000	153.950394	1.990600	6.160461e-01	3.226271e-02	2.089558e+02	4.132925e-02	
24.000000	48.000000	163.022095	241.644592	6.322983e-01	3.697843e-02	2.087022e+02	4.441666e-02	
24.000000	52.000000	178.308120	2.735883	6.112346e-01	2.817557e-02	2.075981e+02	4.135418e-02	
24.000000	56.000000	197.052042	16.853254	6.567602e-01	4.070214e-02	2.052895e+02	4.695876e-02	
24.000000	60.000000	203.305367	9.385172	6.386922e-01	3.317907e-02	2.013361e+02	4.230800e-02	
28.000000	0.000000	190.804481	9.335505	5.889906e-01	2.648847e-02	1.946933e+02	3.982559e-02	
28.000000	4.000000	164.863660	5.618216	5.807154e-01	2.728338e-02	2.073994e+02	3.911096e-02	
28.000000	8.000000	160.843749	5.882676	6.640024e-01	3.975824e-02	2.075492e+02	4.662444e-02	
28.000000	12.000000	159.557483	4.881841	6.296288e-01	3.181144e-02	2.078736e+02	4.909506e-02	
28.000000	16.000000	154.466105	74.153821	6.129265e-01	3.808233e-02	2.079655e+02	5.254046e-02	
28.000000	20.000000	153.305711	54.130928	5.651220e-01	3.532693e-02	2.080975e+02	3.950434e-02	
28.000000	24.000000	153.299024	3.391288	5.852744e-01	3.013046e-02	2.081104e+02	3.821191e-02	
28.000000	28.000000	152.530280	3.173062	5.917243e-01	3.041904e-02	2.084768e+02	4.018526e-02	
28.000000	32.000000	152.391850	2.981296	6.161847e-01	3.175366e-02	2.085407e+02	4.192546e-02	
28.000000	36.000000	153.305391	3.065448	5.996731e-01	2.577419e-02	2.087528e+02	4.415030e-02	
28.000000	40.000000	153.296866	194.624041	5.666376e-01	2.609120e-02	2.088113e+02	4.061711e-02	
28.000000	44.000000	158.336409	281.766020	6.511924e-01	3.271801e-02	2.090417e+02	4.317482e-02	
28.000000	48.000000	165.806486	2.286450	5.670528e-01	2.845310e-02	2.087665e+02	3.740696e-02	
28.000000	52.000000	178.305186	4.958542	6.156236e-01	3.212477e-02	2.078544e+02	5.268428e-02	
28.000000	56.000000	197.829945	7.620332	5.673450e-01	2.656529e-02	2.056157e+02	3.834003e-02	
28.000000	60.000000	209.553924	8.895519	6.179664e-01	3.178087e-02	2.020091e+02	4.147657e-02	
32.000000	0.000000	197.055782	9.101903	5.307780e-01	3.055378e-02	1.960651e+02	3.384525e-02	
32.000000	4.000000	167.150200	570.692433	5.679939e-01	2.992982e-02	2.070168e+02	3.679627e-02	
32.000000	8.000000	164.914287	8.299981	5.855070e-01	3.028655e-02	2.070083e+02	3.857795e-02	
32.000000	12.000000	160.789285	5.693897	6.548926e-01	3.867383e-02	2.073930e+02	4.589175e-02	
32.000000	16.000000	159.543176	7.077092	5.999588e-01	2.588005e-02	2.077565e+02	4.460905e-02	
32.000000	20.000000	157.545404	95.393432	6.043878e-01	4.539786e-02	2.079737e+02	4.727956e-02	
32.000000	24.000000	154.551796	82.092477	5.663187e-01	2.610970e-02	2.078141e+02	4.072680e-02	
32.000000	28.000000	153.303191	5.198740	5.881386e-01	2.845584e-02	2.078648e+02	4.219952e-02	
32.000000	32.000000	153.292213	33.008801	5.285114e-01	3.824356e-02	2.080110e+02	4.170112e-02	
32.000000	36.000000	153.295451	4.172218	5.630701e-01	2.608537e-02	2.084435e+02	3.862959e-02	
32.000000	40.000000	154.696789	41.590584	6.309058e-01	3.616471e-02	2.086730e+02	4.408468e-02	
32.000000	44.000000	159.540570	197.316220	5.596521e-01	2.803837e-02	2.088540e+02	3.671839e-02	
32.000000	48.000000	165.805644	3.594073	6.216642e-01	3.582648e-02	2.087152e+02	4.345665e-02	
32.000000	52.000000	178.972861	92.729660	6.416269e-01	3.935239e-02	2.077469e+02	4.576838e-02	
32.000000	56.000000	201.743098	15.515484	5.594945e-01	3.353512e-02	2.060692e+02	3.825845e-02	
32.000000	60.000000	215.806925	6.242736	6.524337e-01	3.282264e-02	2.024113e+02	4.408856e-02	
36.000000	0.000000	203.333223	6.966480	6.098753e-01	2.918622e-02	1.968688e+02	4.220625e-02	
36.000000	4.000000	172.050043	33.300735	5.420932e-01	2.874831e-02	2.068620e+02	3.514027e-02	
36.000000	8.000000	168.257181	67.710775	5.641668e-01	3.173269e-02	2.069320e+02	4.321234e-02	
36.000000	12.000000	165.805482	23.245230	6.042026e-01	2.782690e-02	2.072191e+02	5.051318e-02	
36.000000	16.000000	162.533422	4.906434	6.270623e-01	3.279288e-02	2.074334e+02	4.223203e-02	
36.000000	20.000000	159.555880	4.952899	6.386603e-01	3.431635e-02	2.075800e+02	4.374821e-02	
36.000000	24.000000	159.556160	5.358624	6.152206e-01	2.585215e-02	2.077079e+02	4.447317e-02	
36.000000	28.000000	158.335373	115.798023	6.181001e-01	2.680645e-02	2.077420e+02	4.924115e-02	
36.000000	32.000000	157.874912	85.141680	6.252008e-01	2.800759e-02	2.077571e+02	4.313923e-02	
36.000000	36.000000	157.894131	61.745413	6.508969e-01	2.994737e-02	2.082135e+02	4.559605e-02	
36.000000	40.000000	159.555767	4.342371	5.871720e-01	3.085357e-02	2.082602e+02	3.909036e-02	
36.000000	44.000000	161.745799	5.276700	6.206931e-01	3.354137e-02	2.085996e+02	4.282357e-02	
36.000000	48.000000	169.809845	680.119333	6.119777e-01	3.187626e-02	2.085142e+02	4.214705e-02	
36.000000	52.000000	183.033824	73.889976	6.090912e-01	3.182286e-02	2.075849e+02	4.186186e-02	
36.000000	56.000000	203.301891	6.305791	5.452528e-01	3.244523e-02	2.060532e+02	3.641111e-02	
36.000000	60.000000	223.176388	14.051905	6.608320e-01	3.248927e-02	2.029164e+02	4.429544e-02	
40.000000	0.000000	214.071322	10.375886	6.448975e-01	3.127003e-02	1.977195e+02	4.314546e-02	
40.000000	4.000000	176.656888	14.616586	5.971942e-01	4.152525e-02	2.060298e+02	5.094236e-02	
40.000000	8.000000	172.927437	6.636567	7.464720e-01	3.766009e-02	2.062190e+02	5.580429e-02	
40.000000	12.000000	170.083573	69.323613	5.767370e-01	2.614440e-02	2.068021e+02	4.251163e-02	
40.000000	16.000000	165.804989	5.659641	6.452338e-01	3.249659e-02	2.069156e+02	4.642039e-02	
40.000000	20.000000	164.174507	5.574727	5.996070e-01	3.991443e-02	2.071281e+02	4.464327e-02	
40.000000	24.000000	161.745798	241.329202	6.396125e-01	3.259887e-02	2.071878e+02	4.238906e-02	
40.000000	28.000000	160.750426	5.353895	6.871563e-01	4.421852e-02	2.073794e+02	4.918833e-02	
40.000000	32.000000	159.552175	5.572512	7.172262e-01	4.953552e-02	2.075936e+02	5.213199e-02	
40.000000	36.000000	160.075267	5.066702	6.430174e-01	2.851440e-02	2.077271e+02	4.495644e-02	
40.000000	40.000000	161.594903	222.779882	5.147168e-01	3.354187e-02	2.081205e+02	3.354512e-02	
40.000000	44.000000	165.792097	181.498814	6.309893e-01	3.121839e-02	2.083684e+02	4.232120e-02	
40.000000	48.000000	172.053953	201.653149	6.653623e-01	3.074035e-02	2.083614e+02	4.578098e-02	
40.000000	52.000000	184.554159	176.224966	6.707797e-01	3.082610e-02	2.077348e+02	4.673638e-02	
40.000000	56.000000	203.305206	20.647978	5.983713e-01	3.035477e-02	2.063913e+02	4.020008e-02	
40.000000	60.000000	228.302244	8.664038	6.253168e-01	2.935577e-02	2.034398e+02	4.247231e-02	
44.000000	0.000000	222.045511	6.081306	5.994131e-01	2.773064e-02	1.987884e+02	4.034497e-02	
44.000000	4.000000	182.887863	557.547108	6.644384e-01	4.429571e-02	2.057980e+02	4.951657e-02	
44.000000	8.000000	178.305270	7.330286	6.488380e-01	2.793918e-02	2.055905e+02	4.550209e-02	
44.000000	12.000000	175.278675	98.214449	5.918469e-01	3.367325e-02	2.060149e+02	4.242026e-02	
44.000000	16.000000	171.175135	37.745177	6.543029e-01	3.059081e-02	2.063542e+02	4.452021e-02	
44.000000	20.000000	168.750000	88.899392	5.884866e-01	2.658299e-02	2.067891e+02	4.476229e-02	
44.000000	24.000000	166.659028	289.144979	6.708639e-01	3.585459e-02	2.067691e+02	4.486324e-02	
44.000000	28.000000	165.807797	32.212281	5.721001e-01	3.088217e-02	2.068807e+02	3.745983e-02	
44.000000	32.000000	165.794619	6.050134	5.943068e-01	3.221616e-02	2.069685e+02	4.257649e-02	
44.000000	36.000000	165.798184	5.142189	6.569619e-01	3.063195e-02	2.074876e+02	4.514980e-02	
44.000000	40.000000	165.805395	5.740020	5.905323e-01	2.740931e-02	2.078000e+02	4.764504e-02	
44.000000	44.000000	170.306630	85.578222	5.894858e-01	3.241614e-02	2.082798e+02	4.030612e-02	
44.000000	48.000000	176.708841	4.222772	6.326623e-01	2.945594e-02	2.082060e+02	4.281178e-02	
44.000000	52.000000	187.566731	75.761566	6.178374e-01	2.643086e-02	2.077349e+02	4.799226e-02	
44.000000	56.000000	204.678183	829.154828	6.199897e-01	3.264380e-02	2.064525e+02	4.182427e-02	
44.000000	60.000000	234.558887	16.295291	6.015472e-01	3.432881e-02	2.042624e+02	4.069208e-02	
48.000000	0.000000	234.542855	8.275323	6.561974e-01	3.152905e-02	1.998502e+02	4.429070e-02	
48.000000	4.000000	191.207808	33.806684	6.360337e-01	3.152340e-02	2.051042e+02	4.196864e-02	
48.000000	8.000000	185.857531	8.521155	6.296693e-01	3.141973e-02	2.052793e+02	4.190401e-02	
48.000000	12.000000	182.559186	859.698541	7.161418e-01	3.799906e-02	2.057177e+02	4.855038e-02	
48.000000	16.000000	177.409449	27.612283	6.649064e-01	3.354948e-02	2.059825e+02	4.485683e-02	
48.000000	20.000000	175.999542	262.008211	5.953345e-01	3.036655e-02	2.062242e+02	3.932946e-02	
48.000000	24.000000	173.290420	7.650174	6.294123e-01	3.453195e-02	2.063874e+02	4.313675e-02	
48.000000	28.000000	172.586599	47.148804	5.758865e-01	2.642835e-02	2.066737e+02	3.864619e-02	
48.000000	32.000000	170.303841	24.966669	6.337539e-01	3.232069e-02	2.070150e+02	4.307392e-02	
48.000000	36.000000	170.439962	420.642611	6.323535e-01	3.245779e-02	2.072347e+02	4.207113e-02	
48.000000	40.000000	172.055252	76.746387	6.004824e-01	3.039224e-02	2.074577e+02	4.118731e-02	
48.000000	44.000000	174.553549	241.062025	6.496281e-01	3.984236e-02	2.077174e+02	4.594885e-02	
48.000000	48.000000	179.623509	119.275145	5.840989e-01	2.966893e-02	2.079426e+02	3.844761e-02	
48.000000	52.000000	191.327811	6.953471	6.052732e-01	3.508847e-02	2.077452e+02	4.182354e-02	
48.000000	56.000000	209.557306	20.469971	5.745531e-01	3.155162e-02	2.068507e+02	5.294108e-02	
48.000000	60.000000	236.269790	21.659251	6.105766e-01	2.852755e-02	2.045848e+02	4.128045e-02	
52.000000	0.000000	252.417499	12.147143	7.172537e-01	5.171331e-02	2.008328e+02	5.835995e-02	
52.000000	4.000000	202.100147	9.287631	6.048118e-01	3.036460e-02	2.037956e+02	5.569650e-02	
52.000000	8.000000	197.531892	63.195934	6.112900e-01	3.475921e-02	2.042619e+02	4.125768e-02	
52.000000	12.000000	191.987429	27.861980	6.095402e-01	3.410946e-02	2.047127e+02	4.218555e-02	
52.000000	16.000000	188.174344	62.400558	5.933806e-01	3.585351e-02	2.051503e+02	4.115213e-02	
52.000000	20.000000	184.711414	61.761566	6.521914e-01	3.288508e-02	2.054696e+02	4.481132e-02	
52.000000	24.000000	182.249526	898.864661	6.594368e-01	3.945617e-02	2.056123e+02	4.635196e-02	
52.000000	28.000000	179.620847	745.322062	6.652693e-01	3.121186e-02	2.057159e+02	4.533453e-02	
52.000000	32.000000	179.180351	7.112303	5.841562e-01	3.084629e-02	2.058964e+02	4.564938e-02	
52.000000	36.000000	178.998552	176.854508	5.884748e-01	3.168437e-02	2.060652e+02	3.913323e-02	
52.000000	40.000000	179.629893	7.065564	6.036160e-01	3.087626e-02	2.065565e+02	4.142465e-02	
52.000000	44.000000	182.241466	165.294254	5.583413e-01	2.978766e-02	2.070312e+02	3.600731e-02	
52.000000	48.000000	187.144536	85.070026	5.690264e-01	2.806632e-02	2.073587e+02	3.826082e-02	
52.000000	52.000000	197.609614	7.980614	5.858842e-01	3.336162e-02	2.071073e+02	3.964566e-02	
52.000000	56.000000	215.798602	7.921221	6.137478e-01	2.861781e-02	2.064205e+02	4.144109e-02	
52.000000	60.000000	240.807027	13.454531	5.984407e-01	2.779053e-02	2.047844e+02	4.015002e-02	
56.000000	0.000000	272.060169	10.677637	6.598241e-01	3.297127e-02	2.015321e+02	4.559824e-02	
56.000000	4.000000	220.458848	696.660682	6.429823e-01	3.745265e-02	2.026671e+02	4.471195e-02	
56.000000	8.000000	214.047299	49.077582	6.366911e-01	3.143615e-02	2.029001e+02	4.204550e-02	
56.000000	12.000000	207.993093	25.190357	6.382725e-01	2.741978e-02	2.036111e+02	4.441187e-02	
56.000000	16.000000	202.353922	51.644919	6.088140e-01	3.364780e-02	2.043080e+02	4.099652e-02	
56.000000	20.000000	198.312063	12.639906	6.179875e-01	2.780762e-02	2.043901e+02	4.201711e-02	
56.000000	24.000000	195.454771	204.958821	6.298313e-01	3.916441e-02	2.047934e+02	4.510403e-02	
56.000000	28.000000	193.750000	264.461254	6.013745e-01	3.009475e-02	2.049402e+02	3.944489e-02	
56.000000	32.000000	192.046209	476.627864	5.990292e-01	2.775865e-02	2.051774e+02	4.157588e-02	
56.000000	36.000000	191.564611	44.139023	6.238010e-01	2.997960e-02	2.054623e+02	4.223530e-02	
56.000000	40.000000	190.872716	45.425200	6.127983e-01	2.854677e-02	2.057717e+02	5.329878e-02	
56.000000	44.000000	192.196817	781.292921	6.440132e-01	3.279821e-02	2.062403e+02	4.262955e-02	
56.000000	48.000000	197.839750	79.594452	6.372577e-01	2.968319e-02	2.068228e+02	4.505726e-02	
56.000000	52.000000	207.870764	192.846469	5.845307e-01	3.361765e-02	2.067867e+02	4.021156e-02	
56.000000	56.000000	222.767881	7.313494	6.067544e-01	3.496660e-02	2.062448e+02	4.215576e-02	
56.000000	60.000000	248.427676	11.092896	5.924735e-01	3.139231e-02	2.048923e+02	3.905295e-02	
60.000000	0.000000	289.797680	19.960957	5.719139e-01	3.126140e-02	2.022546e+02	3.816130e-02	
60.000000	4.000000	282.771018	754.948632	6.368227e-01	3.223082e-02	2.008833e+02	4.194771e-02	
60.000000	8.000000	271.182144	374.291664	6.523372e-01	3.091860e-02	2.011938e+02	4.406385e-02	
60.000000	12.000000	259.285763	173.780529	5.898590e-01	3.283355e-02	2.020973e+02	3.967837e-02	
60.000000	16.000000	249.718834	135.780015	6.490604e-01	3.226469e-02	2.028164e+02	4.306234e-02	
60.000000	20.000000	242.453209	706.971790	6.735983e-01	3.889205e-02	2.032091e+02	4.594383e-02	
60.000000	24.000000	237.403000	228.241721	6.134481e-01	3.324781e-02	2.036265e+02	4.201285e-02	
60.000000	28.000000	232.527242	756.576230	6.577957e-01	2.974574e-02	2.037542e+02	5.127798e-02	
60.000000	32.000000	227.990407	149.367861	6.208058e-01	3.584624e-02	2.040080e+02	4.664951e-02	
60.000000	36.000000	224.200934	70.261243	5.669367e-01	2.593802e-02	2.042766e+02	3.803948e-02	
60.000000	40.000000	220.638304	96.793476	6.523214e-01	3.056691e-02	2.047398e+02	4.415248e-02	
60.000000	44.000000	220.196298	191.521245	6.311944e-01	3.114595e-02	2.051942e+02	4.190036e-02	
60.000000	48.000000	223.289944	10.043057	6.378293e-01	2.644616e-02	2.056413e+02	4.458665e-02	
60.000000	52.000000	229.607531	694.830079	6.601761e-01	2.776750e-02	2.055888e+02	4.621349e-02	
60.000000	56.000000	242.995775	887.883384	6.299488e-01	2.758726e-02	2.054040e+02	4.231707e-02	
60.000000	60.000000	266.951339	137.483039	5.936717e-01	2.921388e-02	2.044392e+02	3.980243e-02	
0.000000	0.000000	307.836773	794.416203	6.119392e-01	2.905020e-02	2.028270e+02	4.089053e-02	
