24.000000	32.000000	104.375199	4.714056	5.897822e-01	3.071322e-02	4.283514e+02	4.011493e-02	
24.000000	36.000000	109.547111	8.363529	6.136242e-01	2.836503e-02	4.282606e+02	4.118335e-02	
24.000000	40.000000	109.542721	4.883867	6.092658e-01	3.394559e-02	4.282136e+02	4.091057e-02	
24.000000	44.000000	114.056770	710.858821	6.664617e-01	3.328946e-02	4.279693e+02	4.413757e-02	
24.000000	48.000000	117.036172	5.975360	6.495868e-01	2.717691e-02	4.275411e+02	4.314707e-02	
24.000000	52.000000	128.308010	5.303808	6.532077e-01	3.210502e-02	4.255052e+02	4.382348e-02	
24.000000	56.000000	134.550196	6.219173	6.007838e-01	3.101189e-02	4.216082e+02	4.122533e-02	
24.000000	60.000000	124.194219	1133.553005	6.193628e-01	3.398265e-02	4.138404e+02	4.161612e-02	
28.000000	0.000000	114.769568	5.749815	6.402552e-01	3.081266e-02	4.031291e+02	4.511762e-02	
28.000000	4.000000	115.811118	7.036657	6.212399e-01	3.496053e-02	4.266213e+02	4.255973e-02	
28.000000	8.000000	115.805694	8.923843	6.666169e-01	3.251728e-02	4.258590e+02	4.465275e-02	
28.000000	12.000000	115.825716	7.929671	6.282871e-01	2.625758e-02	4.256978e+02	4.642545e-02	
28.000000	16.000000	115.824656	9.534087	6.688808e-01	2.565985e-02	4.255187e+02	4.446103e-02	
28.000000	20.000000	115.802048	7.129196	6.462966e-01	2.978482e-02	4.258027e+02	4.560297e-02	
28.000000	24.000000	115.805155	5.905501	5.858915e-01	2.570434e-02	4.262253e+02	4.241867e-02	
28.000000	28.000000	112.500000	1139.786514	6.940466e-01	3.493547e-02	4.269511e+02	4.669371e-02	
28.000000	32.000000	109.587331	5.421615	5.788826e-01	3.092366e-02	4.277388e+02	3.843367e-02	
28.000000	36.000000	109.552045	4.355616	6.390213e-01	3.292384e-02	4.279832e+02	4.408731e-02	
28.000000	40.000000	110.786253	590.218084	5.772823e-01	2.809476e-02	4.282080e+02	3.811674e-02	
28.000000	44.000000	115.794776	4.812154	5.919906e-01	3.033636e-02	4.279191e+02	4.200566e-02	
28.000000	48.000000	122.055493	4.104748	6.692580e-01	3.538125e-02	4.273248e+02	4.479767e-02	
28.000000	52.000000	128.775344	5.306140	6.130381e-01	3.063847e-02	4.251696e+02	4.031236e-02	
28.000000	56.000000	140.802045	8.022071	5.999221e-01	3.815463e-02	4.221227e+02	4.348457e-02	
28.000000	60.000000	128.327464	8.054124	6.695881e-01	3.233504e-02	4.148175e+02	4.476123e-02	
32.000000	0.000000	115.795739	7.437248	6.501261e-01	3.917294e-02	4.044480e+02	4.299269e-02	
32.000000	4.000000	117.360874	10.079098	6.383669e-01	3.449563e-02	4.260704e+02	4.339155e-02	
32.000000	8.000000	117.040819	8.532228	6.805015e-01	3.151562e-02	4.256121e+02	4.733295e-02	
32.000000	12.000000	116.662226	8.711647	6.754485e-01	4.456027e-02	4.257016e+02	4.840155e-02	
32.000000	16.000000	116.205245	7.700127	5.825623e-01	2.815003e-02	4.258661e+02	4.081635e-02	
32.000000	20.000000	115.804805	5.654058	6.299701e-01	3.622770e-02	4.256865e+02	4.398095e-02	
32.000000	24.000000	115.805421	5.054290	6.306481e-01	2.616126e-02	4.263203e+02	4.608683e-02	
32.000000	28.000000	115.794671	5.479146	6.130645e-01	3.051361e-02	4.269011e+02	4.027147e-02	
32.000000	32.000000	115.800952	4.441029	6.307406e-01	2.674217e-02	4.276278e+02	4.295862e-02	
32.000000	36.000000	113.942367	83.714166	6.662502e-01	4.058021e-02	4.277490e+02	4.518634e-02	
32.000000	40.000000	115.808137	4.279016	6.739729e-01	3.322502e-02	4.277781e+02	4.460423e-02	
32.000000	44.000000	115.826347	5.652944	6.324344e-01	3.527899e-02	4.279850e+02	4.741412e-02	
32.000000	48.000000	122.048459	7.127760	6.557872e-01	2.876677e-02	4.276882e+02	4.466333e-02	
32.000000	52.000000	134.553608	5.064502	6.540337e-01	3.281473e-02	4.260146e+02	4.327002e-02	
32.000000	56.000000	142.159971	8.095430	6.306724e-01	2.860880e-02	4.225399e+02	4.192159e-02	
32.000000	60.000000	134.551985	6.000524	6.554269e-01	3.402625e-02	4.161848e+02	4.359955e-02	
36.000000	0.000000	122.055855	5.767139	6.126739e-01	3.585960e-02	4.063342e+02	4.170883e-02	
36.000000	4.000000	122.052052	8.567293	6.474456e-01	3.202907e-02	4.261265e+02	4.285367e-02	
36.000000	8.000000	122.048965	8.417269	6.139669e-01	2.997536e-02	4.257796e+02	4.066734e-02	
36.000000	12.000000	122.055930	7.420324	6.652923e-01	2.974738e-02	4.253957e+02	4.410564e-02	
36.000000	16.000000	122.055999	7.195357	6.658903e-01	2.585219e-02	4.254848e+02	4.411132e-02	
36.000000	20.000000	122.060653	6.601620	6.888848e-01	3.782909e-02	4.253771e+02	4.648974e-02	
36.000000	24.000000	119.074505	9.129434	6.765780e-01	3.101255e-02	4.257327e+02	4.771934e-02	
36.000000	28.000000	115.805450	5.858227	6.710138e-01	3.263471e-02	4.262709e+02	4.442406e-02	
36.000000	32.000000	115.813352	7.206523	6.884839e-01	3.299366e-02	4.271937e+02	4.775871e-02	
36.000000	36.000000	115.800018	9.503015	6.451663e-01	2.692428e-02	4.274130e+02	4.359689e-02	
36.000000	40.000000	115.804580	7.169150	7.038860e-01	3.253592e-02	4.273104e+02	5.110354e-02	
36.000000	44.000000	118.683269	9.528035	6.593345e-01	3.604807e-02	4.274914e+02	4.486857e-02	
36.000000	48.000000	122.055068	4.926512	6.368182e-01	2.632490e-02	4.273154e+02	4.744392e-02	
36.000000	52.000000	134.587803	5.290485	6.577615e-01	2.898284e-02	4.257131e+02	4.717774e-02	
36.000000	56.000000	147.051968	4.931566	6.356909e-01	3.049841e-02	4.228257e+02	4.241055e-02	
36.000000	60.000000	140.800014	10.098195	6.586937e-01	3.043475e-02	4.166630e+02	4.471069e-02	
40.000000	0.000000	128.294335	10.013224	7.140543e-01	4.239366e-02	4.073484e+02	4.798426e-02	
40.000000	4.000000	125.446451	1129.295146	7.277676e-01	5.184908e-02	4.256161e+02	5.356483e-02	
40.000000	8.000000	123.974351	1075.688543	6.842744e-01	3.355357e-02	4.249813e+02	4.422162e-02	
40.000000	12.000000	123.286172	581.039168	6.255613e-01	3.507719e-02	4.246388e+02	4.208963e-02	
40.000000	16.000000	122.443600	119.759146	6.622782e-01	3.651370e-02	4.245811e+02	4.466480e-02	
40.000000	20.000000	122.055790	5.802901	6.369133e-01	4.044206e-02	4.247350e+02	4.438023e-02	
40.000000	24.000000	122.048719	8.088865	6.710594e-01	3.392041e-02	4.251161e+02	4.446539e-02	
40.000000	28.000000	122.052083	6.875597	7.252866e-01	3.638743e-02	4.258384e+02	5.182003e-02	
40.000000	32.000000	120.379152	8.511791	6.560774e-01	3.358455e-02	4.264300e+02	4.441669e-02	
40.000000	36.000000	117.705000	11.065709	6.505445e-01	3.208521e-02	4.268335e+02	4.305443e-02	
40.000000	40.000000	120.471707	6.401308	6.611693e-01	3.148141e-02	4.271603e+02	4.755979e-02	
40.000000	44.000000	122.049034	6.000716	6.605439e-01	3.849719e-02	4.271964e+02	4.533178e-02	
40.000000	48.000000	128.293835	4.112323	6.432802e-01	3.193444e-02	4.269609e+02	4.245139e-02	
40.000000	52.000000	134.546797	4.875633	6.458368e-01	3.300566e-02	4.257412e+02	4.299140e-02	
40.000000	56.000000	150.880737	1115.601457	6.288507e-01	3.220701e-02	4.231698e+02	4.160687e-02	
40.000000	60.000000	147.050282	7.673094	6.136202e-01	2.778808e-02	4.182032e+02	4.295899e-02	
44.000000	0.000000	134.545420	7.521534	6.414963e-01	3.847192e-02	4.094166e+02	4.360556e-02	
44.000000	4.000000	128.308627	7.254514	5.765794e-01	2.807204e-02	4.248715e+02	3.980786e-02	
44.000000	8.000000	128.304243	8.321766	5.749207e-01	3.008282e-02	4.243413e+02	3.874023e-02	
44.000000	12.000000	128.305597	8.928862	6.186174e-01	3.162723e-02	4.239695e+02	4.104411e-02	
44.000000	16.000000	128.310211	8.898910	6.085894e-01	3.002975e-02	4.243360e+02	4.055215e-02	
44.000000	20.000000	128.295137	8.055329	6.576324e-01	3.612975e-02	4.242805e+02	4.410251e-02	
44.000000	24.000000	128.295924	5.880891	6.754515e-01	3.108617e-02	4.246745e+02	4.486613e-02	
44.000000	28.000000	123.463853	478.332765	6.352953e-01	2.855460e-02	4.257217e+02	4.351306e-02	
44.000000	32.000000	122.087222	5.905530	6.322213e-01	3.347097e-02	4.263488e+02	4.234123e-02	
44.000000	36.000000	122.054863	9.905490	6.009451e-01	3.343049e-02	4.269197e+02	4.088266e-02	
44.000000	40.000000	122.041389	6.950080	6.799764e-01	3.427007e-02	4.271045e+02	4.942506e-02	
44.000000	44.000000	122.695557	501.074309	6.540808e-01	3.250684e-02	4.271927e+02	4.345658e-02	
44.000000	48.000000	128.297321	5.529392	6.352235e-01	3.522464e-02	4.268433e+02	4.301656e-02	
44.000000	52.000000	140.795170	4.852298	6.837676e-01	3.398630e-02	4.258152e+02	5.099752e-02	
44.000000	56.000000	153.324333	7.229390	6.800365e-01	3.537358e-02	4.237294e+02	4.553777e-02	
44.000000	60.000000	153.298594	7.186472	6.719166e-01	3.848764e-02	4.192395e+02	4.552114e-02	
48.000000	0.000000	140.799397	9.479863	6.791361e-01	3.299268e-02	4.111469e+02	4.619547e-02	
48.000000	4.000000	134.552068	8.240142	6.308787e-01	3.461257e-02	4.244428e+02	4.360783e-02	
48.000000	8.000000	134.551991	8.759168	7.034217e-01	3.569440e-02	4.239778e+02	4.704496e-02	
48.000000	12.000000	134.550013	9.251794	5.980259e-01	2.731324e-02	4.237839e+02	4.783759e-02	
48.000000	16.000000	134.559665	8.720895	6.084858e-01	3.314622e-02	4.238705e+02	5.340798e-02	
48.000000	20.000000	134.558665	5.854088	5.732817e-01	3.313456e-02	4.239258e+02	3.899217e-02	
48.000000	24.000000	132.620739	10.656697	6.179271e-01	2.607643e-02	4.243250e+02	4.321308e-02	
48.000000	28.000000	128.294495	7.575813	5.720816e-01	3.302962e-02	4.248437e+02	3.829240e-02	
48.000000	32.000000	128.305694	9.536866	6.192717e-01	2.609902e-02	4.257109e+02	4.532589e-02	
48.000000	36.000000	128.298017	5.953422	6.019764e-01	2.620294e-02	4.263182e+02	4.117966e-02	
48.000000	40.000000	128.305718	5.569985	7.481604e-01	4.567816e-02	4.265058e+02	5.303070e-02	
48.000000	44.000000	128.296182	6.921835	6.485119e-01	2.716664e-02	4.264505e+02	4.315635e-02	
48.000000	48.000000	134.564651	4.618157	6.659075e-01	3.506948e-02	4.268274e+02	4.445102e-02	
48.000000	52.000000	140.789868	5.742305	6.521068e-01	3.771724e-02	4.255388e+02	4.541941e-02	
48.000000	56.000000	158.596856	7.041416	5.986156e-01	3.359060e-02	4.240856e+02	4.086409e-02	
48.000000	60.000000	165.805478	9.203370	5.679234e-01	3.004906e-02	4.201743e+02	3.719502e-02	
52.000000	0.000000	153.307712	10.407661	6.519189e-01	3.345091e-02	4.130126e+02	4.424280e-02	
52.000000	4.000000	140.795880	9.320326	6.834455e-01	3.265276e-02	4.234135e+02	4.740049e-02	
52.000000	8.000000	140.802033	9.935717	6.045078e-01	3.068561e-02	4.229588e+02	3.956910e-02	
52.000000	12.000000	140.805762	11.516913	6.190426e-01	2.657759e-02	4.226775e+02	4.331999e-02	
52.000000	16.000000	140.804268	9.968205	5.385921e-01	2.607746e-02	4.227594e+02	3.582600e-02	
52.000000	20.000000	140.804708	9.075387	6.193028e-01	2.995177e-02	4.228558e+02	4.096961e-02	
52.000000	24.000000	138.962975	247.331800	6.432387e-01	3.625337e-02	4.234496e+02	4.340489e-02	
52.000000	28.000000	134.548549	6.814114	6.810416e-01	2.801853e-02	4.244975e+02	4.562253e-02	
52.000000	32.000000	134.609156	8.783253	6.328794e-01	3.019665e-02	4.253343e+02	4.206208e-02	
52.000000	36.000000	134.555174	4.717051	6.430375e-01	3.196473e-02	4.259565e+02	4.241313e-02	
52.000000	40.000000	134.554871	4.489387	6.310437e-01	3.079835e-02	4.263548e+02	4.231432e-02	
52.000000	44.000000	134.549717	9.254925	6.045090e-01	2.721672e-02	4.266289e+02	4.072181e-02	
52.000000	48.000000	139.693155	92.983956	6.417266e-01	2.810492e-02	4.265172e+02	4.255579e-02	
52.000000	52.000000	147.053802	7.480552	5.882803e-01	2.826484e-02	4.258606e+02	4.182824e-02	
52.000000	56.000000	159.955910	8.556966	6.833942e-01	3.176145e-02	4.242561e+02	4.578273e-02	
52.000000	60.000000	178.302866	10.353367	6.469098e-01	3.175917e-02	4.208582e+02	4.217236e-02	
56.000000	0.000000	165.801184	11.370059	6.360692e-01	3.631576e-02	4.148587e+02	4.379187e-02	
56.000000	4.000000	153.300674	12.047380	6.611730e-01	3.318699e-02	4.221667e+02	4.389966e-02	
56.000000	8.000000	153.306009	11.835144	6.362216e-01	2.789513e-02	4.214389e+02	4.219487e-02	
56.000000	12.000000	153.305343	12.735063	6.914376e-01	4.093785e-02	4.213817e+02	4.676948e-02	
56.000000	16.000000	153.337222	12.170207	6.776480e-01	3.140022e-02	4.212231e+02	4.606280e-02	
56.000000	20.000000	152.421168	9.410805	6.732049e-01	2.519306e-02	4.215902e+02	4.721269e-02	
56.000000	24.000000	148.375702	630.460171	6.112258e-01	3.288394e-02	4.224125e+02	4.122775e-02	
56.000000	28.000000	147.052268	9.158516	7.018436e-01	3.749345e-02	4.232326e+02	4.709461e-02	
56.000000	32.000000	144.255469	14.638688	6.068612e-01	2.608999e-02	4.243207e+02	4.168620e-02	
56.000000	36.000000	140.804911	8.081098	5.973788e-01	2.786197e-02	4.247804e+02	3.996705e-02	
56.000000	40.000000	140.799989	7.382731	6.191758e-01	3.182563e-02	4.251041e+02	4.088469e-02	
56.000000	44.000000	141.381398	8.514246	6.971430e-01	3.218561e-02	4.255309e+02	5.091159e-02	
56.000000	48.000000	147.074385	7.045357	6.705861e-01	3.147204e-02	4.258087e+02	4.728818e-02	
56.000000	52.000000	153.833554	7.582360	6.590338e-01	2.949069e-02	4.253234e+02	4.569060e-02	
56.000000	56.000000	170.083572	9.388556	6.511136e-01	2.637543e-02	4.244001e+02	4.465122e-02	
56.000000	60.000000	190.805214	8.899105	6.482653e-01	2.911955e-02	4.217631e+02	4.911618e-02	
60.000000	0.000000	185.830395	620.510318	6.621099e-01	3.542672e-02	4.171117e+02	4.470606e-02	
60.000000	4.000000	186.055159	25.743433	5.911483e-01	3.257405e-02	4.199768e+02	4.275936e-02	
60.000000	8.000000	185.090664	28.937729	6.678801e-01	4.370983e-02	4.192581e+02	4.707976e-02	
60.000000	12.000000	185.090664	24.539201	6.543671e-01	3.172924e-02	4.191458e+02	4.388043e-02	
60.000000	16.000000	185.000499	25.099868	6.185774e-01	3.085996e-02	4.190389e+02	4.105267e-02	
60.000000	20.000000	182.445595	31.300169	7.547841e-01	2.865746e-02	4.193572e+02	5.078791e-02	
60.000000	24.000000	178.307370	29.766735	6.465192e-01	3.147765e-02	4.198937e+02	4.469789e-02	
60.000000	28.000000	172.678611	505.391905	6.594396e-01	3.429750e-02	4.210885e+02	4.414341e-02	
60.000000	32.000000	169.011686	34.438796	6.333228e-01	3.174204e-02	4.224117e+02	4.200744e-02	
60.000000	36.000000	165.805446	26.395995	6.938362e-01	3.691199e-02	4.233580e+02	4.697332e-02	
60.000000	40.000000	164.093445	664.037658	6.459043e-01	3.349057e-02	4.241273e+02	4.295749e-02	
60.000000	44.000000	163.254206	1041.078000	6.207122e-01	3.215217e-02	4.245808e+02	4.174960e-02	
60.000000	48.000000	165.802408	12.742831	6.363637e-01	3.113779e-02	4.247997e+02	4.223734e-02	
60.000000	52.000000	172.052034	15.330628	6.856070e-01	3.308463e-02	4.247678e+02	4.550492e-02	
60.000000	56.000000	184.549279	15.413063	6.105271e-01	3.410957e-02	4.241560e+02	4.120130e-02	
60.000000	60.000000	208.477452	8.146227	7.007762e-01	3.336751e-02	4.222860e+02	4.631025e-02	
0.000000	0.000000	229.204583	10.392064	6.626273e-01	3.129993e-02	4.187917e+02	4.510245e-02	
