0.000000	4.000000	139.121355	5.072506	6.313136e-01	3.477708e-02	1.935808e+02	4.359000e-02	
0.000000	8.000000	136.298090	18.568074	6.230243e-01	3.351925e-02	1.934291e+02	4.287911e-02	
0.000000	12.000000	134.554145	3.694277	5.889029e-01	2.930496e-02	1.935935e+02	4.024360e-02	
0.000000	16.000000	134.586193	4.809604	5.973911e-01	3.156114e-02	1.940736e+02	3.955158e-02	
0.000000	20.000000	133.414536	2.202145	5.642481e-01	2.648912e-02	1.945409e+02	3.851502e-02	
0.000000	24.000000	129.466170	42.570862	5.493861e-01	2.856299e-02	1.942715e+02	3.656411e-02	
0.000000	28.000000	129.118419	2.079444	5.793026e-01	2.551745e-02	1.942597e+02	3.947629e-02	
0.000000	32.000000	129.590719	3.169733	5.714889e-01	3.218187e-02	1.942393e+02	3.821159e-02	
0.000000	36.000000	132.055781	925.882027	6.010745e-01	3.042674e-02	1.944671e+02	4.123058e-02	
0.000000	40.000000	134.570759	1.342406	5.619798e-01	2.812339e-02	1.942974e+02	3.746698e-02	
0.000000	44.000000	140.224785	1.235397	5.152929e-01	3.365865e-02	1.939484e+02	4.001859e-02	
0.000000	48.000000	147.046161	4.398909	5.456133e-01	2.837807e-02	1.932140e+02	3.579860e-02	
0.000000	52.000000	159.973587	5.970405	5.752475e-01	2.772641e-02	1.911488e+02	3.863522e-02	
0.000000	56.000000	159.555997	3.327439	5.469233e-01	2.950738e-02	4.529632e+02	3.518614e-02	
0.000000	60.000000	151.629152	830.772927	6.009920e-01	3.132244e-02	4.469908e+02	4.028796e-02	
4.000000	0.000000	140.791895	4.721505	6.204628e-01	3.281975e-02	4.401313e+02	4.129189e-02	
4.000000	4.000000	140.804139	3.971416	5.686075e-01	2.887016e-02	1.933081e+02	3.873088e-02	
4.000000	8.000000	140.808304	3.402527	5.415801e-01	2.568612e-02	1.932947e+02	3.630300e-02	
4.000000	12.000000	136.204430	24.193996	6.012618e-01	2.577608e-02	1.932985e+02	4.151176e-02	
4.000000	16.000000	134.559670	3.152903	6.034611e-01	3.490407e-02	1.937678e+02	4.181913e-02	
4.000000	20.000000	134.557909	2.847527	5.536834e-01	3.168970e-02	1.941339e+02	3.636534e-02	
4.000000	24.000000	134.540639	2.120240	5.032060e-01	2.912855e-02	1.940927e+02	3.248334e-02	
4.000000	28.000000	132.959113	504.984693	5.232054e-01	3.049545e-02	1.940280e+02	3.309969e-02	
4.000000	32.000000	133.794755	332.895206	5.526678e-01	3.003350e-02	1.941253e+02	3.580351e-02	
4.000000	36.000000	134.557891	1.747067	5.725321e-01	3.026898e-02	1.942106e+02	3.773985e-02	
4.000000	40.000000	134.545431	23.025647	6.067501e-01	5.569849e-02	1.940954e+02	5.907325e-02	
4.000000	44.000000	140.801048	1.468490	5.719728e-01	3.219475e-02	1.937845e+02	3.892014e-02	
4.000000	48.000000	147.053801	1.739814	5.079904e-01	3.457840e-02	1.930345e+02	3.401856e-02	
4.000000	52.000000	162.223661	7.474012	5.688735e-01	2.776972e-02	1.911367e+02	3.797714e-02	
4.000000	56.000000	163.894396	770.681315	4.858398e+02	4.763166e+02	3.180082e+02	4.049955e+02	
4.000000	60.000000	153.306006	4.938468	5.967781e-01	2.587023e-02	4.477501e+02	4.304297e-02	
8.000000	0.000000	146.181030	5.678120	6.000640e-01	2.962029e-02	4.403221e+02	3.993156e-02	
8.000000	4.000000	140.798843	5.769906	5.255539e-01	2.915787e-02	1.931478e+02	3.370803e-02	
8.000000	8.000000	140.806549	6.127635	4.948956e-01	3.713094e-02	1.929923e+02	3.687449e-02	
8.000000	12.000000	140.804137	3.122111	5.772759e-01	3.617427e-02	1.931376e+02	3.984323e-02	
8.000000	16.000000	135.921890	4.708019	6.026513e-01	3.081872e-02	1.935659e+02	4.135380e-02	
8.000000	20.000000	134.555783	3.173970	5.518661e-01	3.066256e-02	1.939865e+02	3.698171e-02	
8.000000	24.000000	134.548662	2.690341	5.524554e-01	3.052143e-02	1.939409e+02	3.948939e-02	
8.000000	28.000000	134.583411	2.426409	6.260628e-01	3.160266e-02	1.939894e+02	4.182773e-02	
8.000000	32.000000	134.557201	2.341629	5.313759e-01	3.211071e-02	1.941172e+02	3.455855e-02	
8.000000	36.000000	134.538517	103.132702	5.279776e-01	2.924988e-02	1.940960e+02	3.817276e-02	
8.000000	40.000000	134.550758	2.171179	5.505703e-01	3.106469e-02	1.941910e+02	3.621118e-02	
8.000000	44.000000	140.806798	2.346279	5.263066e-01	2.520502e-02	1.937124e+02	3.538993e-02	
8.000000	48.000000	147.055995	2.020360	5.553697e-01	3.005071e-02	1.931489e+02	3.607027e-02	
8.000000	52.000000	164.855900	6.667074	5.504994e-01	2.587613e-02	1.912313e+02	3.673066e-02	
8.000000	56.000000	168.303549	4.062440	4.708230e+02	1.039458e+03	1.386482e+03	3.826785e+03	
8.000000	60.000000	159.552645	5.537518	5.889029e-01	2.930494e-02	4.485935e+02	4.024347e-02	
12.000000	0.000000	147.045198	5.635639	6.465353e-01	2.997089e-02	4.406495e+02	4.294186e-02	
12.000000	4.000000	141.952057	767.426989	5.781676e-01	2.916653e-02	1.929218e+02	3.881193e-02	
12.000000	8.000000	140.811261	4.099018	5.854021e-01	2.972248e-02	1.926494e+02	3.995773e-02	
12.000000	12.000000	140.804266	16.618364	5.097165e-01	3.837036e-02	1.929703e+02	4.295502e-02	
12.000000	16.000000	140.795141	2.782043	6.251274e-01	3.959393e-02	1.931783e+02	4.503634e-02	
12.000000	20.000000	135.031121	4.217860	5.889722e-01	2.550634e-02	1.937539e+02	4.165643e-02	
12.000000	24.000000	134.554138	2.554965	6.050426e-01	3.521500e-02	1.937692e+02	4.208225e-02	
12.000000	28.000000	134.550167	149.734879	5.996046e-01	4.426072e-02	1.939645e+02	4.591787e-02	
12.000000	32.000000	134.557839	30.561590	5.740975e-01	2.772522e-02	1.938432e+02	3.826815e-02	
12.000000	36.000000	134.545705	2.231590	5.070628e-01	3.474093e-02	1.940371e+02	3.394153e-02	
12.000000	40.000000	139.179020	23.902429	5.185166e-01	3.279980e-02	1.939402e+02	4.000679e-02	
12.000000	44.000000	140.792607	1.902046	5.936365e-01	2.812318e-02	1.937683e+02	3.947394e-02	
12.000000	48.000000	148.419312	3.070779	5.045727e-01	3.224528e-02	1.930863e+02	3.180703e-02	
12.000000	52.000000	165.798563	4.648589	5.443405e-01	2.445600e-02	1.914144e+02	3.748702e-02	
12.000000	56.000000	176.320304	4.850781	8.663927e+02	8.855345e+02	-2.415394e+03	3.110180e+03	
12.000000	60.000000	159.546899	6.969916	5.963287e-01	2.835042e-02	4.494328e+02	4.010828e-02	
16.000000	0.000000	153.289587	5.201057	5.533599e-01	2.849839e-02	4.411709e+02	3.607984e-02	
16.000000	4.000000	147.057243	3.947292	5.648889e-01	2.981397e-02	1.931534e+02	3.676850e-02	
16.000000	8.000000	145.410792	4.538879	4.850217e-01	3.264202e-02	1.929350e+02	2.968532e-02	
16.000000	12.000000	141.299462	4.185428	5.423716e-01	3.081630e-02	1.929970e+02	3.573786e-02	
16.000000	16.000000	140.805906	46.611201	5.851751e-01	3.093747e-02	1.932948e+02	3.993115e-02	
16.000000	20.000000	140.804266	2.641365	5.817186e-01	3.307593e-02	1.937840e+02	3.975262e-02	
16.000000	24.000000	137.433269	183.093510	6.081077e-01	3.881528e-02	1.938515e+02	4.349082e-02	
16.000000	28.000000	135.269424	3.386391	5.637966e-01	3.378717e-02	1.939062e+02	3.837938e-02	
16.000000	32.000000	134.830452	3.613255	5.991976e-01	2.790730e-02	1.938333e+02	4.227717e-02	
16.000000	36.000000	136.994540	2.870114	5.025532e-01	3.390172e-02	1.940411e+02	3.261119e-02	
16.000000	40.000000	140.832405	2.170505	5.706445e-01	2.976063e-02	1.939453e+02	3.864909e-02	
16.000000	44.000000	142.036172	64.474924	6.059696e-01	2.570785e-02	1.936988e+02	4.208089e-02	
16.000000	48.000000	152.421519	2.053199	5.036033e-01	2.970479e-02	1.930734e+02	3.299002e-02	
16.000000	52.000000	165.792893	4.397474	5.822425e-01	2.869031e-02	1.916074e+02	3.975656e-02	
16.000000	56.000000	177.578337	3.770757	3.468281e+02	2.085407e+02	4.888172e+01	2.704598e+02	
16.000000	60.000000	165.836192	5.530338	5.028169e-01	3.403638e-02	4.501004e+02	3.230418e-02	
20.000000	0.000000	153.295239	5.782129	6.160764e-01	3.227071e-02	4.422284e+02	4.083168e-02	
20.000000	4.000000	147.049044	4.301217	5.693445e-01	2.813659e-02	1.927960e+02	3.739088e-02	
20.000000	8.000000	147.045138	18.358796	5.681419e-01	2.654665e-02	1.925423e+02	3.895914e-02	
20.000000	12.000000	147.054145	3.868881	6.264484e-01	2.790759e-02	1.927675e+02	4.379550e-02	
20.000000	16.000000	142.191808	4.935204	5.089861e-01	3.042571e-02	1.929478e+02	3.168848e-02	
20.000000	20.000000	140.805510	112.282920	6.116781e-01	2.650770e-02	1.933427e+02	4.183522e-02	
20.000000	24.000000	140.808560	2.411905	5.626195e-01	2.732754e-02	1.936542e+02	3.832020e-02	
20.000000	28.000000	140.805631	2.465390	5.778514e-01	2.592951e-02	1.937125e+02	3.895345e-02	
20.000000	32.000000	140.798140	2.483541	5.657031e-01	2.673300e-02	1.935941e+02	3.874068e-02	
20.000000	36.000000	140.804259	2.208132	6.051703e-01	3.465733e-02	1.937538e+02	4.189689e-02	
20.000000	40.000000	140.801700	191.800311	5.395435e-01	3.464464e-02	1.939144e+02	4.866841e-02	
20.000000	44.000000	146.213008	1.949472	5.642501e-01	2.795205e-02	1.938461e+02	4.430558e-02	
20.000000	48.000000	153.300029	2.250292	5.691882e-01	2.847681e-02	1.932663e+02	3.765009e-02	
20.000000	52.000000	165.805383	13.908065	5.664069e-01	2.819381e-02	1.916734e+02	3.861437e-02	
20.000000	56.000000	183.254784	486.407177	5.364035e-01	2.701079e-02	1.891402e+02	3.686792e-02	
20.000000	60.000000	172.056007	6.341395	5.544812e-01	2.610469e-02	4.508249e+02	3.867321e-02	
24.000000	0.000000	159.545564	6.990951	6.211410e-01	2.826585e-02	4.434086e+02	4.211722e-02	
24.000000	4.000000	151.669683	12.753466	5.741919e-01	3.156971e-02	1.922317e+02	3.815202e-02	
24.000000	8.000000	147.535178	5.925325	5.288479e-01	2.975508e-02	1.922080e+02	3.470627e-02	
24.000000	12.000000	147.045505	7.020138	5.692794e-01	2.694122e-02	1.924735e+02	3.878366e-02	
24.000000	16.000000	147.055215	3.736963	5.820583e-01	3.041930e-02	1.929706e+02	3.925066e-02	
24.000000	20.000000	141.615325	4.082395	5.683742e-01	2.967888e-02	1.930021e+02	3.663556e-02	
24.000000	24.000000	140.795137	3.914476	5.744700e-01	3.020523e-02	1.932628e+02	3.809392e-02	
24.000000	28.000000	140.801214	6.941440	5.405438e-01	2.534025e-02	1.933395e+02	3.691973e-02	
24.000000	32.000000	140.807856	3.467350	6.234616e-01	3.341966e-02	1.934715e+02	4.296927e-02	
24.000000	36.000000	140.799376	175.470652	6.233473e-01	2.812774e-02	1.935952e+02	4.235736e-02	
24.000000	40.000000	141.332214	3.161550	6.057526e-01	3.255816e-02	1.936650e+02	4.169518e-02	
24.000000	44.000000	147.040281	3.009552	5.462071e-01	2.605714e-02	1.938154e+02	3.687403e-02	
24.000000	48.000000	153.301251	152.645610	5.324131e-01	2.960965e-02	1.930484e+02	3.480258e-02	
24.000000	52.000000	165.801890	4.114229	5.534642e-01	2.821936e-02	1.918634e+02	4.252488e-02	
24.000000	56.000000	184.545185	9.396226	5.389360e-01	2.342103e-02	1.895239e+02	3.722592e-02	
24.000000	60.000000	176.709113	579.716631	6.482677e-01	3.109180e-02	4.513659e+02	4.379670e-02	
28.000000	0.000000	165.795145	6.216291	6.246039e-01	2.675589e-02	4.443594e+02	4.316611e-02	
28.000000	4.000000	153.301254	16.581881	5.829202e-01	3.083524e-02	1.920070e+02	3.882795e-02	
28.000000	8.000000	153.306036	5.144586	5.453545e-01	3.318868e-02	1.919677e+02	4.102997e-02	
28.000000	12.000000	151.442085	22.796433	5.097272e-01	3.029332e-02	1.921111e+02	3.217796e-02	
28.000000	16.000000	147.062039	5.508333	6.097832e-01	3.217720e-02	1.926086e+02	4.193984e-02	
28.000000	20.000000	147.055490	2.618412	5.448797e-01	2.953001e-02	1.930590e+02	3.479981e-02	
28.000000	24.000000	144.861136	78.500292	5.521619e-01	2.898311e-02	1.932523e+02	3.733078e-02	
28.000000	28.000000	142.171564	92.251921	5.760068e-01	2.952514e-02	1.931523e+02	3.764108e-02	
28.000000	32.000000	141.141089	83.287423	5.303114e-01	2.908362e-02	1.930860e+02	3.384081e-02	
28.000000	36.000000	142.130816	66.824448	5.500997e-01	3.010111e-02	1.931312e+02	3.557827e-02	
28.000000	40.000000	146.177448	98.259669	6.416226e-01	3.646904e-02	1.935914e+02	4.461223e-02	
28.000000	44.000000	147.048988	3.183350	6.029866e-01	3.067064e-02	1.935469e+02	4.128548e-02	
28.000000	48.000000	153.310779	3.071322	5.483608e-01	2.946901e-02	1.930661e+02	3.743530e-02	
28.000000	52.000000	167.103706	72.051624	6.017004e-01	3.105296e-02	1.919467e+02	4.224344e-02	
28.000000	56.000000	184.550663	7.103305	6.029547e-01	2.563229e-02	1.897359e+02	4.355763e-02	
28.000000	60.000000	181.069202	8.547967	5.160265e-01	3.177996e-02	4.520036e+02	3.372243e-02	
32.000000	0.000000	172.059270	6.409068	6.050491e-01	3.048664e-02	4.455307e+02	4.093443e-02	
32.000000	4.000000	155.715540	1044.195470	5.669641e-01	2.575925e-02	1.917447e+02	3.820434e-02	
32.000000	8.000000	154.046673	98.111547	5.635408e-01	2.722158e-02	1.913591e+02	3.850013e-02	
32.000000	12.000000	153.300029	17.239734	6.595771e-01	4.188946e-02	1.917449e+02	4.768405e-02	
32.000000	16.000000	151.740924	5.196286	5.133186e-01	2.540393e-02	1.922750e+02	3.447564e-02	
32.000000	20.000000	147.038556	4.126099	5.777374e-01	3.006333e-02	1.928018e+02	3.792550e-02	
32.000000	24.000000	147.056378	0.127950	5.704284e-01	2.568699e-02	1.927955e+02	4.026864e-02	
32.000000	28.000000	147.058309	3.275400	5.746555e-01	3.020176e-02	1.929792e+02	3.819256e-02	
32.000000	32.000000	147.055440	2.854438	5.351811e-01	3.153133e-02	1.929735e+02	3.719109e-02	
32.000000	36.000000	147.051889	3.716095	5.458133e-01	2.686932e-02	1.932986e+02	3.703311e-02	
32.000000	40.000000	147.060429	69.766866	5.594864e-01	2.598158e-02	1.932752e+02	3.743825e-02	
32.000000	44.000000	151.746233	3.157084	5.488011e-01	2.483424e-02	1.934194e+02	3.774699e-02	
32.000000	48.000000	157.814913	49.814706	5.683627e-01	2.553274e-02	1.932198e+02	3.911205e-02	
32.000000	52.000000	170.392657	76.158304	5.428684e-01	2.720217e-02	1.922788e+02	3.608466e-02	
32.000000	56.000000	189.118226	9.038224	5.587951e-01	3.342352e-02	1.899949e+02	4.074906e-02	
32.000000	60.000000	188.976145	957.150777	5.511081e-01	2.462806e-02	4.525000e+02	3.796504e-02	
36.000000	0.000000	178.300022	6.593445	6.420062e-01	2.618552e-02	4.466412e+02	4.514304e-02	
36.000000	4.000000	159.552064	8.777655	5.664087e-01	2.648111e-02	1.914388e+02	3.883225e-02	
36.000000	8.000000	159.555773	7.695203	5.489650e-01	2.842826e-02	1.910990e+02	3.606602e-02	
36.000000	12.000000	157.806812	148.472994	5.605402e-01	2.572540e-02	1.915425e+02	3.849085e-02	
36.000000	16.000000	153.297317	5.717062	6.034530e-01	3.893334e-02	1.918648e+02	4.316982e-02	
36.000000	20.000000	153.296199	4.361156	5.800049e-01	2.760953e-02	1.924649e+02	3.918480e-02	
36.000000	24.000000	149.408563	184.148555	5.513361e-01	2.544621e-02	1.926088e+02	3.782319e-02	
36.000000	28.000000	147.052549	4.032122	5.558888e-01	2.668338e-02	1.928374e+02	3.995914e-02	
36.000000	32.000000	147.055442	3.925966	5.720048e-01	3.414887e-02	1.928647e+02	3.883979e-02	
36.000000	36.000000	147.055923	4.260806	6.078231e-01	3.322063e-02	1.930908e+02	4.102421e-02	
36.000000	40.000000	149.755235	6.656698	5.607238e-01	3.009853e-02	1.931892e+02	3.671013e-02	
36.000000	44.000000	153.301373	4.807895	5.233490e-01	2.620708e-02	1.932288e+02	3.469521e-02	
36.000000	48.000000	159.551935	4.539706	5.994942e-01	3.218370e-02	1.931454e+02	3.971202e-02	
36.000000	52.000000	172.049993	14.408376	5.517778e-01	2.958279e-02	1.922294e+02	3.641741e-02	
36.000000	56.000000	190.796148	6.637997	6.023711e-01	2.731607e-02	1.903751e+02	4.052332e-02	
36.000000	60.000000	197.589512	5.726509	5.414893e-01	2.748633e-02	4.532638e+02	3.594782e-02	
40.000000	0.000000	184.553791	11.815203	5.259777e-01	3.248396e-02	4.480908e+02	3.415646e-02	
40.000000	4.000000	164.976044	10.278395	5.584333e-01	3.073870e-02	1.910861e+02	3.628175e-02	
40.000000	8.000000	163.632643	27.116028	5.879356e-01	3.127638e-02	1.909365e+02	4.302900e-02	
40.000000	12.000000	160.066244	6.252694	5.223885e-01	2.470904e-02	1.913082e+02	3.582428e-02	
40.000000	16.000000	159.564891	5.197758	5.858581e-01	3.382096e-02	1.917903e+02	4.027251e-02	
40.000000	20.000000	154.586426	5.449447	5.116952e-01	3.017717e-02	1.921046e+02	3.222418e-02	
40.000000	24.000000	153.305558	36.296325	5.289519e-01	2.392197e-02	1.923607e+02	3.648212e-02	
40.000000	28.000000	153.295278	5.054800	5.639082e-01	2.600499e-02	1.924188e+02	3.787150e-02	
40.000000	32.000000	153.295618	3.833670	5.723237e-01	2.684670e-02	1.925094e+02	3.915490e-02	
40.000000	36.000000	153.303786	4.029953	5.784307e-01	2.822452e-02	1.927733e+02	3.813167e-02	
40.000000	40.000000	153.298630	35.978751	6.372797e-01	4.490228e-02	1.929060e+02	4.920725e-02	
40.000000	44.000000	155.054408	72.719543	5.194606e-01	3.323299e-02	1.929915e+02	3.545100e-02	
40.000000	48.000000	160.909971	5.457574	5.566193e-01	2.878805e-02	1.929121e+02	3.793574e-02	
40.000000	52.000000	172.529947	5.420338	5.347311e-01	2.821381e-02	1.922131e+02	3.504479e-02	
40.000000	56.000000	190.802062	10.778652	5.488011e-01	2.483453e-02	1.905806e+02	3.774728e-02	
40.000000	60.000000	204.856288	13.427266	2.443449e+01	6.397564e-01	3.243853e+02	6.640279e-01	
44.000000	0.000000	191.449131	11.222218	5.587394e-01	2.808689e-02	4.491501e+02	3.659691e-02	
44.000000	4.000000	170.445159	220.149326	6.623441e-01	3.976844e-02	1.906209e+02	4.638423e-02	
44.000000	8.000000	167.020862	85.488873	6.017091e-01	2.933037e-02	1.903040e+02	3.998534e-02	
44.000000	12.000000	165.802023	17.728674	5.255107e-01	2.304770e-02	1.905893e+02	3.629422e-02	
44.000000	16.000000	163.838968	35.029220	5.545280e-01	2.978585e-02	1.911183e+02	3.581281e-02	
44.000000	20.000000	159.555413	8.714010	5.454806e-01	2.604901e-02	1.918115e+02	3.668764e-02	
44.000000	24.000000	159.555924	4.679833	5.970131e-01	4.173752e-02	1.920709e+02	4.398526e-02	
44.000000	28.000000	157.512063	57.155795	5.566987e-01	2.834402e-02	1.922116e+02	3.648078e-02	
44.000000	32.000000	154.786575	81.976471	5.372833e-01	2.702735e-02	1.922908e+02	3.591910e-02	
44.000000	36.000000	154.773706	101.296196	5.670836e-01	2.706438e-02	1.923919e+02	3.880528e-02	
44.000000	40.000000	157.956455	127.189873	5.427566e-01	2.708412e-02	1.928606e+02	3.837676e-02	
44.000000	44.000000	159.545370	25.271144	5.412253e-01	3.979782e-02	1.929923e+02	4.687423e-02	
44.000000	48.000000	165.805343	5.305636	6.138554e-01	3.814637e-02	1.928223e+02	4.358175e-02	
44.000000	52.000000	178.305161	5.621763	5.490149e-01	3.296987e-02	1.921186e+02	3.646552e-02	
44.000000	56.000000	194.726359	1040.102756	5.253792e-01	3.395478e-02	1.910025e+02	3.729072e-02	
44.000000	60.000000	214.131841	10.251590	3.855590e+02	1.412478e+02	-9.734237e+02	8.641911e+02	
48.000000	0.000000	203.302105	7.602965	5.632452e-01	3.109582e-02	4.501108e+02	3.686162e-02	
48.000000	4.000000	177.301424	13.187506	5.972752e-01	2.884479e-02	1.898710e+02	4.003408e-02	
48.000000	8.000000	174.738314	34.183836	6.093515e-01	3.732553e-02	1.898131e+02	4.300964e-02	
48.000000	12.000000	172.054278	6.209891	6.211972e-01	3.239943e-02	1.900830e+02	4.132617e-02	
48.000000	16.000000	169.986274	237.870506	5.212527e-01	2.869642e-02	1.909036e+02	3.596775e-02	
48.000000	20.000000	165.825374	29.522967	5.699982e-01	2.593187e-02	1.912868e+02	3.817918e-02	
48.000000	24.000000	164.127293	5.490937	5.440275e-01	2.772571e-02	1.917335e+02	3.674033e-02	
48.000000	28.000000	161.007202	186.412580	5.658398e-01	3.197959e-02	1.917934e+02	3.836464e-02	
48.000000	32.000000	160.846046	5.891662	6.816369e-01	6.332511e-02	1.921093e+02	7.550571e-02	
48.000000	36.000000	160.184335	5.184962	5.304270e-01	3.136118e-02	1.921503e+02	3.440483e-02	
48.000000	40.000000	160.752775	6.015296	6.050491e-01	3.048673e-02	1.925307e+02	4.093464e-02	
48.000000	44.000000	164.954934	4.829826	6.268294e-01	3.599044e-02	1.926957e+02	4.373690e-02	
48.000000	48.000000	170.463827	58.363044	5.684067e-01	3.023684e-02	1.927418e+02	3.853656e-02	
48.000000	52.000000	179.180027	97.173210	6.017268e-01	2.966573e-02	1.921129e+02	3.949148e-02	
48.000000	56.000000	197.052207	16.309994	5.739128e-01	3.118684e-02	1.911434e+02	3.767202e-02	
48.000000	60.000000	221.171431	7.454502	1.737580e+02	1.138959e+02	1.930397e+02	1.260552e+02	
52.000000	0.000000	217.128804	11.531490	5.217948e-01	3.034694e-02	4.510236e+02	3.366404e-02	
52.000000	4.000000	185.779629	10.800429	5.551885e-01	2.569778e-02	1.893752e+02	3.744949e-02	
52.000000	8.000000	184.554483	23.150947	5.815897e-01	2.659880e-02	1.891959e+02	4.440991e-02	
52.000000	12.000000	181.666434	328.423584	5.860090e-01	2.860313e-02	1.895166e+02	3.975862e-02	
52.000000	16.000000	178.305210	32.821740	6.528728e-01	4.447649e-02	1.898504e+02	4.945825e-02	
52.000000	20.000000	173.415380	25.860486	5.767310e-01	2.553417e-02	1.907544e+02	3.957728e-02	
52.000000	24.000000	171.200299	32.838857	5.486101e-01	2.729312e-02	1.911411e+02	3.995718e-02	
52.000000	28.000000	170.449742	235.123415	5.720379e-01	2.900100e-02	1.913174e+02	3.900345e-02	
52.000000	32.000000	167.820850	69.692603	5.390641e-01	2.633453e-02	1.911814e+02	3.606527e-02	
52.000000	36.000000	167.039690	85.951076	5.878456e-01	2.984239e-02	1.916401e+02	4.014685e-02	
52.000000	40.000000	167.884706	109.039979	5.330480e-01	4.636696e-02	1.919422e+02	6.158874e-02	
52.000000	44.000000	172.049836	6.396469	5.572852e-01	2.803715e-02	1.922948e+02	3.779031e-02	
52.000000	48.000000	176.785918	4.936954	5.685620e-01	3.020013e-02	1.921969e+02	3.738432e-02	
52.000000	52.000000	184.985151	4.998016	5.312705e-01	3.637819e-02	1.920013e+02	4.080522e-02	
52.000000	56.000000	203.302920	6.298133	5.205986e-01	3.073211e-02	1.909846e+02	3.376510e-02	
52.000000	60.000000	226.551761	10.571066	5.569121e-01	3.137932e-02	1.892023e+02	3.756118e-02	
56.000000	0.000000	235.880679	162.561001	5.424541e-01	3.089462e-02	4.520459e+02	3.515267e-02	
56.000000	4.000000	228.337168	17.065450	2.288027e+01	1.274144e+00	3.214990e+02	7.617983e-01	
56.000000	8.000000	198.236722	38.114544	8.206114e+02	7.926031e+02	2.728022e+03	2.659161e+03	
56.000000	12.000000	195.437336	21.279929	3.041731e+02	9.676615e+01	-8.464683e+02	6.534538e+02	
56.000000	16.000000	191.338563	30.353725	5.541581e-01	2.833468e-02	1.888335e+02	3.616538e-02	
56.000000	20.000000	186.006988	39.772401	5.833397e-01	3.414957e-02	1.899132e+02	5.044662e-02	
56.000000	24.000000	183.388671	203.354361	5.624814e-01	2.761096e-02	1.903319e+02	3.827183e-02	
56.000000	28.000000	181.233355	123.066302	6.006002e-01	3.078341e-02	1.905777e+02	4.074780e-02	
56.000000	32.000000	179.543111	541.943014	5.786726e-01	2.939294e-02	1.906446e+02	3.941641e-02	
56.000000	36.000000	178.783709	7.225073	5.687888e-01	2.974760e-02	1.910000e+02	3.674842e-02	
56.000000	40.000000	178.305697	5.378956	5.395630e-01	2.603045e-02	1.913109e+02	3.679070e-02	
56.000000	44.000000	179.861054	110.597683	6.164732e-01	3.456616e-02	1.916945e+02	4.274694e-02	
56.000000	48.000000	185.076953	7.533127	6.124643e-01	4.076220e-02	1.918820e+02	4.477693e-02	
56.000000	52.000000	195.509473	91.601512	5.942309e-01	2.885538e-02	1.918532e+02	3.919405e-02	
56.000000	56.000000	209.545451	21.073603	4.584732e-01	3.633247e-02	1.910502e+02	2.723171e-02	
56.000000	60.000000	234.549452	19.289806	6.780822e-01	4.660666e-02	1.898025e+02	5.147103e-02	
60.000000	0.000000	259.552172	9.926160	5.309065e-01	3.058234e-02	4.529114e+02	4.073798e-02	
60.000000	4.000000	241.621939	68.765577	5.926580e-01	2.754328e-02	4.523916e+02	3.978495e-02	
60.000000	8.000000	237.761688	938.104373	5.744162e-01	2.554735e-02	4.522247e+02	3.999116e-02	
60.000000	12.000000	232.643713	73.174654	6.023711e-01	2.731738e-02	4.526249e+02	4.052528e-02	
60.000000	16.000000	224.665388	781.466757	3.133121e+02	1.551795e+02	-7.749476e+02	1.010224e+03	
60.000000	20.000000	221.943516	38.922108	3.554548e+02	7.535325e+01	-9.963950e+02	4.360939e+02	
60.000000	24.000000	217.206581	612.898804	6.131452e-01	2.784787e-02	1.887634e+02	4.148017e-02	
60.000000	28.000000	213.888946	66.903278	5.446883e-01	3.289993e-02	1.891530e+02	3.637761e-02	
60.000000	32.000000	210.530987	54.521100	6.397215e-01	3.443232e-02	1.894715e+02	4.327086e-02	
60.000000	36.000000	207.643951	836.521278	6.036380e-01	3.059059e-02	1.897565e+02	3.988873e-02	
60.000000	40.000000	204.703694	644.717906	5.420951e-01	3.033532e-02	1.901180e+02	3.491077e-02	
60.000000	44.000000	204.530256	11.662437	5.649950e-01	2.651234e-02	1.905314e+02	3.854774e-02	
60.000000	48.000000	207.759179	432.319966	5.081097e-01	2.807008e-02	1.908630e+02	3.289863e-02	
60.000000	52.000000	215.802042	25.031301	5.583519e-01	2.538244e-02	1.905095e+02	3.837943e-02	
60.000000	56.000000	227.313600	48.936705	5.465914e-01	3.063031e-02	1.901990e+02	3.658736e-02	
60.000000	60.000000	251.132643	40.590810	6.030786e-01	2.707035e-02	1.893616e+02	4.072558e-02	
60.000000	60.000000	283.823155	25.803966	5.397258e-01	2.490431e-02	4.534215e+02	3.890203e-02	
