0.000000	4.000000	180.527965	119.062826	5.452509e-01	3.182910e-02	1.810928e+02	3.671577e-02	
0.000000	8.000000	167.704501	1066.355811	4.626761e+02	1.039440e+02	1.905621e+03	7.210677e+02	
0.000000	12.000000	164.724132	149.095606	8.403876e+02	7.465728e+02	1.448264e+03	1.292417e+03	
0.000000	16.000000	163.939882	23.328593	5.201054e-01	3.163625e-02	1.810051e+02	3.438941e-02	
0.000000	20.000000	164.559815	93.760903	2.927207e+02	4.987504e+01	-8.445846e+02	2.590864e+02	
0.000000	24.000000	160.713095	5.001517	6.462899e-01	3.309298e-02	1.814199e+02	4.359366e-02	
0.000000	28.000000	160.370449	5.003197	5.963119e-01	2.609013e-02	1.816867e+02	4.054553e-02	
0.000000	32.000000	160.791241	5.278429	5.708391e-01	2.838131e-02	1.817751e+02	3.763838e-02	
0.000000	36.000000	163.356068	67.810028	5.311777e-01	3.769656e-02	1.820565e+02	3.887205e-02	
0.000000	40.000000	165.800024	44.428744	5.809961e-01	2.760593e-02	1.821555e+02	3.925247e-02	
0.000000	44.000000	170.246738	844.075625	5.882082e-01	2.948031e-02	1.823920e+02	3.948586e-02	
0.000000	48.000000	178.298483	3.761900	5.424541e-01	3.089464e-02	1.820459e+02	3.515263e-02	
0.000000	52.000000	190.242727	4.512248	3.757819e+02	1.100100e+02	-1.194977e+03	7.089514e+02	
0.000000	56.000000	202.470322	109.480046	5.886360e-01	2.795599e-02	4.455675e+02	3.961462e-02	
0.000000	60.000000	209.549529	7.453241	6.293599e-01	2.813348e-02	4.427478e+02	4.346161e-02	
4.000000	0.000000	197.045608	10.080608	6.192289e-01	3.416372e-02	4.378794e+02	4.195611e-02	
4.000000	4.000000	170.330689	2.932414	4.572905e-01	3.528359e-02	1.808761e+02	3.134717e-02	
4.000000	8.000000	176.585496	23.125190	2.099848e+01	5.553198e-01	3.108124e+02	9.725528e-01	
4.000000	12.000000	171.641358	306.653517	5.474158e+00	8.290887e+02	3.095838e+02	1.414214e+00	
4.000000	16.000000	164.379719	6.128404	1.607321e+00	5.696719e+02	1.834651e+02	4.194754e+02	
4.000000	20.000000	164.929886	11.045546	5.356652e-01	2.969037e-02	1.810695e+02	3.526357e-02	
4.000000	24.000000	169.879389	6.025387	3.446937e+02	2.646177e+02	-7.379916e+02	1.650412e+02	
4.000000	28.000000	163.660545	5.240767	5.992153e-01	2.829570e-02	1.814189e+02	4.036162e-02	
4.000000	32.000000	164.210321	4.872412	6.075953e-01	3.155382e-02	1.815845e+02	4.165336e-02	
4.000000	36.000000	164.925315	4.866250	5.183111e-01	3.002360e-02	1.819231e+02	3.685654e-02	
4.000000	40.000000	165.789973	3.642834	5.773788e-01	3.396296e-02	1.821247e+02	3.920629e-02	
4.000000	44.000000	172.044335	4.577557	5.785072e-01	2.809884e-02	1.824108e+02	3.959838e-02	
4.000000	48.000000	178.307454	6.260773	5.824846e-01	2.831456e-02	1.818702e+02	4.114260e-02	
4.000000	52.000000	189.592817	4.796638	1.669588e+01	3.358275e+02	2.261325e+02	2.979508e+00	
4.000000	56.000000	202.135878	10.257762	2.633649e+00	1.303473e+02	4.403994e+02	8.659006e+01	
4.000000	60.000000	214.791459	13.146233	5.108233e-01	3.386444e-02	4.430821e+02	3.312483e-02	
8.000000	0.000000	203.305886	10.905975	6.614297e-01	3.242600e-02	4.383512e+02	4.363963e-02	
8.000000	4.000000	173.507406	43.794117	4.448909e-01	3.254158e-02	1.808366e+02	3.330732e-02	
8.000000	8.000000	169.733421	10.691398	2.824293e+01	6.862833e+00	3.092408e+02	2.284012e+00	
8.000000	12.000000	169.846556	40.745232	2.170592e+01	6.050181e-01	3.084645e+02	7.589977e-01	
8.000000	16.000000	172.822319	119.898738	2.038386e+01	3.648632e-01	3.085438e+02	8.005490e-01	
8.000000	20.000000	164.351332	7.035382	7.743915e-01	4.397282e+02	1.808379e+02	5.664149e+00	
8.000000	24.000000	165.077385	88.066574	1.595738e+01	3.851915e+02	2.157518e+02	5.990351e+03	
8.000000	28.000000	164.772195	6.684136	5.501368e-01	2.649664e-02	1.811711e+02	3.827082e-02	
8.000000	32.000000	165.091825	4.255131	5.609315e-01	2.819105e-02	1.811758e+02	3.674818e-02	
8.000000	36.000000	165.789982	95.996468	5.804955e-01	2.708284e-02	1.813861e+02	3.897423e-02	
8.000000	40.000000	167.060188	70.923096	5.952079e-01	3.135855e-02	1.816634e+02	3.990314e-02	
8.000000	44.000000	172.112101	5.711123	5.694130e-01	3.176327e-02	1.817797e+02	3.868309e-02	
8.000000	48.000000	178.353033	4.291016	5.845806e-01	2.999871e-02	1.816398e+02	3.982296e-02	
8.000000	52.000000	190.062500	185.440919	5.427398e-01	2.756013e-02	1.812699e+02	3.675300e-02	
8.000000	56.000000	203.730597	8.291403	1.744913e+02	1.733219e+02	7.667587e+02	1.357307e+02	
8.000000	60.000000	216.461796	13.661218	5.766808e-01	2.573629e-02	4.432704e+02	3.903164e-02	
12.000000	0.000000	207.959183	10.155322	5.972767e-01	2.882730e-02	4.391223e+02	4.022563e-02	
12.000000	4.000000	174.843307	18.097340	5.813527e+02	3.065053e+02	-1.708283e+03	2.021552e+03	
12.000000	8.000000	174.503631	14.738674	8.624113e+02	4.588932e+02	-2.376430e+03	2.882771e+03	
12.000000	12.000000	170.802963	23.542315	7.207604e+02	8.955674e+02	2.191245e+03	3.537854e+03	
12.000000	16.000000	170.816422	43.084838	2.573070e+01	1.072377e+00	3.063827e+02	1.186042e+00	
12.000000	20.000000	170.295326	897.974710	1.991108e+01	3.324226e-01	3.096267e+02	7.470875e-01	
12.000000	24.000000	165.735149	433.106886	5.148177e+02	4.486418e+02	-2.100933e+02	7.254934e+02	
12.000000	28.000000	164.235221	5.626417	3.709509e+02	8.711199e+01	-1.164886e+03	5.559461e+02	
12.000000	32.000000	165.005073	5.000241	3.455473e+01	2.184767e+02	2.635866e+02	2.553258e+02	
12.000000	36.000000	167.188016	391.952805	6.149018e-01	3.233157e-02	1.815612e+02	4.221225e-02	
12.000000	40.000000	170.334234	574.735071	5.756920e-01	3.012673e-02	1.822027e+02	3.781728e-02	
12.000000	44.000000	172.692830	5.040139	5.475144e-01	2.541527e-02	1.823467e+02	3.687899e-02	
12.000000	48.000000	179.464081	132.551658	6.135972e-01	3.273633e-02	1.818774e+02	4.089357e-02	
12.000000	52.000000	190.806560	5.189178	5.439649e-01	2.417940e-02	1.814381e+02	3.751910e-02	
12.000000	56.000000	203.800773	7.490381	9.507450e+00	1.258560e+02	4.297905e+02	2.564149e+02	
12.000000	60.000000	222.055803	15.744842	6.359246e-01	2.933406e-02	4.436874e+02	4.287354e-02	
16.000000	0.000000	210.842367	897.498139	6.747949e-01	4.185162e-02	4.396086e+02	4.772758e-02	
16.000000	4.000000	173.606288	256.447142	3.408414e+01	5.674327e+00	3.107672e+02	1.485274e+00	
16.000000	8.000000	173.216107	21.100141	2.176913e+01	1.039271e+00	3.151617e+02	1.003694e+00	
16.000000	12.000000	173.324033	12.561356	2.441933e+01	8.182153e-01	3.132156e+02	9.315441e-01	
16.000000	16.000000	168.207594	29.914257	2.695571e+01	9.067100e-01	3.135431e+02	1.270272e+00	
16.000000	20.000000	170.143712	40.616834	1.168358e+03	8.338502e+02	1.654750e+02	3.273680e+03	
16.000000	24.000000	172.684485	98.408909	2.434698e+01	8.414200e-01	3.167403e+02	8.200485e-01	
16.000000	28.000000	169.607312	112.448902	6.764540e+00	7.030634e+02	1.942375e+02	4.859136e+02	
16.000000	32.000000	170.974513	189.548130	5.668438e-01	2.691086e-02	1.812930e+02	3.888213e-02	
16.000000	36.000000	170.365172	541.154599	3.002204e+02	2.411636e+02	-2.809297e+02	2.890940e+02	
16.000000	40.000000	171.160557	98.990090	5.422056e-01	2.501724e-02	1.818745e+02	3.820338e-02	
16.000000	44.000000	176.657647	28.367913	5.911153e-01	2.881433e-02	1.821131e+02	3.957011e-02	
16.000000	48.000000	182.879161	125.300833	5.577265e-01	4.234242e-02	1.820609e+02	4.602196e-02	
16.000000	52.000000	191.168216	583.723992	2.817639e+02	3.998949e+01	-7.388174e+02	2.179075e+02	
16.000000	56.000000	204.566242	18.847785	6.550326e+02	5.753836e+02	5.011258e+02	5.172957e+02	
16.000000	60.000000	222.631809	456.494596	5.660934e-01	2.733052e-02	4.441344e+02	3.723426e-02	
20.000000	0.000000	216.515765	14.502983	5.888592e-01	2.849614e-02	4.405163e+02	3.976950e-02	
20.000000	4.000000	179.337434	479.454153	2.528082e+01	9.859647e-01	3.123546e+02	6.828670e-01	
20.000000	8.000000	176.771026	914.117730	3.174647e+02	4.592587e+01	1.550255e+03	3.352531e+02	
20.000000	12.000000	168.068525	535.100042	6.124366e+00	3.830590e+02	4.373505e+02	1.299937e+03	
20.000000	16.000000	173.440964	21.887686	8.515925e+02	8.313891e+02	2.648911e+03	1.091869e+03	
20.000000	20.000000	168.484663	37.335381	1.489769e+00	1.074550e+03	4.457488e+02	2.090563e+00	
20.000000	24.000000	170.294615	9.167575	3.104784e+02	5.619511e+01	-8.991308e+02	3.744437e+02	
20.000000	28.000000	170.354209	41.049545	2.080179e+01	3.425713e-01	3.111613e+02	7.905811e-01	
20.000000	32.000000	170.368889	238.940866	7.458937e+02	6.243451e+02	5.183674e+02	8.118156e+02	
20.000000	36.000000	171.173368	7.134193	4.745856e+02	1.052385e+02	-1.387801e+03	6.946495e+02	
20.000000	40.000000	173.330662	6.157218	5.949213e-01	2.965230e-02	1.815047e+02	4.086979e-02	
20.000000	44.000000	178.305709	6.187534	6.280337e-01	3.825964e-02	1.817734e+02	4.460231e-02	
20.000000	48.000000	183.833018	6.625216	5.744565e-01	2.968035e-02	1.819015e+02	4.223104e-02	
20.000000	52.000000	198.293674	79.648216	3.038197e+02	6.438603e+01	-8.629261e+02	3.934651e+02	
20.000000	56.000000	204.678686	8.552909	6.816731e+02	1.905970e+02	-1.683512e+03	1.209887e+03	
20.000000	60.000000	226.557773	14.923993	5.959571e-01	2.935880e-02	4.441754e+02	3.924457e-02	
24.000000	0.000000	222.618947	21.344321	6.360219e-01	3.353039e-02	4.411641e+02	4.228539e-02	
24.000000	4.000000	178.715840	29.493319	5.899331e+02	4.434988e+02	-1.236021e+03	6.096012e+02	
24.000000	8.000000	178.671071	27.941956	3.001268e+02	1.638898e+02	4.021112e+02	2.254742e+02	
24.000000	12.000000	178.703516	22.186988	2.864820e+02	5.005137e+01	1.421729e+03	3.235749e+02	
24.000000	16.000000	171.713292	936.746939	5.704685e-01	2.980348e-02	4.458994e+02	4.096756e-02	
24.000000	20.000000	173.946260	21.833527	1.429249e+01	8.851266e+02	-9.136918e+01	1.414214e+00	
24.000000	24.000000	174.958983	38.517675	1.875538e+01	2.928276e-01	3.124968e+02	4.071490e-01	
24.000000	28.000000	172.514010	38.064507	1.932252e+01	2.810394e-01	3.116363e+02	4.270470e-01	
24.000000	32.000000	172.549926	9.382020	9.738494e+02	9.252541e+02	1.686987e+03	8.927966e+02	
24.000000	36.000000	175.479481	128.904008	3.281564e+02	7.025805e+01	-1.017006e+03	4.668217e+02	
24.000000	40.000000	177.088581	6.413332	6.038375e-01	3.102106e-02	1.815797e+02	4.135930e-02	
24.000000	44.000000	179.597148	7.105572	6.076171e-01	2.794370e-02	1.817658e+02	4.090549e-02	
24.000000	48.000000	185.052399	5.721047	5.661388e-01	2.999176e-02	1.819898e+02	3.705586e-02	
24.000000	52.000000	196.122718	6.367606	5.586400e-01	2.739846e-02	1.816510e+02	3.882870e-02	
24.000000	56.000000	203.397768	9.239101	2.163105e+01	3.233758e-01	3.168820e+02	5.293680e-01	
24.000000	60.000000	228.295213	9.051659	5.626195e-01	2.732765e-02	4.446542e+02	3.832019e-02	
28.000000	0.000000	230.418916	12.484679	5.859358e-01	2.969633e-02	4.418209e+02	3.847172e-02	
28.000000	4.000000	185.654334	29.729736	6.573714e-01	3.956433e-02	4.456850e+02	4.643522e-02	
28.000000	8.000000	183.511710	21.690388	5.875947e-01	2.881639e-02	4.454531e+02	4.025490e-02	
28.000000	12.000000	181.150161	39.291251	6.172613e-01	3.330378e-02	4.453816e+02	4.257263e-02	
28.000000	16.000000	179.129405	34.997850	6.545888e-01	3.814198e-02	4.454707e+02	4.577156e-02	
28.000000	20.000000	175.092766	1044.466720	5.180266e-01	2.942086e-02	4.458999e+02	3.565206e-02	
28.000000	24.000000	173.661220	36.195686	5.100932e+02	7.309203e+02	3.359009e+02	3.263719e-01	
28.000000	28.000000	175.023054	9.776656	2.068493e+01	3.889773e-01	3.099474e+02	6.858453e-01	
28.000000	32.000000	176.406901	8.823889	1.940318e+01	3.244995e-01	3.109915e+02	5.179758e-01	
28.000000	36.000000	177.052423	40.237701	6.059324e+02	3.667364e+02	1.349095e+03	1.446715e+03	
28.000000	40.000000	177.089683	6.239870	5.840422e-01	2.577648e-02	1.812520e+02	4.073165e-02	
28.000000	44.000000	189.129859	132.881214	3.845113e+00	1.856991e+02	1.851820e+02	4.351077e+01	
28.000000	48.000000	189.104205	6.076161	1.503352e+00	9.983572e+01	1.825461e+02	1.283707e+00	
28.000000	52.000000	196.136895	6.330374	3.223346e+00	3.442075e+02	1.854315e+02	6.729668e+01	
28.000000	56.000000	211.521159	14.589958	3.096442e+01	1.879033e+00	3.110668e+02	6.964052e-01	
28.000000	60.000000	228.300224	15.545979	5.796219e-01	2.919831e-02	4.448604e+02	3.790567e-02	
32.000000	0.000000	238.983869	15.590132	5.323527e-01	3.675620e-02	4.420514e+02	3.844781e-02	
32.000000	4.000000	189.845290	149.376178	5.483745e-01	3.042150e-02	4.452178e+02	3.623866e-02	
32.000000	8.000000	188.781621	931.548393	4.750581e-01	3.762156e-02	4.450272e+02	3.105197e-02	
32.000000	12.000000	185.848320	428.502640	5.170379e-01	3.297211e-02	4.450653e+02	3.354968e-02	
32.000000	16.000000	182.825750	18.428601	5.723721e-01	3.018046e-02	4.452488e+02	3.787419e-02	
32.000000	20.000000	179.206051	32.981222	6.077648e-01	3.001157e-02	4.454839e+02	4.117552e-02	
32.000000	24.000000	177.963734	555.274146	6.341193e+02	3.171795e+02	-1.141484e+02	1.120825e+03	
32.000000	28.000000	176.166746	1019.599499	6.417708e+02	2.689390e+02	2.553658e+03	1.872445e+03	
32.000000	32.000000	176.396148	973.984020	2.355886e+01	5.500539e-01	3.123563e+02	5.417595e-01	
32.000000	36.000000	179.018990	1015.900785	3.583310e+02	8.213612e+01	8.484021e+02	1.525314e+02	
32.000000	40.000000	191.119011	764.588767	5.383819e+02	1.259022e+02	-1.542965e+03	7.112699e+02	
32.000000	44.000000	185.207769	6.834725	5.893831e-01	2.628994e-02	1.816851e+02	3.988586e-02	
32.000000	48.000000	189.975139	58.748038	5.857798e-01	2.725087e-02	1.816327e+02	3.952961e-02	
32.000000	52.000000	201.022450	130.426445	2.951084e+02	6.453478e+01	-8.186248e+02	4.351913e+02	
32.000000	56.000000	212.855463	7.617448	4.811067e+02	9.013870e+02	-7.167350e+02	3.460567e+03	
32.000000	60.000000	229.648670	15.675018	6.752995e-01	3.823156e-02	4.450482e+02	4.821712e-02	
36.000000	0.000000	247.055382	8.741023	5.594448e-01	2.596248e-02	4.424151e+02	3.836491e-02	
36.000000	4.000000	195.557995	18.744126	6.162181e-01	3.036561e-02	4.449108e+02	4.266017e-02	
36.000000	8.000000	193.733355	47.557308	5.843799e-01	2.550316e-02	4.447346e+02	4.001880e-02	
36.000000	12.000000	191.586159	39.720239	6.119264e-01	2.958869e-02	4.447972e+02	4.054554e-02	
36.000000	16.000000	188.476360	989.684264	6.321854e-01	3.132242e-02	4.449434e+02	4.246397e-02	
36.000000	20.000000	183.504733	36.465031	5.635221e-01	2.794685e-02	4.453256e+02	3.774136e-02	
36.000000	24.000000	181.349839	52.838981	1.744972e+02	1.661754e+02	7.529339e+02	1.494217e+02	
36.000000	28.000000	179.561363	47.772480	3.786533e+00	3.317300e+02	4.377740e+02	1.865327e+03	
36.000000	32.000000	179.634607	39.825730	2.035910e+01	4.440396e-01	3.128490e+02	6.541410e-01	
36.000000	36.000000	181.924349	62.510873	1.248624e+03	1.089063e+03	-2.432403e+03	4.475093e+03	
36.000000	40.000000	183.263992	9.782032	1.031783e+03	5.170350e+02	-3.608678e+02	9.165316e+02	
36.000000	44.000000	189.048980	7.369804	2.669462e+02	2.553597e+01	-6.902366e+02	2.058231e+02	
36.000000	48.000000	194.105464	1040.105973	3.111441e+00	1.388723e+02	1.747202e+02	2.533627e+02	
36.000000	52.000000	202.068228	7.346911	3.862566e+02	2.073264e+02	1.027048e+02	2.861083e+02	
36.000000	56.000000	213.996723	8.883503	2.778316e+01	2.992713e+00	3.171042e+02	1.233166e+00	
36.000000	60.000000	233.057996	15.905886	6.633625e-01	2.916684e-02	4.457168e+02	4.876421e-02	
40.000000	0.000000	254.178492	22.317053	5.596919e-01	2.990528e-02	4.431386e+02	3.639083e-02	
40.000000	4.000000	201.561573	30.477400	6.544972e-01	3.710112e-02	4.443731e+02	4.401781e-02	
40.000000	8.000000	201.424599	878.329769	5.536460e-01	3.295143e-02	4.441397e+02	3.687151e-02	
40.000000	12.000000	198.351119	182.965645	5.617720e-01	3.046273e-02	4.441914e+02	3.691517e-02	
40.000000	16.000000	195.226145	34.699147	6.131761e-01	3.302993e-02	4.443629e+02	4.226713e-02	
40.000000	20.000000	190.060052	30.859018	6.087318e-01	2.584674e-02	4.447199e+02	4.348370e-02	
40.000000	24.000000	186.003277	864.361677	5.888603e-01	3.156628e-02	4.451837e+02	3.888363e-02	
40.000000	28.000000	185.876395	111.711199	3.007001e+02	1.618811e+02	4.009720e+02	2.262545e+02	
40.000000	32.000000	185.428465	8.307857	4.228107e+02	1.085541e+02	1.909077e+03	6.956849e+02	
40.000000	36.000000	185.639717	8.711960	2.110417e+01	5.032803e-01	3.136138e+02	6.221299e-01	
40.000000	40.000000	188.695592	43.810827	3.615927e+02	2.477895e+02	1.442017e+03	1.615381e+03	
40.000000	44.000000	190.984872	600.348215	4.585475e+02	1.354416e+02	-1.386900e+03	9.345114e+02	
40.000000	48.000000	196.307623	89.270371	5.858760e-01	2.895028e-02	1.815480e+02	4.057801e-02	
40.000000	52.000000	205.654336	1027.496708	2.680647e+02	6.312005e+01	-6.291026e+02	3.970264e+02	
40.000000	56.000000	226.635922	156.789990	6.879529e+02	1.593540e+02	-1.913279e+03	1.100673e+03	
40.000000	60.000000	235.187264	26.301015	2.246176e+00	2.401514e+02	4.458105e+02	1.632992e-01	
44.000000	0.000000	261.298090	1023.937361	5.634798e-01	2.818223e-02	4.438053e+02	3.691033e-02	
44.000000	4.000000	210.924934	816.955956	5.742342e-01	3.446194e-02	4.440778e+02	3.998126e-02	
44.000000	8.000000	210.332995	33.651710	6.071201e-01	2.884156e-02	4.438430e+02	4.056801e-02	
44.000000	12.000000	207.272409	63.601752	5.471909e-01	5.787666e-02	4.439259e+02	8.410049e-02	
44.000000	16.000000	201.545646	40.746368	5.957769e-01	3.049574e-02	4.441413e+02	3.908893e-02	
44.000000	20.000000	197.443344	28.240257	6.413867e-01	3.611110e-02	4.445481e+02	4.449114e-02	
44.000000	24.000000	194.149670	54.762737	6.702700e-01	5.128438e-02	4.449461e+02	5.666182e-02	
44.000000	28.000000	192.121501	46.056498	5.958608e-01	3.068858e-02	4.452424e+02	3.946328e-02	
44.000000	32.000000	189.909966	8.195950	5.955890e-01	2.979624e-02	4.453166e+02	4.236930e-02	
44.000000	36.000000	190.898954	9.264506	4.055035e+02	3.026230e+02	1.694301e+03	6.024249e+02	
44.000000	40.000000	193.076285	8.728391	2.118376e+01	4.958205e-01	3.103940e+02	7.775442e-01	
44.000000	44.000000	194.872546	44.136770	9.758305e+02	9.928380e+02	-2.367187e+03	7.578494e+03	
44.000000	48.000000	201.709113	5.611187	4.535652e+02	1.408985e+02	-1.385956e+03	9.695765e+02	
44.000000	52.000000	208.681688	36.120565	3.126369e+02	7.126270e+01	-8.641733e+02	4.146825e+02	
44.000000	56.000000	219.625478	7.916305	1.215291e+03	6.160199e+02	-2.219659e+03	2.204232e+03	
44.000000	60.000000	236.571252	1048.750736	5.412391e+02	5.375885e+02	1.744915e+03	4.414738e+02	
48.000000	0.000000	266.402194	16.890578	5.526625e-01	2.593130e-02	4.441934e+02	3.762628e-02	
48.000000	4.000000	224.134711	918.419928	6.146469e-01	2.695690e-02	4.433650e+02	4.175387e-02	
48.000000	8.000000	222.333842	47.864895	5.608515e-01	2.860455e-02	4.433330e+02	3.771880e-02	
48.000000	12.000000	218.750000	58.042673	6.345182e-01	3.224734e-02	4.434007e+02	4.264981e-02	
48.000000	16.000000	213.733392	798.552373	6.385313e-01	3.621518e-02	4.433896e+02	4.440055e-02	
48.000000	20.000000	207.968550	44.566516	5.437479e-01	3.307143e-02	4.440962e+02	3.614105e-02	
48.000000	24.000000	203.923492	52.095123	5.356732e-01	2.458305e-02	4.443821e+02	3.654339e-02	
48.000000	28.000000	200.831085	961.626735	5.824846e-01	2.831630e-02	4.448702e+02	4.114508e-02	
48.000000	32.000000	197.892280	665.580117	6.514753e-01	3.263992e-02	4.451983e+02	4.315789e-02	
48.000000	36.000000	197.866111	35.485616	6.062456e-01	3.291065e-02	4.456792e+02	4.177020e-02	
48.000000	40.000000	197.964850	37.968921	4.885536e+02	5.641392e+02	1.565836e+03	3.888624e+03	
48.000000	44.000000	200.000063	35.803482	1.847403e+01	2.453541e-01	3.133997e+02	4.331865e-01	
48.000000	48.000000	207.836697	299.619801	8.511095e+01	5.583110e+02	1.011748e+04	1.414214e+00	
48.000000	52.000000	214.548770	8.543275	2.337906e+01	8.862437e-01	3.150974e+02	7.136488e-01	
48.000000	56.000000	225.856070	16.233051	1.280853e+03	1.195232e+03	1.152955e+03	3.070518e+03	
48.000000	60.000000	242.050664	35.200749	5.197839e-01	3.215719e-02	4.461588e+02	3.531724e-02	
52.000000	0.000000	272.055626	20.540946	6.287412e-01	3.412700e-02	4.444952e+02	4.339277e-02	
52.000000	4.000000	245.229090	131.836599	6.789759e-01	3.127419e-02	4.426215e+02	4.738793e-02	
52.000000	8.000000	243.125953	88.933244	6.310201e-01	2.830996e-02	4.425527e+02	4.191458e-02	
52.000000	12.000000	238.316988	869.084254	6.114314e-01	3.228290e-02	4.425992e+02	4.206191e-02	
52.000000	16.000000	232.578925	101.081893	6.291257e-01	3.615435e-02	4.431328e+02	4.349526e-02	
52.000000	20.000000	224.869242	917.514963	6.458136e-01	3.145029e-02	4.434975e+02	4.418208e-02	
52.000000	24.000000	219.255460	83.085851	5.896921e-01	3.040148e-02	4.439575e+02	4.007153e-02	
52.000000	28.000000	214.501429	161.076596	6.198432e-01	3.172804e-02	4.444070e+02	4.120325e-02	
52.000000	32.000000	211.298027	919.408075	6.639529e-01	4.114328e-02	4.446812e+02	4.727731e-02	
52.000000	36.000000	209.267057	76.978157	5.818467e-01	3.178598e-02	4.451981e+02	3.853289e-02	
52.000000	40.000000	207.909025	35.641493	6.315633e-01	3.016387e-02	4.456622e+02	4.229029e-02	
52.000000	44.000000	210.368994	28.110535	3.478491e+02	3.003964e+02	-4.390820e+02	1.311708e+03	
52.000000	48.000000	213.129913	24.233874	2.226551e+01	5.141521e-01	3.174837e+02	7.857229e-01	
52.000000	52.000000	220.710773	7.623537	1.110274e+03	5.551638e+02	1.571511e+03	1.267470e+03	
52.000000	56.000000	231.852222	54.431754	1.281354e+03	1.244657e+03	1.063261e+03	3.406415e+03	
52.000000	60.000000	247.910735	32.187186	5.884467e+02	3.099847e+02	-1.640271e+03	2.267846e+03	
56.000000	0.000000	276.709113	288.436508	6.185106e-01	3.072593e-02	4.449483e+02	4.074760e-02	
56.000000	4.000000	299.265654	808.497662	5.857160e-01	3.144183e-02	4.421686e+02	3.867435e-02	
56.000000	8.000000	294.945913	278.072826	5.819751e-01	3.656045e-02	4.421718e+02	4.057614e-02	
56.000000	12.000000	288.150522	850.935120	5.701189e-01	2.998973e-02	4.422713e+02	3.793697e-02	
56.000000	16.000000	277.664102	204.409908	5.813438e-01	2.794354e-02	4.425094e+02	3.983369e-02	
56.000000	20.000000	265.157462	520.637843	5.668799e-01	3.001672e-02	4.429770e+02	3.671991e-02	
56.000000	24.000000	254.557966	141.882624	6.195257e-01	3.282647e-02	4.435047e+02	4.264696e-02	
56.000000	28.000000	245.990670	142.359831	6.086051e-01	3.404031e-02	4.440450e+02	4.262167e-02	
56.000000	32.000000	239.426562	759.718854	5.701189e-01	2.998973e-02	4.442713e+02	3.793697e-02	
56.000000	36.000000	233.623397	164.755445	6.201350e-01	3.300238e-02	4.447439e+02	4.125477e-02	
56.000000	40.000000	228.533825	124.537230	6.055743e-01	3.246549e-02	4.451572e+02	4.023929e-02	
56.000000	44.000000	225.578985	918.315109	5.966188e-01	3.009854e-02	4.458153e+02	3.979690e-02	
56.000000	48.000000	226.864560	904.785467	1.039708e+03	1.031405e+03	-2.413512e+03	1.974383e+03	
56.000000	52.000000	230.604019	58.901153	9.892876e+02	9.454293e+02	-3.066875e+02	2.094131e+03	
56.000000	56.000000	242.733668	137.210201	2.455476e+01	5.475787e-01	3.125873e+02	4.178354e-01	
56.000000	60.000000	258.760648	28.142933	5.705659e-01	3.142124e-02	4.463137e+02	3.977664e-02	
60.000000	0.000000	285.431806	32.152971	5.621081e-01	3.007687e-02	4.452567e+02	3.811235e-02	
60.000000	4.000000	673.697457	314.071055	5.975417e-01	3.065601e-02	4.436170e+02	4.088834e-02	
60.000000	8.000000	644.263074	417.333660	6.116193e-01	3.260979e-02	4.433772e+02	4.211028e-02	
60.000000	12.000000	612.440771	365.739780	6.139467e-01	2.923487e-02	4.435570e+02	4.145665e-02	
60.000000	16.000000	561.472713	352.366970	5.493323e-01	2.889324e-02	4.439213e+02	3.685781e-02	
60.000000	20.000000	507.257750	767.130459	6.090694e-01	3.276714e-02	4.445825e+02	4.151219e-02	
60.000000	24.000000	452.202456	283.983494	5.430020e-01	2.594539e-02	4.453423e+02	3.731663e-02	
60.000000	28.000000	413.066330	456.863178	2.226667e+01	3.375445e-01	3.141683e+02	7.029631e-01	
60.000000	32.000000	378.726340	728.566491	6.284758e+02	2.249959e+02	2.490851e+03	1.427225e+03	
60.000000	36.000000	345.437634	746.499480	2.054983e+01	4.064071e-01	3.134063e+02	5.129977e-01	
60.000000	40.000000	313.362698	245.008869	5.989672e-01	3.093624e-02	4.458096e+02	5.438358e-02	
60.000000	44.000000	288.181890	787.976743	4.064615e+00	2.314379e+02	4.355315e+02	1.607341e+03	
60.000000	48.000000	273.251667	763.173628	8.570143e-01	2.600161e+02	4.457162e+02	5.349354e+00	
60.000000	52.000000	267.980626	105.464845	3.126123e+00	3.126961e+02	4.403512e+02	5.881138e+01	
60.000000	56.000000	270.789030	84.507099	1.168181e+00	2.282167e+02	4.456684e+02	1.075116e+00	
60.000000	60.000000	283.156498	72.632829	5.081097e-01	2.807014e-02	4.458630e+02	3.289846e-02	
0.000000	0.000000	307.993097	64.760718	5.665053e-01	3.304398e-02	4.451836e+02	3.846087e-02	
