0.000000	4.000000	149.436867	1104.200365	6.448975e-01	3.126921e-02	4.562805e+02	4.314427e-02	
0.000000	8.000000	147.570114	94.971266	5.826278e-01	2.993000e-02	4.561879e+02	3.828096e-02	
0.000000	12.000000	147.057250	9.282011	6.200948e-01	3.195111e-02	4.562975e+02	4.131312e-02	
0.000000	16.000000	147.042634	12.399173	5.884235e-01	2.623067e-02	4.563155e+02	3.970735e-02	
0.000000	20.000000	147.046059	5.895004	6.308682e-01	2.867694e-02	4.565221e+02	4.179230e-02	
0.000000	24.000000	143.273877	22.473407	5.988917e-01	3.040418e-02	4.569189e+02	3.916944e-02	
0.000000	28.000000	141.320114	6.273824	6.041084e-01	3.057358e-02	4.569871e+02	3.957091e-02	
0.000000	32.000000	141.174292	5.972173	5.192515e-01	2.834684e-02	4.571935e+02	3.378550e-02	
0.000000	36.000000	143.273877	27.647509	6.291059e-01	3.052890e-02	4.574766e+02	4.267699e-02	
0.000000	40.000000	147.021813	3.952931	5.781629e-01	2.955655e-02	4.576780e+02	3.947095e-02	
0.000000	44.000000	147.521900	4.156846	6.061825e-01	3.043971e-02	4.579100e+02	3.972477e-02	
0.000000	48.000000	153.837469	3.197003	5.939471e-01	2.561443e-02	4.577202e+02	4.102826e-02	
0.000000	52.000000	165.798778	5.086625	4.989570e-01	3.346144e-02	4.568833e+02	3.207389e-02	
0.000000	56.000000	178.295200	10.656181	6.407222e-01	3.708546e-02	4.553508e+02	4.478264e-02	
0.000000	60.000000	190.837222	6.307318	5.020089e-01	3.414754e-02	4.521030e+02	3.229883e-02	
4.000000	0.000000	182.834138	8.464768	6.321997e-01	3.180239e-02	4.470737e+02	4.167664e-02	
4.000000	4.000000	152.429809	6.760049	5.821303e-01	2.706268e-02	4.563720e+02	3.912814e-02	
4.000000	8.000000	151.549506	5.643029	5.335056e-01	3.442718e-02	4.560417e+02	3.701376e-02	
4.000000	12.000000	150.790067	1080.435037	5.697896e-01	3.475171e-02	4.561526e+02	3.886166e-02	
4.000000	16.000000	147.055590	7.521935	5.806556e-01	3.028026e-02	4.563034e+02	3.965120e-02	
4.000000	20.000000	147.050032	12.862652	5.977564e-01	3.077430e-02	4.565155e+02	4.057501e-02	
4.000000	24.000000	146.213128	5.424857	5.304150e-01	2.663004e-02	4.568208e+02	3.512189e-02	
4.000000	28.000000	145.390722	5.588838	5.923208e-01	3.006840e-02	4.570614e+02	3.854950e-02	
4.000000	32.000000	145.368349	4.487419	5.956820e-01	2.825750e-02	4.572460e+02	3.950988e-02	
4.000000	36.000000	147.055972	4.177667	5.937528e-01	3.015764e-02	4.574725e+02	4.020304e-02	
4.000000	40.000000	147.057884	19.815362	5.958029e-01	2.594949e-02	4.577151e+02	4.101834e-02	
4.000000	44.000000	150.856068	176.309679	6.216541e-01	2.698740e-02	4.576335e+02	4.262954e-02	
4.000000	48.000000	154.663303	7.012517	6.221724e-01	3.364600e-02	4.575902e+02	4.293025e-02	
4.000000	52.000000	165.801907	8.606750	5.432074e-01	2.607941e-02	4.567714e+02	3.617023e-02	
4.000000	56.000000	178.758142	7.116564	6.029430e-01	2.906386e-02	4.555439e+02	4.060344e-02	
4.000000	60.000000	192.203542	8.546001	5.539909e-01	2.790620e-02	4.526541e+02	3.755796e-02	
8.000000	0.000000	184.542348	8.927236	7.415275e-01	3.011901e-02	4.475375e+02	4.920918e-02	
8.000000	4.000000	153.301931	12.588589	5.666889e-01	2.562091e-02	4.562303e+02	3.860316e-02	
8.000000	8.000000	153.295216	14.793760	6.289267e-01	3.043081e-02	4.558854e+02	4.364629e-02	
8.000000	12.000000	153.305874	8.176316	6.175363e-01	3.277040e-02	4.559667e+02	4.438676e-02	
8.000000	16.000000	151.556611	910.309399	4.818158e-01	3.824625e-02	4.560176e+02	3.328952e-02	
8.000000	20.000000	147.062654	9.017970	6.100420e-01	2.809468e-02	4.564022e+02	4.116737e-02	
8.000000	24.000000	147.040918	14.568474	5.985402e-01	2.583134e-02	4.567259e+02	4.189002e-02	
8.000000	28.000000	147.062141	6.968329	5.776121e-01	2.987277e-02	4.569748e+02	3.745939e-02	
8.000000	32.000000	147.055427	5.212950	6.101837e-01	2.918351e-02	4.571812e+02	4.055562e-02	
8.000000	36.000000	147.053547	7.163055	5.876770e-01	2.548147e-02	4.572535e+02	4.102101e-02	
8.000000	40.000000	147.049347	5.020090	5.867626e-01	2.877478e-02	4.575563e+02	4.019310e-02	
8.000000	44.000000	153.284305	4.767084	5.972369e-01	3.050668e-02	4.573966e+02	4.095116e-02	
8.000000	48.000000	157.925209	4.843808	6.186542e-01	3.276612e-02	4.574668e+02	4.258529e-02	
8.000000	52.000000	165.807401	25.933487	6.022238e-01	2.886782e-02	4.568536e+02	4.024054e-02	
8.000000	56.000000	179.084935	7.432700	6.068612e-01	2.609433e-02	4.556793e+02	4.169310e-02	
8.000000	60.000000	197.056007	8.471657	6.289267e-01	3.042618e-02	4.531146e+02	4.363968e-02	
12.000000	0.000000	190.801910	11.013303	6.604099e-01	3.231902e-02	4.481360e+02	4.402469e-02	
12.000000	4.000000	154.740821	13.770400	5.924735e-01	3.139297e-02	4.561077e+02	3.905386e-02	
12.000000	8.000000	153.850082	8.904045	5.816611e-01	2.899881e-02	4.558830e+02	4.226988e-02	
12.000000	12.000000	153.292259	12.564706	5.961073e-01	3.063006e-02	4.558764e+02	4.721585e-02	
12.000000	16.000000	153.301997	9.602084	6.149364e-01	3.013185e-02	4.558805e+02	4.461544e-02	
12.000000	20.000000	151.476145	945.383742	6.015846e-01	3.009800e-02	4.560556e+02	3.952919e-02	
12.000000	24.000000	147.674124	139.426149	5.889156e-01	2.677677e-02	4.566540e+02	3.960512e-02	
12.000000	28.000000	147.053982	6.292454	5.548557e-01	2.725074e-02	4.568504e+02	4.107732e-02	
12.000000	32.000000	147.051170	8.826976	5.475950e-01	3.409962e-02	4.569006e+02	5.023382e-02	
12.000000	36.000000	147.051947	4.406262	6.391699e-01	3.429176e-02	4.571811e+02	4.273582e-02	
12.000000	40.000000	148.428183	901.901623	5.934283e-01	2.851013e-02	4.572534e+02	3.939296e-02	
12.000000	44.000000	153.279442	6.804685	6.159639e-01	3.292885e-02	4.573591e+02	4.133261e-02	
12.000000	48.000000	159.550084	4.227598	5.946751e-01	2.636369e-02	4.573092e+02	4.028514e-02	
12.000000	52.000000	165.823404	6.236809	5.364766e-01	2.747079e-02	4.568718e+02	3.764544e-02	
12.000000	56.000000	179.678183	8.047988	6.196590e-01	3.726503e-02	4.557765e+02	4.371012e-02	
12.000000	60.000000	197.051614	11.233410	5.953345e-01	3.036661e-02	4.532242e+02	3.932958e-02	
16.000000	0.000000	192.918916	9.701469	6.117069e-01	2.866666e-02	4.487436e+02	4.087633e-02	
16.000000	4.000000	159.560597	9.752985	5.935026e-01	2.946327e-02	4.558386e+02	3.906080e-02	
16.000000	8.000000	157.747573	12.338282	5.996648e-01	3.018051e-02	4.554672e+02	4.103707e-02	
16.000000	12.000000	156.216577	21.224201	6.196336e-01	3.366870e-02	4.555389e+02	4.210869e-02	
16.000000	16.000000	153.828130	8.448173	5.764259e-01	2.829592e-02	4.556219e+02	3.941595e-02	
16.000000	20.000000	153.305640	11.274096	6.140610e-01	3.071185e-02	4.558894e+02	4.553750e-02	
16.000000	24.000000	151.706868	150.182807	5.895091e-01	2.553477e-02	4.562425e+02	4.199058e-02	
16.000000	28.000000	149.015484	1044.909270	6.064754e-01	3.179151e-02	4.566173e+02	4.159227e-02	
16.000000	32.000000	148.458906	12.469103	5.909687e-01	2.552715e-02	4.567333e+02	4.103284e-02	
16.000000	36.000000	149.770157	1091.636977	5.714741e-01	2.928351e-02	4.569325e+02	3.810412e-02	
16.000000	40.000000	153.317578	5.528411	6.169250e-01	2.990053e-02	4.571087e+02	4.165156e-02	
16.000000	44.000000	153.308438	6.850133	6.563626e-01	2.857072e-02	4.574333e+02	4.600360e-02	
16.000000	48.000000	159.548880	24.760111	6.397243e-01	3.207038e-02	4.575146e+02	4.362499e-02	
16.000000	52.000000	167.127778	7.258517	5.481830e-01	2.838183e-02	4.568929e+02	3.580827e-02	
16.000000	56.000000	182.879152	15.034166	6.059422e-01	3.599125e-02	4.557884e+02	4.234295e-02	
16.000000	60.000000	199.819202	1151.033694	6.764988e-01	4.165183e-02	4.535444e+02	4.758422e-02	
20.000000	0.000000	197.055353	11.289307	6.378402e-01	3.035393e-02	4.493423e+02	4.291869e-02	
20.000000	4.000000	159.554138	11.265756	6.521194e-01	3.183131e-02	4.557011e+02	4.372680e-02	
20.000000	8.000000	159.550223	16.012499	5.559909e-01	2.542736e-02	4.554554e+02	3.782424e-02	
20.000000	12.000000	159.550047	12.176092	6.218671e-01	3.334042e-02	4.553636e+02	4.173196e-02	
20.000000	16.000000	157.834233	8.805005	6.172389e-01	3.045638e-02	4.554892e+02	4.168077e-02	
20.000000	20.000000	153.680479	8.863709	6.399179e-01	2.623611e-02	4.556505e+02	4.538040e-02	
20.000000	24.000000	153.305536	17.394732	5.786735e-01	2.907029e-02	4.559151e+02	3.864543e-02	
20.000000	28.000000	153.305728	6.469234	5.685620e-01	3.020025e-02	4.561969e+02	3.738457e-02	
20.000000	32.000000	152.422242	5.994834	5.787229e-01	2.741692e-02	4.564365e+02	3.910885e-02	
20.000000	36.000000	153.304138	5.906284	6.051512e-01	2.932485e-02	4.567012e+02	4.030698e-02	
20.000000	40.000000	153.295136	21.990888	5.484749e-01	3.119778e-02	4.569240e+02	3.572181e-02	
20.000000	44.000000	155.027788	15.068729	5.891539e-01	2.953366e-02	4.570866e+02	3.845778e-02	
20.000000	48.000000	159.560162	5.327726	5.858915e-01	2.570403e-02	4.572253e+02	4.241816e-02	
20.000000	52.000000	170.525169	8.677307	6.125507e-01	2.890611e-02	4.568338e+02	4.106394e-02	
20.000000	56.000000	183.612895	6.825990	5.201872e-01	3.221282e-02	4.559351e+02	3.982451e-02	
20.000000	60.000000	202.358836	11.380663	5.675207e-01	2.689605e-02	4.538265e+02	4.240456e-02	
24.000000	0.000000	203.307380	8.169702	6.036323e-01	3.049446e-02	4.499353e+02	4.165327e-02	
24.000000	4.000000	164.080688	168.908562	6.101628e-01	2.661592e-02	4.553464e+02	4.159209e-02	
24.000000	8.000000	163.476359	1048.916281	6.078720e-01	2.767668e-02	4.552015e+02	4.194740e-02	
24.000000	12.000000	160.921179	505.732671	6.276109e-01	3.003779e-02	4.551395e+02	4.217211e-02	
24.000000	16.000000	159.555425	16.330004	6.297572e-01	3.279278e-02	4.553253e+02	4.207342e-02	
24.000000	20.000000	157.931344	9.424763	6.246399e-01	3.414679e-02	4.556046e+02	4.316665e-02	
24.000000	24.000000	154.624724	6.949690	5.972767e-01	2.883029e-02	4.558777e+02	4.022970e-02	
24.000000	28.000000	153.295862	9.063251	5.618664e-01	2.925128e-02	4.562710e+02	3.813133e-02	
24.000000	32.000000	153.298933	14.659764	5.280064e-01	2.280435e-02	4.564646e+02	3.661849e-02	
24.000000	36.000000	153.303464	8.074289	5.393977e-01	2.556565e-02	4.567011e+02	3.620367e-02	
24.000000	40.000000	153.820113	7.973874	6.347243e-01	3.157751e-02	4.569652e+02	4.223441e-02	
24.000000	44.000000	159.552832	6.811876	6.258158e-01	2.789502e-02	4.572362e+02	4.347460e-02	
24.000000	48.000000	163.567318	1021.117891	5.913720e-01	3.312465e-02	4.571029e+02	5.044948e-02	
24.000000	52.000000	172.052521	7.328055	5.806974e-01	4.854011e-02	4.569670e+02	4.754522e-02	
24.000000	56.000000	184.550540	8.352595	5.257259e-01	2.953579e-02	4.561841e+02	3.408898e-02	
24.000000	60.000000	203.305389	9.578469	5.436620e-01	3.109432e-02	4.541806e+02	3.569800e-02	
28.000000	0.000000	209.550536	10.170551	5.817167e-01	3.582831e-02	4.508460e+02	4.025220e-02	
28.000000	4.000000	166.316558	19.773627	5.935740e-01	2.774399e-02	4.552063e+02	3.973603e-02	
28.000000	8.000000	165.807893	22.904863	5.716685e-01	3.348151e-02	4.550134e+02	4.093083e-02	
28.000000	12.000000	164.935639	17.096591	5.250420e-01	3.484668e-02	4.548961e+02	3.519053e-02	
28.000000	16.000000	163.147049	1061.815473	5.480768e-01	3.684266e-02	4.550246e+02	4.564128e-02	
28.000000	20.000000	159.551889	11.299747	6.361934e-01	3.245720e-02	4.555280e+02	4.335002e-02	
28.000000	24.000000	159.552784	12.269944	5.962754e-01	3.232928e-02	4.557068e+02	4.096479e-02	
28.000000	28.000000	157.892469	20.586464	5.918433e-01	3.029693e-02	4.560681e+02	3.862996e-02	
28.000000	32.000000	156.755460	25.803763	5.658826e-01	2.588521e-02	4.561937e+02	4.002005e-02	
28.000000	36.000000	157.130737	34.045366	6.302581e-01	3.489300e-02	4.566002e+02	4.363849e-02	
28.000000	40.000000	158.858081	6.438561	6.041626e-01	2.780661e-02	4.568197e+02	4.243307e-02	
28.000000	44.000000	159.545434	6.808836	6.473992e-01	2.905817e-02	4.573024e+02	4.459782e-02	
28.000000	48.000000	165.807906	9.778769	5.497206e-01	2.830959e-02	4.572279e+02	3.618427e-02	
28.000000	52.000000	172.056004	17.325020	5.744572e-01	2.967285e-02	4.570985e+02	4.222282e-02	
28.000000	56.000000	184.587721	14.156677	4.998272e-01	2.910853e-02	4.561755e+02	3.223639e-02	
28.000000	60.000000	203.309958	10.617645	6.101920e-01	3.053750e-02	4.543176e+02	4.058176e-02	
32.000000	0.000000	215.808933	11.395934	6.016948e-01	3.054910e-02	4.510490e+02	3.930208e-02	
32.000000	4.000000	170.865885	14.615409	6.160461e-01	3.226220e-02	4.549558e+02	4.132859e-02	
32.000000	8.000000	170.334232	12.873746	5.935370e-01	2.923183e-02	4.546964e+02	3.942849e-02	
32.000000	12.000000	167.797097	28.129934	5.585907e-01	2.616283e-02	4.545627e+02	3.784820e-02	
32.000000	16.000000	165.810468	22.429955	5.749814e-01	2.558069e-02	4.547791e+02	4.029454e-02	
32.000000	20.000000	164.043680	381.201813	5.943523e-01	3.030508e-02	4.550318e+02	3.873875e-02	
32.000000	24.000000	160.913338	420.102560	6.130250e-01	3.399975e-02	4.556893e+02	4.240700e-02	
32.000000	28.000000	159.545196	15.687332	6.147145e-01	3.483287e-02	4.557435e+02	4.145778e-02	
32.000000	32.000000	159.587884	19.981997	6.020495e-01	3.399422e-02	4.561493e+02	4.064315e-02	
32.000000	36.000000	159.548565	15.762346	5.255870e-01	2.266051e-02	4.564451e+02	3.637451e-02	
32.000000	40.000000	159.554283	14.049186	6.301699e-01	2.895583e-02	4.567064e+02	4.256006e-02	
32.000000	44.000000	162.946451	1073.862066	5.889924e-01	2.867670e-02	4.568132e+02	5.016773e-02	
32.000000	48.000000	166.233098	7.575379	5.679939e-01	2.992993e-02	4.570168e+02	3.679641e-02	
32.000000	52.000000	173.398769	885.688930	5.309818e-01	3.317981e-02	4.569233e+02	4.411290e-02	
32.000000	56.000000	185.937797	534.493217	5.273926e-01	2.958363e-02	4.562113e+02	3.470574e-02	
32.000000	60.000000	204.474890	12.205841	5.775711e-01	2.551414e-02	4.547581e+02	3.982807e-02	
36.000000	0.000000	222.052108	10.185451	6.526780e-01	2.918070e-02	4.517533e+02	4.936219e-02	
36.000000	4.000000	174.738314	1072.345205	5.958608e-01	3.068610e-02	4.547576e+02	3.946263e-02	
36.000000	8.000000	173.306299	565.024001	5.935356e-01	2.877739e-02	4.544696e+02	4.011030e-02	
36.000000	12.000000	172.050013	21.787018	5.854008e-01	2.842100e-02	4.545047e+02	4.011046e-02	
36.000000	16.000000	171.148436	16.146667	6.088612e-01	3.039553e-02	4.547665e+02	4.029483e-02	
36.000000	20.000000	167.192697	14.325086	6.253185e-01	3.120078e-02	4.549566e+02	4.192508e-02	
36.000000	24.000000	165.832166	23.610125	5.878521e-01	2.796570e-02	4.551449e+02	4.120625e-02	
36.000000	28.000000	164.087646	677.264433	6.288266e-01	3.125527e-02	4.554945e+02	4.190836e-02	
36.000000	32.000000	163.201298	1049.240111	6.097444e-01	2.850286e-02	4.558301e+02	4.488368e-02	
36.000000	36.000000	162.824505	1062.863027	5.454500e-01	2.848077e-02	4.561232e+02	3.537232e-02	
36.000000	40.000000	164.217496	193.780616	5.891821e-01	3.007645e-02	4.563592e+02	4.033631e-02	
36.000000	44.000000	165.788904	21.177217	5.600595e-01	2.653875e-02	4.566224e+02	3.832112e-02	
36.000000	48.000000	170.448902	7.414195	5.575078e-01	3.178816e-02	4.569373e+02	3.689997e-02	
36.000000	52.000000	178.304167	6.899871	5.346950e-01	2.869756e-02	4.567761e+02	3.589021e-02	
36.000000	56.000000	189.543181	119.819220	5.276703e-01	3.745118e-02	4.560624e+02	3.798972e-02	
36.000000	60.000000	207.958734	12.480705	5.577298e-01	2.814518e-02	4.548459e+02	3.648307e-02	
40.000000	0.000000	228.336619	12.506796	5.931172e-01	2.766757e-02	4.521691e+02	4.082862e-02	
40.000000	4.000000	179.743441	24.138729	5.884235e-01	2.623068e-02	4.543155e+02	3.970736e-02	
40.000000	8.000000	179.139768	20.571633	6.452825e-01	3.571995e-02	4.539402e+02	5.099854e-02	
40.000000	12.000000	178.306762	28.708784	5.992190e-01	3.181872e-02	4.540183e+02	4.057182e-02	
40.000000	16.000000	176.442042	917.228795	5.804855e-01	3.804094e-02	4.541323e+02	4.191878e-02	
40.000000	20.000000	172.567452	17.927606	5.808839e-01	2.860897e-02	4.545736e+02	3.952983e-02	
40.000000	24.000000	170.477223	21.108290	5.502434e-01	3.011521e-02	4.548121e+02	3.603261e-02	
40.000000	28.000000	167.201005	14.062345	5.701582e-01	2.997349e-02	4.550504e+02	3.884922e-02	
40.000000	32.000000	167.306007	12.035767	6.221724e-01	3.364600e-02	4.555902e+02	4.293025e-02	
40.000000	36.000000	165.811776	17.945010	5.480058e-01	2.806681e-02	4.558690e+02	4.110030e-02	
40.000000	40.000000	166.477450	11.453774	5.634598e-01	3.135613e-02	4.562124e+02	3.737341e-02	
40.000000	44.000000	170.006235	23.448519	5.742327e-01	2.706445e-02	4.565682e+02	3.883092e-02	
40.000000	48.000000	172.055432	8.894923	6.098498e-01	2.946552e-02	4.568772e+02	4.283441e-02	
40.000000	52.000000	179.211083	8.698754	5.803750e-01	2.860448e-02	4.566167e+02	3.961503e-02	
40.000000	56.000000	190.801300	21.156441	5.334025e-01	2.857562e-02	4.561907e+02	3.474594e-02	
40.000000	60.000000	209.559802	13.604437	5.632181e-01	2.990968e-02	4.551578e+02	3.668015e-02	
44.000000	0.000000	234.557906	15.127959	6.203215e-01	2.939346e-02	4.528004e+02	4.141464e-02	
44.000000	4.000000	185.913303	877.903170	5.812611e-01	2.578224e-02	4.537845e+02	4.207621e-02	
44.000000	8.000000	185.745315	487.242047	6.237109e-01	2.875960e-02	4.535731e+02	4.219179e-02	
44.000000	12.000000	184.555515	28.848940	6.355418e-01	3.179068e-02	4.534906e+02	4.325657e-02	
44.000000	16.000000	182.726173	21.262811	6.661071e-01	3.058506e-02	4.537759e+02	4.823793e-02	
44.000000	20.000000	178.720500	34.566988	5.940239e-01	3.426947e-02	4.539438e+02	4.791646e-02	
44.000000	24.000000	175.840531	1028.770669	6.154833e-01	2.901771e-02	4.545410e+02	4.088203e-02	
44.000000	28.000000	172.878851	19.535240	5.966399e-01	3.391633e-02	4.549093e+02	4.090150e-02	
44.000000	32.000000	172.051966	27.490227	6.526421e-01	3.994043e-02	4.552953e+02	4.644523e-02	
44.000000	36.000000	172.052246	27.145600	6.662443e-01	4.462147e-02	4.558023e+02	4.976208e-02	
44.000000	40.000000	172.045289	20.343368	6.037279e-01	3.046711e-02	4.559829e+02	3.966901e-02	
44.000000	44.000000	173.420896	374.047608	6.006107e-01	3.101067e-02	4.564124e+02	4.086045e-02	
44.000000	48.000000	177.241358	12.195389	5.190023e-01	2.276149e-02	4.566218e+02	3.610649e-02	
44.000000	52.000000	184.563725	11.942371	4.927411e-01	1.996370e-02	4.565475e+02	3.541696e-02	
44.000000	56.000000	195.844684	14.483292	5.759514e-01	3.374206e-02	4.561874e+02	3.938590e-02	
44.000000	60.000000	210.846894	31.436921	5.457685e-01	2.847864e-02	4.552794e+02	3.648093e-02	
48.000000	0.000000	236.040486	964.598061	6.406892e-01	3.502243e-02	4.533154e+02	4.295200e-02	
48.000000	4.000000	196.128864	28.191908	6.097880e-01	2.830625e-02	4.531739e+02	4.441648e-02	
48.000000	8.000000	195.392469	25.930659	6.406082e-01	3.194585e-02	4.528782e+02	4.231225e-02	
48.000000	12.000000	192.257202	33.335770	5.965363e-01	3.030089e-02	4.529134e+02	4.280469e-02	
48.000000	16.000000	189.753457	25.269440	6.382269e-01	3.320555e-02	4.530121e+02	4.434113e-02	
48.000000	20.000000	185.908551	627.011393	6.711413e-01	3.192205e-02	4.536934e+02	4.568370e-02	
48.000000	24.000000	182.841651	27.116608	5.752959e-01	3.253021e-02	4.541230e+02	3.836212e-02	
48.000000	28.000000	179.687121	32.092083	6.601657e-01	3.746230e-02	4.544700e+02	4.512865e-02	
48.000000	32.000000	178.302012	33.742674	5.296262e-01	3.113091e-02	4.549164e+02	4.111255e-02	
48.000000	36.000000	177.423305	24.383869	6.259970e-01	3.388567e-02	4.553825e+02	4.207838e-02	
48.000000	40.000000	177.437743	28.158000	5.840689e-01	2.549924e-02	4.557598e+02	4.101899e-02	
48.000000	44.000000	178.758461	29.412352	5.404311e-01	3.664804e-02	4.560371e+02	4.001549e-02	
48.000000	48.000000	182.754660	12.935279	5.009455e-01	2.549494e-02	4.562566e+02	3.381560e-02	
48.000000	52.000000	189.061531	171.659348	5.535671e-01	2.585752e-02	4.563374e+02	3.724898e-02	
48.000000	56.000000	197.438591	12.621321	5.753808e-01	2.580021e-02	4.562742e+02	3.884301e-02	
48.000000	60.000000	215.801948	11.272988	5.417251e-01	2.738389e-02	4.552708e+02	3.661091e-02	
52.000000	0.000000	240.805301	18.240444	6.344228e-01	2.904654e-02	4.537928e+02	4.830848e-02	
52.000000	4.000000	209.482914	28.410016	5.591646e-01	2.653910e-02	4.526030e+02	3.821626e-02	
52.000000	8.000000	208.045124	31.126716	5.666854e-01	3.104246e-02	4.522454e+02	3.774297e-02	
52.000000	12.000000	204.968385	42.566588	5.996000e-01	3.124196e-02	4.522851e+02	3.984814e-02	
52.000000	16.000000	202.058167	217.903180	6.010082e-01	2.842062e-02	4.522543e+02	4.002089e-02	
52.000000	20.000000	197.839341	29.868577	6.340299e-01	3.204388e-02	4.530714e+02	4.183503e-02	
52.000000	24.000000	192.617357	39.315814	6.543223e-01	3.319975e-02	4.535794e+02	4.425774e-02	
52.000000	28.000000	189.758670	23.754260	5.328005e-01	3.028890e-02	4.540568e+02	3.393426e-02	
52.000000	32.000000	188.814613	940.705099	5.714117e-01	2.726688e-02	4.544426e+02	3.850079e-02	
52.000000	36.000000	185.820980	787.584094	5.800011e-01	2.765876e-02	4.548338e+02	3.884384e-02	
52.000000	40.000000	185.841880	431.313897	5.845625e-01	3.198313e-02	4.552679e+02	3.911392e-02	
52.000000	44.000000	186.019791	883.095293	6.506156e-01	3.951802e-02	4.557035e+02	4.611429e-02	
52.000000	48.000000	189.634769	9.377398	4.886098e-01	4.008289e-02	4.560110e+02	3.662883e-02	
52.000000	52.000000	195.520819	10.046523	5.061633e-01	2.813313e-02	4.561916e+02	3.291112e-02	
52.000000	56.000000	203.811853	12.817285	6.167548e-01	3.160471e-02	4.559831e+02	4.183726e-02	
52.000000	60.000000	220.840844	12.849026	6.229065e-01	3.091081e-02	4.555058e+02	4.220781e-02	
56.000000	0.000000	246.006273	14.868635	5.354007e-01	3.128686e-02	4.539713e+02	3.701077e-02	
56.000000	4.000000	234.167303	122.061699	5.917338e-01	2.743575e-02	4.513820e+02	3.979485e-02	
56.000000	8.000000	232.895170	67.708755	6.344285e-01	3.200397e-02	4.509976e+02	4.227008e-02	
56.000000	12.000000	229.956629	79.685344	5.457173e-01	3.193505e-02	4.508965e+02	4.657700e-02	
56.000000	16.000000	224.613888	961.219905	6.134169e-01	3.456289e-02	4.512421e+02	4.131550e-02	
56.000000	20.000000	219.530155	62.286790	6.551180e-01	3.002643e-02	4.517799e+02	4.601918e-02	
56.000000	24.000000	212.946451	992.001130	6.188730e-01	2.760986e-02	4.526134e+02	4.205420e-02	
56.000000	28.000000	207.952167	37.616864	5.863625e-01	2.668949e-02	4.532020e+02	4.534025e-02	
56.000000	32.000000	204.620736	43.997816	6.654400e-01	3.311447e-02	4.537311e+02	4.455092e-02	
56.000000	36.000000	202.326509	31.202661	5.863224e-01	2.901286e-02	4.541459e+02	3.840679e-02	
56.000000	40.000000	201.446382	886.676821	5.966287e-01	3.235220e-02	4.546865e+02	4.071052e-02	
56.000000	44.000000	201.216061	950.865064	5.567439e-01	2.992600e-02	4.550415e+02	3.587113e-02	
56.000000	48.000000	201.928513	427.436295	5.982627e-01	3.053727e-02	4.554267e+02	4.066695e-02	
56.000000	52.000000	206.316731	33.061040	5.482235e-01	2.678113e-02	4.556883e+02	3.733361e-02	
56.000000	56.000000	215.805377	13.845883	6.617306e-01	4.079168e-02	4.556767e+02	4.709570e-02	
56.000000	60.000000	229.421853	12.390425	5.920269e-01	3.359920e-02	4.552063e+02	3.980366e-02	
60.000000	0.000000	253.797666	25.294267	5.511485e-01	2.592833e-02	4.542011e+02	3.722766e-02	
60.000000	4.000000	349.585515	774.292541	6.481353e-01	3.377248e-02	4.511251e+02	4.314281e-02	
60.000000	8.000000	343.975298	183.127360	5.710955e-01	3.366308e-02	4.508627e+02	5.585738e-02	
60.000000	12.000000	335.182862	751.798039	6.459719e-01	3.602835e-02	4.509951e+02	4.802237e-02	
60.000000	16.000000	323.686916	787.947014	6.225310e-01	3.130111e-02	4.510017e+02	4.090244e-02	
60.000000	20.000000	308.235194	349.280128	6.639795e-01	2.737991e-02	4.516145e+02	4.852320e-02	
60.000000	24.000000	291.001540	329.841618	6.190783e-01	3.324131e-02	4.525991e+02	4.259537e-02	
60.000000	28.000000	276.690843	777.171922	6.387201e-01	3.137884e-02	4.530742e+02	4.277510e-02	
60.000000	32.000000	264.333328	774.668153	6.407627e-01	3.031642e-02	4.535309e+02	4.286078e-02	
60.000000	36.000000	254.063980	174.961550	6.325515e-01	2.871114e-02	4.537203e+02	4.266147e-02	
60.000000	40.000000	244.326611	125.337688	6.121698e-01	3.470602e-02	4.539871e+02	4.601768e-02	
60.000000	44.000000	236.798690	918.081350	6.165412e-01	3.169849e-02	4.542883e+02	4.103807e-02	
60.000000	48.000000	233.323124	93.087191	5.606619e-01	2.684056e-02	4.546363e+02	3.832314e-02	
60.000000	52.000000	233.505247	85.683888	6.041626e-01	2.780659e-02	4.548197e+02	4.243305e-02	
60.000000	56.000000	239.169338	662.653263	5.495690e-01	2.845630e-02	4.547946e+02	3.601297e-02	
60.000000	60.000000	251.581509	624.461890	6.038623e-01	2.967925e-02	4.546832e+02	4.025693e-02	
0.000000	0.000000	273.302120	533.179657	5.564269e-01	3.009855e-02	4.541474e+02	3.621752e-02	
