0.000000	4.000000	139.227223	2.634527	9.111330e+02	9.163795e+02	2.786973e+03	2.362134e+03	
0.000000	8.000000	139.086697	164.111652	8.000577e+02	3.937501e+02	2.619992e+03	2.482433e+03	
0.000000	12.000000	168.220608	1.602888	7.223053e+02	6.907903e+02	-1.675880e+03	6.679025e+02	
0.000000	16.000000	133.338581	2.344996	5.076802e-01	2.517261e-02	1.982661e+02	3.453461e-02	
0.000000	20.000000	133.721963	163.998276	1.732213e+02	1.529551e+02	-1.080033e+02	2.022963e+02	
0.000000	24.000000	133.794755	2.408278	5.564681e-01	2.887840e-02	1.982433e+02	3.732040e-02	
0.000000	28.000000	133.755779	43.966982	2.047184e+01	1.350798e+00	3.270510e+02	7.919181e-01	
0.000000	32.000000	133.757077	15.619354	4.894477e-01	2.895953e-02	1.981560e+02	3.199312e-02	
0.000000	36.000000	133.794756	1.470059	3.791513e+02	8.838134e+01	-1.001058e+03	6.210994e+02	
0.000000	40.000000	139.784946	1.288878	2.223971e-03	8.662465e-03	1.985008e+02	3.477265e-03	
0.000000	44.000000	145.424600	1.561380	3.081493e+00	6.438305e+02	2.007692e+02	4.193464e+01	
0.000000	48.000000	148.955000	2.548314	1.015696e+03	1.117846e+03	3.195065e+03	6.286707e+03	
0.000000	52.000000	165.801897	5.678033	5.700863e-01	2.795187e-02	4.591272e+02	3.857362e-02	
0.000000	56.000000	165.804578	7.658908	6.456614e-01	3.931929e-02	4.557231e+02	4.590979e-02	
0.000000	60.000000	153.295407	6.127634	6.059927e-01	3.155797e-02	4.489749e+02	4.182336e-02	
4.000000	0.000000	147.054205	4.675417	5.260760e-01	2.754194e-02	4.442302e+02	3.466160e-02	
4.000000	4.000000	142.448898	77.033831	2.211252e+01	5.388589e-01	3.276332e+02	6.249328e-01	
4.000000	8.000000	138.596556	3.019703	4.271435e-01	2.931580e-02	1.977500e+02	4.139227e-02	
4.000000	12.000000	139.559270	3.444002	2.294153e+01	8.550914e-01	3.319759e+02	6.236121e-01	
4.000000	16.000000	139.208840	1.358472	7.724147e+02	4.339520e+02	-2.378657e+02	7.438307e+02	
4.000000	20.000000	133.395786	2.610427	5.411576e-01	2.776075e-02	1.981430e+02	3.834787e-02	
4.000000	24.000000	133.042917	1.691255	4.603715e+02	1.173542e+02	-1.428788e+03	7.025233e+02	
4.000000	28.000000	133.048624	1.521972	5.370386e-01	2.563756e-02	1.983507e+02	3.705472e-02	
4.000000	32.000000	132.996234	1.694077	6.634505e+02	5.917151e+02	-1.835087e+03	1.659651e+03	
4.000000	36.000000	136.426640	30.518925	5.015338e+02	5.057381e+02	-1.219576e+03	1.837213e+03	
4.000000	40.000000	139.158569	115.646253	5.090401e+02	4.701880e+02	1.429012e+03	2.595909e+02	
4.000000	44.000000	145.476609	1.972426	9.437005e+02	6.505760e+02	2.620227e+03	3.076029e+03	
4.000000	48.000000	147.867946	925.485418	1.059846e+03	1.017405e+03	1.583004e+03	8.237101e+02	
4.000000	52.000000	165.800013	5.298910	6.157684e-01	2.782304e-02	4.592280e+02	4.217772e-02	
4.000000	56.000000	165.805486	32.550038	5.978779e-01	2.969614e-02	4.559228e+02	3.981134e-02	
4.000000	60.000000	158.720322	5.631716	6.190206e-01	2.994183e-02	4.497736e+02	4.099258e-02	
8.000000	0.000000	147.045137	6.526015	5.459094e-01	2.848943e-02	4.441584e+02	3.538723e-02	
8.000000	4.000000	144.196451	3.472446	5.530294e+02	9.207618e+02	1.791852e+03	3.979380e+03	
8.000000	8.000000	141.465383	76.366528	2.482543e+01	1.087353e+00	3.295074e+02	5.295746e-01	
8.000000	12.000000	138.762063	2.044563	2.345661e+01	6.053801e-01	3.278962e+02	4.548108e-01	
8.000000	16.000000	139.052328	2.661676	1.011074e-01	8.883679e+01	1.985133e+02	9.494121e-01	
8.000000	20.000000	139.601011	53.205267	5.108780e+01	1.741908e+01	3.284634e+02	3.367714e+00	
8.000000	24.000000	134.914490	25.609351	5.300383e-01	3.120612e-02	1.980375e+02	3.578533e-02	
8.000000	28.000000	133.943119	140.535499	9.086955e+02	5.528638e+02	2.217022e+03	9.734028e+02	
8.000000	32.000000	136.671748	71.963105	8.432853e+02	6.155597e+02	-1.941420e+03	1.111269e+03	
8.000000	36.000000	139.208248	1.565826	6.673303e+02	3.357335e+02	9.633932e+01	5.660446e+02	
8.000000	40.000000	139.804444	1.038955	9.444565e-01	4.627318e+02	1.980520e+02	1.583100e+00	
8.000000	44.000000	145.535919	33.205960	9.430411e+02	8.212807e+02	6.928336e+02	1.491718e+03	
8.000000	48.000000	154.892739	474.988663	1.230838e+03	9.134227e+02	-9.871427e+02	1.220951e+03	
8.000000	52.000000	165.798371	8.032810	6.146730e-01	3.632672e-02	4.592304e+02	4.300294e-02	
8.000000	56.000000	172.055674	3.834381	5.723370e-01	2.698973e-02	4.565376e+02	3.923017e-02	
8.000000	60.000000	159.560538	5.498346	6.300672e-01	3.568104e-02	4.506618e+02	4.375476e-02	
12.000000	0.000000	149.000475	1086.779755	5.859561e-01	2.824249e-02	4.442307e+02	3.880884e-02	
12.000000	4.000000	144.057626	4.665884	3.142570e+01	1.964010e+00	3.307727e+02	9.605173e-01	
12.000000	8.000000	143.350330	3.200086	8.009796e+02	5.201007e+02	-1.640588e+03	2.910378e+03	
12.000000	12.000000	141.598128	54.824332	3.120903e+01	1.712514e+00	3.158431e+02	1.834412e+00	
12.000000	16.000000	139.049494	1.784821	8.718171e+02	4.726208e+02	-9.062666e+02	3.819263e-01	
12.000000	20.000000	139.209174	2.541073	4.803342e-01	3.440273e-02	1.980055e+02	3.097772e-02	
12.000000	24.000000	139.115171	1.665678	2.099376e+01	3.664897e-01	3.248947e+02	9.689461e-01	
12.000000	28.000000	139.068336	1.462847	5.385089e-01	3.358394e-02	1.979658e+02	3.763030e-02	
12.000000	32.000000	139.208760	1.734707	7.398887e+02	7.217899e+02	-3.467322e+02	1.266389e+03	
12.000000	36.000000	139.071626	26.231200	1.695378e+01	1.311948e+01	2.455593e+02	2.500120e+01	
12.000000	40.000000	140.624997	79.921893	5.468302e-01	5.051644e-02	1.980515e+02	4.451581e-02	
12.000000	44.000000	145.458757	1.954158	7.285249e+02	5.575305e+02	-1.859210e+03	7.487248e+02	
12.000000	48.000000	156.134182	1.954587	4.482321e+02	1.921849e+02	-1.016013e+03	1.130334e+03	
12.000000	52.000000	165.800184	6.336565	5.816363e-01	2.881915e-02	4.596172e+02	3.979068e-02	
12.000000	56.000000	176.174868	886.125123	4.856827e-01	3.410807e-02	4.569244e+02	3.019328e-02	
12.000000	60.000000	165.795137	10.019652	6.686665e-01	4.035073e-02	4.515246e+02	4.690800e-02	
16.000000	0.000000	153.302685	7.644573	5.135050e-01	2.444183e-02	4.443154e+02	3.511087e-02	
16.000000	4.000000	143.402893	187.439488	3.747723e+02	1.256410e+02	1.601766e+03	7.779353e+02	
16.000000	8.000000	142.080325	3.084290	1.014975e+03	9.435355e+02	2.655912e+03	1.731859e+03	
16.000000	12.000000	143.865818	3.018592	2.172371e+01	4.794720e-01	3.308577e+02	5.880972e-01	
16.000000	16.000000	140.148426	826.199458	9.376845e+02	1.050368e+03	3.224483e+03	5.348882e+03	
16.000000	20.000000	139.118226	1.557598	7.667326e+02	3.776853e+02	2.823904e+03	2.512043e+03	
16.000000	24.000000	139.155259	222.622264	6.540093e+01	5.493661e+02	3.431208e+02	6.911547e+01	
16.000000	28.000000	138.980207	22.850044	2.138877e+01	4.485507e-01	3.262687e+02	5.361660e-01	
16.000000	32.000000	139.145008	226.101546	2.152323e+01	4.845566e-01	3.275683e+02	5.121619e-01	
16.000000	36.000000	139.108838	1.595982	7.106034e+02	7.026068e+02	-2.050732e+03	2.837790e+03	
16.000000	40.000000	145.551380	1.421789	5.378667e+02	4.309701e+02	-1.537375e+03	1.141895e+03	
16.000000	44.000000	148.047420	202.667906	8.819144e-01	4.343534e+02	1.986770e+02	1.000000e+00	
16.000000	48.000000	156.316731	3.436717	5.810594e+02	2.118076e+02	-1.478951e+03	1.253082e+03	
16.000000	52.000000	166.303123	5.466743	4.528388e-01	3.650862e-02	4.600628e+02	2.642478e-02	
16.000000	56.000000	178.305628	3.669180	5.467688e-01	3.185733e-02	4.571753e+02	3.660706e-02	
16.000000	60.000000	170.120739	6.315772	6.941366e-01	4.541775e-02	4.523835e+02	4.988117e-02	
20.000000	0.000000	158.711494	5.417390	5.954160e-01	3.035528e-02	4.450000e+02	3.901106e-02	
20.000000	4.000000	148.300259	4.451688	9.967202e+02	9.966129e+02	2.625632e+03	7.089534e+02	
20.000000	8.000000	146.308884	4.367455	5.152815e+02	1.581148e+02	2.072005e+03	9.507412e+02	
20.000000	12.000000	142.554408	2.777920	2.801753e+01	1.132815e+00	3.239068e+02	9.368809e-01	
20.000000	16.000000	144.196451	2.672451	6.545170e+02	3.581103e+02	2.493415e+03	2.023102e+03	
20.000000	20.000000	142.451701	63.257754	2.123891e+01	2.730271e-01	3.266150e+02	6.164459e-01	
20.000000	24.000000	138.214733	2.918922	8.093587e+02	8.455956e+02	2.738372e+03	4.031990e+03	
20.000000	28.000000	138.352820	2.300006	1.214401e+03	6.542636e+02	3.390117e+02	2.817428e+03	
20.000000	32.000000	138.571726	2.534062	2.752295e+02	6.427488e+01	-6.606682e+02	4.258973e+02	
20.000000	36.000000	143.203905	125.169409	4.316031e+02	1.118799e+02	-1.359822e+03	7.654643e+02	
20.000000	40.000000	145.368889	2.605069	4.667291e+02	1.634119e+02	-1.414143e+03	1.132478e+03	
20.000000	44.000000	151.746233	1.641677	5.578530e+02	2.399978e+02	-1.407644e+03	1.653539e+03	
20.000000	48.000000	156.511686	58.985839	3.523672e+02	1.468277e+02	-8.206345e+02	9.589828e+02	
20.000000	52.000000	168.048702	22.127664	5.345832e-01	2.882105e-02	4.598930e+02	3.924381e-02	
20.000000	56.000000	184.545554	15.575887	6.080514e-01	2.937499e-02	4.578105e+02	4.026555e-02	
20.000000	60.000000	172.045209	8.937130	6.461309e-01	3.664223e-02	4.534856e+02	4.477090e-02	
24.000000	0.000000	159.863454	5.904731	5.552183e-01	3.230748e-02	4.459948e+02	3.904129e-02	
24.000000	4.000000	147.767368	4.295118	2.437447e+02	2.319486e+02	1.026085e+03	1.549303e+02	
24.000000	8.000000	147.720554	6.213259	2.629538e+00	1.645429e+02	4.605089e+02	4.101635e-01	
24.000000	12.000000	146.571994	24.005892	6.821449e+02	3.466658e+02	1.747716e+03	1.606614e+03	
24.000000	16.000000	142.610521	2.541214	4.712732e+02	3.024830e+02	1.940787e+03	2.005732e+03	
24.000000	20.000000	143.766645	2.887300	5.498969e+02	2.316333e+02	-1.368990e+03	1.404783e+03	
24.000000	24.000000	143.363891	131.075590	6.259814e+02	4.217111e+02	-1.395993e+03	2.544409e+03	
24.000000	28.000000	143.617820	421.115729	6.186272e+02	3.211333e+02	-1.488202e+03	1.910910e+03	
24.000000	32.000000	144.041110	284.470990	4.675127e+02	1.912565e+02	-1.223938e+03	1.213117e+03	
24.000000	36.000000	144.924868	2.403952	5.082345e+00	6.747285e+02	2.146059e+02	8.185445e+00	
24.000000	40.000000	145.851076	1.912286	8.963476e+02	8.669438e+02	2.876087e+02	8.580915e+02	
24.000000	44.000000	151.552328	151.232503	8.570713e+02	8.071359e+02	1.573736e+02	7.140674e+02	
24.000000	48.000000	157.324697	3.118853	3.455986e+02	8.175995e+01	-8.940320e+02	5.394768e+02	
24.000000	52.000000	170.398351	4.465794	5.170561e-01	2.472506e-02	4.603075e+02	3.512288e-02	
24.000000	56.000000	185.727538	518.140411	5.366012e-01	2.701678e-02	4.582727e+02	3.573825e-02	
24.000000	60.000000	178.312006	4.287903	5.590416e-01	3.119738e-02	4.539806e+02	3.857422e-02	
28.000000	0.000000	165.797732	7.539638	5.905482e-01	2.687875e-02	4.463557e+02	3.962943e-02	
28.000000	4.000000	152.508828	4.320379	4.582360e-01	2.803038e-02	4.601790e+02	3.077016e-02	
28.000000	8.000000	148.281065	72.200663	3.120785e+00	1.463176e+02	4.663019e+02	1.276831e+02	
28.000000	12.000000	147.758886	170.920363	5.092016e+02	5.086521e+02	5.156025e+02	4.908335e+02	
28.000000	16.000000	148.029483	26.169390	4.235753e+02	1.229979e+02	1.631058e+03	7.823304e+02	
28.000000	20.000000	143.158563	3.421799	2.311790e+01	5.635324e-01	3.309187e+02	5.526033e-01	
28.000000	24.000000	142.884706	163.669559	2.666610e+01	1.747044e+00	3.333455e+02	1.110287e+00	
28.000000	28.000000	143.146895	211.223943	2.678013e+01	1.625301e+00	3.340933e+02	9.630430e-01	
28.000000	32.000000	143.203340	27.547145	2.257143e+01	7.884617e-01	3.299975e+02	4.587194e-01	
28.000000	36.000000	144.817324	2.142035	4.321858e+02	1.314585e+02	-1.072339e+03	8.079271e+02	
28.000000	40.000000	152.569242	24.294864	8.883676e+01	1.007359e+02	3.904458e+02	1.406822e+02	
28.000000	44.000000	151.504876	2.296392	4.681084e+01	1.967100e+01	3.460523e+02	1.380046e+01	
28.000000	48.000000	164.517643	66.843231	1.079831e+03	8.656597e+02	3.168350e+03	7.273043e+03	
28.000000	52.000000	172.055792	5.047999	5.636220e-01	2.780272e-02	4.603312e+02	3.843159e-02	
28.000000	56.000000	190.801284	11.823427	5.909466e-01	2.670026e-02	4.583419e+02	3.977725e-02	
28.000000	60.000000	184.558537	4.875147	5.249256e-01	2.940106e-02	4.548901e+02	3.338853e-02	
32.000000	0.000000	172.042320	7.543301	6.146907e-01	3.197004e-02	4.477867e+02	4.074136e-02	
32.000000	4.000000	153.827591	4.978353	5.232732e-01	3.433141e-02	4.600075e+02	3.712784e-02	
32.000000	8.000000	153.305432	7.258423	6.180135e-01	2.779508e-02	4.597901e+02	4.342323e-02	
32.000000	12.000000	150.505460	992.730461	5.667703e-01	3.539065e-02	4.600953e+02	3.976117e-02	
32.000000	16.000000	148.286254	4.007310	6.876782e+02	6.626895e+02	-1.280534e+03	5.065230e+02	
32.000000	20.000000	147.901320	2.828032	3.051397e+02	1.092576e+02	1.296050e+03	6.706633e+02	
32.000000	24.000000	146.429137	212.393276	9.790847e+02	9.994779e+02	2.928302e+03	3.404375e+03	
32.000000	28.000000	141.692462	223.880020	2.265578e+01	6.541695e-01	3.330920e+02	6.416224e-01	
32.000000	32.000000	143.612646	81.674296	5.682630e+02	3.434921e+02	1.954154e+03	2.010801e+03	
32.000000	36.000000	149.369650	155.753240	2.753424e+01	1.942331e+00	3.298801e+02	6.568082e-01	
32.000000	40.000000	151.242279	4.125768	2.202678e+00	6.641168e+02	2.046698e+02	8.123580e+03	
32.000000	44.000000	160.144871	56.814716	9.800757e+02	5.167276e+02	2.468293e+03	5.933073e+03	
32.000000	48.000000	163.639477	2.979241	1.226279e+03	8.487210e+02	6.330214e+01	2.714195e+03	
32.000000	52.000000	172.665055	29.589414	5.791351e-01	2.791067e-02	4.605555e+02	3.968048e-02	
32.000000	56.000000	190.802087	6.217327	5.649864e-01	2.573088e-02	4.588014e+02	3.948878e-02	
32.000000	60.000000	190.801161	5.128205	6.157075e-01	2.767443e-02	4.553906e+02	4.162545e-02	
36.000000	0.000000	178.325247	7.212607	5.690004e-01	3.016016e-02	4.492165e+02	3.745290e-02	
36.000000	4.000000	159.532171	7.899444	6.306986e-01	3.699006e-02	4.597156e+02	4.426709e-02	
36.000000	8.000000	157.155101	207.056207	6.749449e-01	4.173243e-02	4.595842e+02	4.769727e-02	
36.000000	12.000000	153.297827	4.594302	4.923304e-01	3.895814e-02	4.600010e+02	3.719202e-02	
36.000000	16.000000	151.770644	73.557714	6.090061e-01	3.149250e-02	4.599962e+02	4.110595e-02	
36.000000	20.000000	147.908536	3.159069	3.835278e+02	2.362899e+02	1.757152e+02	3.011296e+02	
36.000000	24.000000	147.691070	192.444881	5.353144e+02	5.053967e+02	1.801044e+03	4.765058e+02	
36.000000	28.000000	148.415767	4.282365	6.107782e+02	1.474306e+02	2.270214e+03	8.415278e+02	
36.000000	32.000000	148.252775	82.085810	9.533493e+02	9.332717e+02	2.360338e+03	7.113395e+02	
36.000000	36.000000	148.818645	206.502134	1.202537e+03	9.870858e+02	-2.638092e+03	2.853587e+03	
36.000000	40.000000	150.563120	3.177332	2.289622e+01	5.582868e-01	3.324693e+02	5.079301e-01	
36.000000	44.000000	157.762968	4.503157	1.111149e+03	1.097719e+03	-8.120869e+01	2.459347e+03	
36.000000	48.000000	163.611136	2.590670	3.134517e+01	1.479866e+00	3.184588e+02	1.521957e+00	
36.000000	52.000000	173.292520	4.280361	6.875722e+02	5.550769e+02	1.483049e+03	5.375380e+02	
36.000000	56.000000	194.824697	11.293561	5.364250e-01	2.980723e-02	4.590100e+02	3.417338e-02	
36.000000	60.000000	199.436881	1105.315824	5.407850e-01	2.780441e-02	4.562454e+02	3.573912e-02	
40.000000	0.000000	185.235326	8.637209	5.970721e-01	2.626826e-02	4.503268e+02	4.036278e-02	
40.000000	4.000000	164.191632	118.710613	5.752994e-01	2.559238e-02	4.592143e+02	4.068836e-02	
40.000000	8.000000	160.173702	5.156394	6.102585e-01	2.686965e-02	4.593596e+02	4.135034e-02	
40.000000	12.000000	158.612924	3.989215	5.965839e-01	3.003192e-02	4.595496e+02	4.050251e-02	
40.000000	16.000000	153.930271	4.339590	5.351820e-01	2.848221e-02	4.598886e+02	3.889434e-02	
40.000000	20.000000	153.313777	4.472723	5.423305e-01	2.866943e-02	4.601696e+02	3.524155e-02	
40.000000	24.000000	151.647888	319.753846	1.718343e+02	1.299707e+02	5.580971e+02	1.241479e+02	
40.000000	28.000000	150.000000	977.852614	5.091701e-01	3.234835e-02	4.601343e+02	3.312302e-02	
40.000000	32.000000	149.217461	49.019271	2.430449e+02	2.159159e+02	7.669823e+02	1.802351e+02	
40.000000	36.000000	151.885292	90.089805	3.880960e+02	1.549657e+02	1.717233e+03	1.016728e+03	
40.000000	40.000000	155.265481	3.671180	1.040582e+03	7.209096e+02	-2.512765e+03	2.446255e+03	
40.000000	44.000000	158.559762	31.183647	3.080654e+02	9.997797e+02	4.326156e+02	1.066250e+03	
40.000000	48.000000	168.722016	73.090674	5.186633e+02	1.631084e+02	-1.386945e+03	1.027772e+03	
40.000000	52.000000	178.537847	79.015896	4.785802e+02	1.492397e+02	1.976524e+03	1.024266e+03	
40.000000	56.000000	197.055397	7.225883	5.772998e-01	2.747933e-02	4.594859e+02	3.956308e-02	
40.000000	60.000000	209.575794	7.405925	5.408055e-01	3.001600e-02	4.569204e+02	3.457257e-02	
44.000000	0.000000	197.047685	5.903478	6.457113e-01	3.970277e-02	4.517379e+02	4.610157e-02	
44.000000	4.000000	169.313119	6.703788	5.292479e-01	2.734268e-02	4.588697e+02	3.590601e-02	
44.000000	8.000000	166.231985	7.575063	5.542708e-01	2.622068e-02	4.586407e+02	3.782139e-02	
44.000000	12.000000	163.781614	86.780138	5.281339e-01	2.852060e-02	4.591034e+02	3.736669e-02	
44.000000	16.000000	159.553780	181.709377	5.872671e-01	3.333382e-02	4.597752e+02	4.025374e-02	
44.000000	20.000000	157.792798	42.890485	4.712040e-01	3.642764e-02	4.600285e+02	2.956886e-02	
44.000000	24.000000	154.631112	156.534250	5.608325e-01	3.938345e-02	4.598896e+02	6.245064e-02	
44.000000	28.000000	153.736545	3.845151	5.840093e-01	4.297617e-02	4.599634e+02	4.345199e-02	
44.000000	32.000000	153.301990	3.482587	4.919057e-01	3.022559e-02	4.600752e+02	3.100803e-02	
44.000000	36.000000	153.793803	3.475501	5.076721e-01	2.563054e-02	4.602599e+02	3.495613e-02	
44.000000	40.000000	153.825374	51.430368	9.092704e+02	8.865001e+02	1.908284e+03	6.872567e+02	
44.000000	44.000000	161.147719	3.658137	5.842724e+02	4.726507e+02	2.320525e+03	3.711904e+03	
44.000000	48.000000	168.022083	3.544675	5.014357e+02	2.155749e+02	2.118828e+03	1.424690e+03	
44.000000	52.000000	179.612272	4.719915	4.249495e+02	1.171083e+02	1.794222e+03	8.280625e+02	
44.000000	56.000000	197.579250	6.483623	5.975972e-01	3.126995e-02	4.596545e+02	4.091337e-02	
44.000000	60.000000	217.032520	16.962866	5.278659e-01	2.866130e-02	4.572142e+02	3.533710e-02	
48.000000	0.000000	206.020155	17.200725	5.942847e-01	3.532087e-02	4.528056e+02	4.124887e-02	
48.000000	4.000000	176.673737	8.870007	5.108388e-01	3.315957e-02	4.580787e+02	3.284214e-02	
48.000000	8.000000	172.689158	175.408571	5.526646e-01	2.756571e-02	4.582971e+02	3.689616e-02	
48.000000	12.000000	170.761730	7.002961	5.398619e-01	2.356003e-02	4.584761e+02	3.735366e-02	
48.000000	16.000000	165.803037	38.130727	5.058902e-01	3.163700e-02	4.588692e+02	3.220321e-02	
48.000000	20.000000	163.924599	186.073279	4.900214e-01	4.085686e-02	4.589896e+02	3.763816e-02	
48.000000	24.000000	160.792280	84.197104	6.326110e-01	3.520577e-02	4.596047e+02	4.376064e-02	
48.000000	28.000000	160.067452	7.972395	6.132239e-01	3.208942e-02	4.595473e+02	4.216248e-02	
48.000000	32.000000	159.587659	1.687066	5.907791e-01	2.712022e-02	4.596310e+02	3.963929e-02	
48.000000	36.000000	159.586270	130.219536	5.502956e-01	3.266780e-02	4.600816e+02	3.663501e-02	
48.000000	40.000000	159.992704	4.414089	5.070387e-01	2.460609e-02	4.602809e+02	3.492921e-02	
48.000000	44.000000	167.210619	4.359455	7.878361e+02	7.305310e+02	2.289044e+03	4.602272e+02	
48.000000	48.000000	173.357531	5.209953	8.584658e+02	7.984240e+02	2.869919e+03	2.500185e+03	
48.000000	52.000000	185.069729	3.900555	1.440464e+00	3.665638e+02	4.591420e+02	1.000000e+00	
48.000000	56.000000	203.297591	5.777384	5.908779e-01	2.962714e-02	4.596363e+02	3.952588e-02	
48.000000	60.000000	228.305434	10.171442	5.758865e-01	2.642881e-02	4.576737e+02	3.864679e-02	
52.000000	0.000000	222.055657	7.519741	4.847736e-01	3.485653e-02	4.540822e+02	3.042323e-02	
52.000000	4.000000	187.615818	999.240446	6.150689e-01	2.857777e-02	4.572747e+02	4.111096e-02	
52.000000	8.000000	184.576894	117.453394	6.123510e-01	3.185652e-02	4.575376e+02	4.199879e-02	
52.000000	12.000000	179.656965	7.235093	6.484909e-01	3.859450e-02	4.576738e+02	4.561106e-02	
52.000000	16.000000	176.153886	165.461466	5.571384e-01	2.616635e-02	4.583822e+02	3.814925e-02	
52.000000	20.000000	172.055617	197.626012	5.043362e-01	3.099509e-02	4.588699e+02	3.188743e-02	
52.000000	24.000000	170.289379	28.130458	5.376436e-01	2.880216e-02	4.588902e+02	3.461796e-02	
52.000000	28.000000	168.617280	59.417372	5.481096e-01	2.979800e-02	4.590123e+02	3.511194e-02	
52.000000	32.000000	167.050254	5.237942	5.758161e-01	2.817568e-02	4.592122e+02	3.799257e-02	
52.000000	36.000000	167.134830	4.969679	6.493227e-01	3.817396e-02	4.596357e+02	4.551999e-02	
52.000000	40.000000	167.812281	249.027273	5.602812e-01	4.518045e-02	4.599691e+02	5.894165e-02	
52.000000	44.000000	172.046059	4.936525	5.624151e-01	2.703536e-02	4.603597e+02	3.834379e-02	
52.000000	48.000000	179.104252	4.221026	5.342523e-01	2.370540e-02	4.604796e+02	3.817094e-02	
52.000000	52.000000	189.885576	61.423216	2.436640e+02	1.845996e+02	6.423063e+02	1.841275e+02	
52.000000	56.000000	207.656900	40.435996	6.028931e-01	3.544379e-02	4.597832e+02	4.197044e-02	
52.000000	60.000000	234.549802	12.234203	5.871416e-01	2.749914e-02	4.584002e+02	3.943404e-02	
56.000000	0.000000	240.801940	25.461910	5.916948e-01	3.193116e-02	4.552007e+02	3.926747e-02	
56.000000	4.000000	206.935236	76.434483	6.287179e-01	3.626697e-02	4.566999e+02	4.385347e-02	
56.000000	8.000000	202.215301	25.879569	6.094807e-01	3.077372e-02	4.565261e+02	4.122611e-02	
56.000000	12.000000	197.780879	114.179183	5.680120e-01	2.905999e-02	4.568937e+02	3.685354e-02	
56.000000	16.000000	192.204273	8.274393	6.051663e-01	2.876663e-02	4.575669e+02	4.080002e-02	
56.000000	20.000000	186.953335	946.767693	5.689715e-01	3.458005e-02	4.579363e+02	4.803492e-02	
56.000000	24.000000	183.401461	44.171185	5.407152e-01	3.058304e-02	4.582115e+02	3.573544e-02	
56.000000	28.000000	182.949751	5.336391	5.142190e-01	2.554381e-02	4.582742e+02	3.458079e-02	
56.000000	32.000000	180.469845	45.066229	5.537560e-01	2.497107e-02	4.584668e+02	3.810052e-02	
56.000000	36.000000	179.669315	43.777381	5.783307e-01	2.550500e-02	4.587619e+02	4.009260e-02	
56.000000	40.000000	179.545267	4.763328	5.633788e-01	3.156182e-02	4.592113e+02	3.814283e-02	
56.000000	44.000000	182.361141	238.069444	5.516165e-01	2.597744e-02	4.597262e+02	3.685719e-02	
56.000000	48.000000	185.752955	71.899586	5.733202e-01	3.042784e-02	4.599858e+02	3.827335e-02	
56.000000	52.000000	197.050052	189.790811	5.481831e-01	2.838183e-02	4.598929e+02	3.580827e-02	
56.000000	56.000000	214.740716	5.572744	6.086198e-01	2.949577e-02	4.594609e+02	4.109123e-02	
56.000000	60.000000	240.795666	20.129423	5.656385e-01	2.580957e-02	4.582592e+02	3.803192e-02	
60.000000	0.000000	269.196451	24.955869	5.204544e-01	3.849187e-02	4.559532e+02	4.697938e-02	
60.000000	4.000000	283.388899	169.458251	6.354682e-01	3.165724e-02	4.549892e+02	4.197389e-02	
60.000000	8.000000	274.549532	856.328738	5.526912e-01	3.040965e-02	4.549821e+02	3.686349e-02	
60.000000	12.000000	262.522800	846.801474	5.829168e-01	3.146755e-02	4.557330e+02	3.975684e-02	
60.000000	16.000000	249.946448	849.813902	6.041207e-01	2.779032e-02	4.562210e+02	4.073680e-02	
60.000000	20.000000	240.361850	208.539311	5.650629e-01	2.957269e-02	4.568263e+02	3.650259e-02	
60.000000	24.000000	233.669192	219.601453	5.694543e-01	2.830595e-02	4.573360e+02	3.885240e-02	
60.000000	28.000000	227.898501	167.655306	5.519780e-01	2.515991e-02	4.574409e+02	3.765105e-02	
60.000000	32.000000	222.771629	478.493723	6.531455e-01	3.924025e-02	4.576655e+02	4.610797e-02	
60.000000	36.000000	216.676494	60.503027	5.896020e-01	3.054827e-02	4.579272e+02	4.226761e-02	
60.000000	40.000000	210.971067	791.191684	6.537113e-01	3.870012e-02	4.583693e+02	4.581232e-02	
60.000000	44.000000	210.378928	87.002744	5.559338e-01	2.573938e-02	4.587881e+02	3.755931e-02	
60.000000	48.000000	210.318797	452.761786	5.372227e-01	2.634693e-02	4.591892e+02	3.576606e-02	
60.000000	52.000000	217.320921	5.417159	5.376239e-01	2.582440e-02	4.592635e+02	3.579162e-02	
60.000000	56.000000	232.951916	6.120666	5.015676e-01	3.064923e-02	4.589447e+02	3.333142e-02	
60.000000	60.000000	258.486247	7.663881	5.637443e-01	2.624981e-02	4.584127e+02	3.816767e-02	
0.000000	0.000000	299.523872	1030.006902	5.313955e-01	2.662504e-02	4.568247e+02	3.525154e-02	
