0.000000	4.000000	123.690399	2.152912	5.909971e-01	3.160044e-02	4.448877e+02	3.903533e-02	
0.000000	8.000000	131.494765	198.340100	6.065226e-01	2.759439e-02	4.447936e+02	4.145460e-02	
0.000000	12.000000	128.295414	2.398709	6.002307e-01	2.996315e-02	4.451240e+02	3.937384e-02	
0.000000	16.000000	128.294519	2.868307	6.731698e-01	2.935885e-02	4.455424e+02	4.831925e-02	
0.000000	20.000000	128.305934	1.967167	6.336830e-01	3.832222e-02	4.457502e+02	4.493333e-02	
0.000000	24.000000	126.679020	753.893125	5.326430e-01	3.502812e-02	4.459263e+02	4.698563e-02	
0.000000	28.000000	127.740741	2.862962	5.369313e-01	2.973373e-02	4.460242e+02	3.416612e-02	
0.000000	32.000000	126.547913	215.939481	5.937828e-01	2.998465e-02	4.459640e+02	3.889977e-02	
0.000000	36.000000	128.305758	1.522262	5.523406e-01	2.871265e-02	4.462862e+02	3.679298e-02	
0.000000	40.000000	128.311973	1.304320	5.636109e-01	2.572840e-02	4.462418e+02	3.801553e-02	
0.000000	44.000000	134.557938	38.828417	6.126172e-01	3.364251e-02	4.463250e+02	4.231995e-02	
0.000000	48.000000	144.772404	210.235244	5.998831e-01	3.174116e-02	4.456351e+02	4.091764e-02	
0.000000	52.000000	159.564015	14.158181	6.993232e-01	3.389561e-02	4.433608e+02	4.850415e-02	
0.000000	56.000000	159.560076	3.260439	5.323039e-01	2.311470e-02	4.385086e+02	3.688705e-02	
0.000000	60.000000	147.570114	462.953197	5.827070e-01	2.549116e-02	4.317523e+02	4.043077e-02	
4.000000	0.000000	140.803682	8.840041	5.898388e-01	3.159417e-02	4.260331e+02	3.952234e-02	
4.000000	4.000000	134.555644	4.931346	6.242147e-01	3.168893e-02	4.449699e+02	4.248704e-02	
4.000000	8.000000	120.166719	2.530852	6.000788e-01	3.638321e-02	4.448160e+02	4.199138e-02	
4.000000	12.000000	129.879261	191.741903	5.240552e-01	3.119985e-02	4.450862e+02	3.346169e-02	
4.000000	16.000000	128.301803	19.825209	5.849068e-01	2.803993e-02	4.454601e+02	3.954965e-02	
4.000000	20.000000	128.298546	26.288272	6.124171e-01	3.203654e-02	4.455567e+02	4.210428e-02	
4.000000	24.000000	128.300491	2.092972	5.525280e-01	2.589914e-02	4.457736e+02	3.703410e-02	
4.000000	28.000000	128.310643	2.114155	5.689645e-01	2.843826e-02	4.457518e+02	3.753416e-02	
4.000000	32.000000	128.327507	2.045073	5.700713e-01	3.318350e-02	4.459760e+02	4.236558e-02	
4.000000	36.000000	128.303169	7.389977	5.328005e-01	3.028890e-02	4.460568e+02	3.393426e-02	
4.000000	40.000000	128.613290	2.005725	5.390641e-01	2.633375e-02	4.461814e+02	3.606437e-02	
4.000000	44.000000	134.552265	1.328002	5.830952e-01	3.065163e-02	4.462661e+02	3.876911e-02	
4.000000	48.000000	147.059664	1.417406	5.937121e-01	2.955649e-02	4.454439e+02	4.060160e-02	
4.000000	52.000000	159.555718	5.085711	5.606476e-01	2.751003e-02	4.433444e+02	3.768822e-02	
4.000000	56.000000	161.908553	1165.626296	5.918424e-01	2.889525e-02	4.387245e+02	3.930275e-02	
4.000000	60.000000	153.308792	7.250472	5.550330e-01	2.950596e-02	4.322434e+02	3.673899e-02	
8.000000	0.000000	142.052814	7.215089	5.605583e-01	2.602434e-02	4.261838e+02	3.948493e-02	
8.000000	4.000000	134.559923	3.473645	6.294996e-01	3.302697e-02	4.445599e+02	4.281814e-02	
8.000000	8.000000	134.548213	162.622234	6.590470e-01	3.254121e-02	4.444771e+02	4.552348e-02	
8.000000	12.000000	134.549870	2.066503	6.129141e-01	2.887390e-02	4.447180e+02	4.094762e-02	
8.000000	16.000000	129.690170	146.914026	6.265268e-01	3.067899e-02	4.451126e+02	4.143844e-02	
8.000000	20.000000	128.293959	1.678598	5.486488e-01	2.802899e-02	4.452506e+02	3.628751e-02	
8.000000	24.000000	128.305731	29.632986	5.845308e-01	2.687768e-02	4.453542e+02	3.926946e-02	
8.000000	28.000000	128.306149	225.972514	5.697595e-01	2.688627e-02	4.454342e+02	3.904063e-02	
8.000000	32.000000	117.949190	28.233466	6.359171e-01	3.566667e-02	4.455958e+02	4.412009e-02	
8.000000	36.000000	128.295450	1.634033	5.919036e-01	2.908226e-02	4.458968e+02	4.021010e-02	
8.000000	40.000000	133.554445	13.520873	5.671442e-01	2.986365e-02	4.460167e+02	3.704414e-02	
8.000000	44.000000	134.978169	305.265435	5.589101e-01	2.799139e-02	4.458526e+02	3.656300e-02	
8.000000	48.000000	147.049028	2.200293	6.059973e-01	3.194077e-02	4.453727e+02	4.165592e-02	
8.000000	52.000000	159.555771	5.725563	5.731246e-01	2.730137e-02	4.435705e+02	3.925496e-02	
8.000000	56.000000	165.814116	2.893342	5.899706e-01	2.558640e-02	4.392388e+02	4.235512e-02	
8.000000	60.000000	155.658563	6.703171	5.533570e-01	2.941611e-02	4.330784e+02	3.563140e-02	
12.000000	0.000000	147.064251	5.825610	5.355051e-01	2.321366e-02	4.265385e+02	3.712028e-02	
12.000000	4.000000	141.839191	63.795280	6.380266e-01	3.238131e-02	4.444060e+02	4.283247e-02	
12.000000	8.000000	135.077221	3.446933	6.076235e-01	2.925323e-02	4.444516e+02	4.100300e-02	
12.000000	12.000000	134.551825	183.144458	6.223187e-01	3.672388e-02	4.447480e+02	4.369385e-02	
12.000000	16.000000	134.557911	1.960956	6.006960e-01	3.389327e-02	4.449318e+02	4.853754e-02	
12.000000	20.000000	129.708829	1.539588	6.273495e-01	3.474033e-02	4.453214e+02	4.214848e-02	
12.000000	24.000000	128.694087	2.701971	5.440706e-01	2.585683e-02	4.453716e+02	3.703246e-02	
12.000000	28.000000	128.301916	2.186943	5.747984e-01	2.873464e-02	4.453070e+02	3.832548e-02	
12.000000	32.000000	128.827008	3.054328	5.852504e-01	2.841358e-02	4.455141e+02	4.009916e-02	
12.000000	36.000000	129.861054	105.332730	6.556812e-01	3.269482e-02	4.457453e+02	4.373841e-02	
12.000000	40.000000	134.555819	1.970080	5.906883e-01	2.575463e-02	4.457687e+02	4.316743e-02	
12.000000	44.000000	139.929887	1.534811	5.912717e-01	3.189772e-02	4.456919e+02	4.038482e-02	
12.000000	48.000000	135.192860	3.417184	6.765844e-01	3.468036e-02	4.453113e+02	4.536130e-02	
12.000000	52.000000	159.542656	10.339949	6.553813e-01	3.836304e-02	4.435632e+02	4.576776e-02	
12.000000	56.000000	176.262574	3.612977	5.911936e-01	2.656110e-02	4.397878e+02	4.567421e-02	
12.000000	60.000000	159.545138	5.095598	5.477171e-01	3.084069e-02	4.338022e+02	3.675603e-02	
16.000000	0.000000	147.428275	92.689028	5.709633e-01	2.723655e-02	4.268286e+02	4.408028e-02	
16.000000	4.000000	140.803151	4.410863	6.029450e-01	3.032650e-02	4.439415e+02	3.964168e-02	
16.000000	8.000000	139.961310	2.971730	5.661392e-01	2.570867e-02	4.437439e+02	3.804102e-02	
16.000000	12.000000	134.973716	3.554229	6.455336e-01	3.233084e-02	4.442407e+02	4.292844e-02	
16.000000	16.000000	134.551049	200.438930	5.946946e-01	2.563575e-02	4.447552e+02	4.304846e-02	
16.000000	20.000000	134.547886	2.209227	5.821102e-01	2.802110e-02	4.448646e+02	4.056220e-02	
16.000000	24.000000	140.481466	38.732500	5.702054e-01	3.238755e-02	4.449715e+02	4.164690e-02	
16.000000	28.000000	132.929020	169.204896	5.688993e-01	2.963042e-02	4.451433e+02	3.707751e-02	
16.000000	32.000000	133.679887	10.678262	6.229296e-01	3.402358e-02	4.453860e+02	4.304349e-02	
16.000000	36.000000	134.549733	1.925675	6.134810e-01	3.195893e-02	4.454481e+02	4.128774e-02	
16.000000	40.000000	123.708699	182.647769	6.351425e-01	3.882616e-02	4.457434e+02	4.468491e-02	
16.000000	44.000000	140.801900	2.136527	5.688537e-01	2.713113e-02	4.454013e+02	3.893739e-02	
16.000000	48.000000	147.046626	1.836023	5.498873e-01	3.101426e-02	4.450715e+02	3.576643e-02	
16.000000	52.000000	159.551890	4.224991	6.036160e-01	3.087622e-02	4.435565e+02	4.142454e-02	
16.000000	56.000000	172.057112	4.294352	5.980265e-01	3.091702e-02	4.402562e+02	3.967986e-02	
16.000000	60.000000	165.804310	10.156097	5.576403e-01	2.563114e-02	4.345708e+02	3.828049e-02	
20.000000	0.000000	153.295256	7.896292	6.032366e-01	2.897644e-02	4.275533e+02	4.069014e-02	
20.000000	4.000000	140.809292	3.915416	6.308291e-01	2.958965e-02	4.437860e+02	4.239284e-02	
20.000000	8.000000	140.808057	48.336026	6.152250e-01	3.284710e-02	4.436041e+02	4.237735e-02	
20.000000	12.000000	140.795266	2.629444	6.211517e-01	2.983505e-02	4.438682e+02	4.143681e-02	
20.000000	16.000000	136.057633	66.119707	5.821303e-01	2.706269e-02	4.443720e+02	3.912816e-02	
20.000000	20.000000	134.555927	168.276911	5.973788e-01	2.786202e-02	4.447804e+02	3.996712e-02	
20.000000	24.000000	134.553818	3.501130	6.199870e-01	3.153441e-02	4.448571e+02	4.088356e-02	
20.000000	28.000000	134.549221	2.787642	5.781676e-01	2.916725e-02	4.449218e+02	3.881284e-02	
20.000000	32.000000	134.545137	2.888471	5.755273e-01	2.956589e-02	4.450546e+02	3.741375e-02	
20.000000	36.000000	134.550940	217.728103	5.602950e-01	2.989406e-02	4.452340e+02	3.704343e-02	
20.000000	40.000000	134.783705	109.506733	5.759506e-01	2.700808e-02	4.453945e+02	3.880392e-02	
20.000000	44.000000	140.810241	36.238433	5.579374e-01	2.604809e-02	4.452970e+02	3.735020e-02	
20.000000	48.000000	147.060059	2.673119	5.578645e-01	2.990308e-02	4.449999e+02	3.612671e-02	
20.000000	52.000000	160.244848	4.690241	6.198783e-01	2.598744e-02	4.436819e+02	4.387092e-02	
20.000000	56.000000	177.448385	4.034867	5.787229e-01	2.741693e-02	4.404365e+02	3.910886e-02	
20.000000	60.000000	170.816303	5.305933	5.221177e-01	2.325723e-02	4.353764e+02	3.594165e-02	
24.000000	0.000000	159.555604	6.050799	6.459938e-01	3.683789e-02	4.285530e+02	4.490247e-02	
24.000000	4.000000	146.265836	3.807207	6.626882e-01	3.560835e-02	4.435227e+02	4.509611e-02	
24.000000	8.000000	142.257202	1.674654	6.124620e-01	2.762261e-02	4.433851e+02	4.144010e-02	
24.000000	12.000000	140.802824	3.451416	6.218591e-01	2.913215e-02	4.437037e+02	4.168412e-02	
24.000000	16.000000	140.795148	2.462494	5.908280e-01	3.155540e-02	4.440310e+02	3.960159e-02	
24.000000	20.000000	135.756903	104.904243	5.918941e-01	2.720220e-02	4.446314e+02	3.980417e-02	
24.000000	24.000000	123.399854	2.649306	6.423021e-01	4.097868e-02	4.447965e+02	4.666564e-02	
24.000000	28.000000	134.542976	2.281201	5.917787e-01	3.102495e-02	4.450516e+02	3.899726e-02	
24.000000	32.000000	134.553200	2.037635	5.694121e-01	3.302771e-02	4.451614e+02	3.810459e-02	
24.000000	36.000000	134.551798	3.113001	5.418114e-01	2.611291e-02	4.453474e+02	3.673961e-02	
24.000000	40.000000	139.125004	1.907194	5.555288e-01	2.529374e-02	4.454433e+02	3.817621e-02	
24.000000	44.000000	140.809648	2.431094	5.774519e-01	2.748603e-02	4.454953e+02	3.957449e-02	
24.000000	48.000000	158.304944	160.876367	6.275214e-01	3.061028e-02	4.451041e+02	4.169204e-02	
24.000000	52.000000	162.599839	1079.196743	5.870136e-01	3.874213e-02	4.440063e+02	4.876714e-02	
24.000000	56.000000	178.311391	5.316466	5.554475e-01	2.981191e-02	4.411167e+02	3.595063e-02	
24.000000	60.000000	172.647537	11.550129	5.246066e-01	2.500391e-02	4.363040e+02	3.590621e-02	
28.000000	0.000000	161.007202	971.794009	5.802180e-01	2.846344e-02	4.296032e+02	3.970348e-02	
28.000000	4.000000	147.059028	4.373962	6.588800e-01	3.245399e-02	4.433175e+02	4.427724e-02	
28.000000	8.000000	147.050407	5.840957	6.118041e-01	2.952545e-02	4.432198e+02	5.545744e-02	
28.000000	12.000000	144.945592	3.581570	6.676468e-01	4.024912e-02	4.434558e+02	4.685014e-02	
28.000000	16.000000	140.802191	2.561611	5.792369e-01	3.457666e-02	4.439677e+02	4.570621e-02	
28.000000	20.000000	140.798888	2.874475	5.696255e-01	2.561536e-02	4.442150e+02	3.958177e-02	
28.000000	24.000000	145.667301	259.186739	6.833381e-01	4.300639e-02	4.444401e+02	4.840388e-02	
28.000000	28.000000	139.218934	45.168626	5.881239e-01	2.934826e-02	4.445731e+02	3.990475e-02	
28.000000	32.000000	139.090029	46.063244	5.975675e-01	2.807170e-02	4.445903e+02	4.023517e-02	
28.000000	36.000000	140.805249	2.028123	5.786109e-01	2.899040e-02	4.449110e+02	3.847478e-02	
28.000000	40.000000	140.797528	32.184641	5.762687e-01	3.414873e-02	4.451280e+02	3.924759e-02	
28.000000	44.000000	145.388633	41.534155	5.789355e-01	2.656336e-02	4.453357e+02	3.886523e-02	
28.000000	48.000000	153.305983	2.578915	5.820583e-01	3.041994e-02	4.449706e+02	3.925148e-02	
28.000000	52.000000	152.396446	4.132097	5.912160e-01	2.973182e-02	4.439138e+02	4.127106e-02	
28.000000	56.000000	179.693389	10.925847	7.035471e-01	4.653156e-02	4.415255e+02	5.030572e-02	
28.000000	60.000000	178.308704	13.177341	5.754674e-01	3.285186e-02	4.370375e+02	3.969902e-02	
32.000000	0.000000	166.468678	9.647135	6.036160e-01	3.087622e-02	4.305565e+02	4.142455e-02	
32.000000	4.000000	151.444031	79.824793	5.978336e-01	2.554719e-02	4.427383e+02	4.256817e-02	
32.000000	8.000000	148.178638	70.303350	5.878841e-01	3.101454e-02	4.429345e+02	4.270526e-02	
32.000000	12.000000	147.050030	7.701272	5.650228e-01	2.945766e-02	4.431214e+02	3.669017e-02	
32.000000	16.000000	145.408880	2.575311	6.354249e-01	3.523865e-02	4.435244e+02	4.317971e-02	
32.000000	20.000000	141.239558	3.365703	6.061447e-01	3.667788e-02	4.440043e+02	4.737236e-02	
32.000000	24.000000	140.799768	182.165362	5.785633e-01	3.091041e-02	4.441326e+02	3.795717e-02	
32.000000	28.000000	140.813182	200.251019	6.052641e-01	3.193371e-02	4.443217e+02	4.048309e-02	
32.000000	32.000000	140.832996	213.530627	6.057678e-01	3.227795e-02	4.444711e+02	4.105906e-02	
32.000000	36.000000	140.800169	5.050547	5.894157e-01	2.767315e-02	4.448071e+02	3.948083e-02	
32.000000	40.000000	141.618515	4.147249	5.568838e-01	3.016426e-02	4.450085e+02	3.622673e-02	
32.000000	44.000000	147.039996	4.440375	6.284076e-01	3.199721e-02	4.452223e+02	4.165772e-02	
32.000000	48.000000	153.306006	3.037079	5.770080e-01	3.330315e-02	4.450963e+02	3.906199e-02	
32.000000	52.000000	165.788548	25.212441	6.141191e-01	3.119911e-02	4.440837e+02	4.030896e-02	
32.000000	56.000000	183.735364	8.428449	5.322815e-01	3.530175e-02	4.420903e+02	3.637662e-02	
32.000000	60.000000	185.022700	17.768975	5.539595e-01	3.388003e-02	4.378901e+02	5.170554e-02	
36.000000	0.000000	173.300259	854.676128	5.785516e-01	2.929661e-02	4.319235e+02	3.902219e-02	
36.000000	4.000000	153.830792	4.688581	6.465637e-01	2.765222e-02	4.425084e+02	4.275527e-02	
36.000000	8.000000	153.301092	20.906324	5.474824e-01	2.426518e-02	4.425048e+02	3.776440e-02	
36.000000	12.000000	151.743098	84.130812	6.608625e-01	3.702506e-02	4.427491e+02	4.450375e-02	
36.000000	16.000000	147.054964	2.487935	6.018115e-01	3.046987e-02	4.435141e+02	4.128437e-02	
36.000000	20.000000	135.172819	3.167512	6.316112e-01	4.261247e-02	4.438733e+02	4.718293e-02	
36.000000	24.000000	145.454224	18.195725	6.772136e-01	3.549690e-02	4.440054e+02	4.688130e-02	
36.000000	28.000000	144.284459	103.955759	5.709633e-01	2.722356e-02	4.441714e+02	4.405956e-02	
36.000000	32.000000	144.235830	231.505273	6.162506e-01	3.220961e-02	4.443172e+02	4.106922e-02	
36.000000	36.000000	145.395008	114.903377	5.840822e-01	3.173562e-02	4.447166e+02	3.904548e-02	
36.000000	40.000000	147.075224	3.240025	5.578645e-01	2.990351e-02	4.450001e+02	3.612722e-02	
36.000000	44.000000	147.531122	60.043994	6.243554e-01	3.415552e-02	4.452976e+02	4.184702e-02	
36.000000	48.000000	154.607531	47.707354	4.812313e-01	3.856933e-02	4.450198e+02	3.329988e-02	
36.000000	52.000000	165.804266	4.289397	6.084643e-01	3.315722e-02	4.442761e+02	4.065256e-02	
36.000000	56.000000	184.558746	11.457487	6.018425e-01	3.055675e-02	4.423865e+02	4.039949e-02	
36.000000	60.000000	194.702982	6.220169	5.802035e-01	2.789104e-02	4.385376e+02	3.974944e-02	
40.000000	0.000000	182.959113	5.620746	5.388212e-01	3.643655e-02	4.329185e+02	3.803879e-02	
40.000000	4.000000	159.545914	25.401291	6.239728e-01	3.318995e-02	4.421465e+02	4.153257e-02	
40.000000	8.000000	158.019241	5.497323	6.397117e-01	3.168083e-02	4.421611e+02	4.233530e-02	
40.000000	12.000000	153.811650	4.888361	5.972369e-01	3.050668e-02	4.423966e+02	4.095115e-02	
40.000000	16.000000	153.305813	4.560020	6.010079e-01	3.916577e-02	4.430192e+02	4.901339e-02	
40.000000	20.000000	148.300259	99.604454	6.567613e-01	3.357494e-02	4.434549e+02	4.529052e-02	
40.000000	24.000000	147.055743	3.030040	5.881667e-01	2.785127e-02	4.438484e+02	4.084486e-02	
40.000000	28.000000	135.172819	31.839033	6.034610e-01	2.767963e-02	4.438119e+02	4.180895e-02	
40.000000	32.000000	147.052035	3.680285	5.483608e-01	2.946837e-02	4.440661e+02	3.743455e-02	
40.000000	36.000000	147.054549	2.993445	5.822280e-01	2.811986e-02	4.445025e+02	3.949776e-02	
40.000000	40.000000	147.033781	2.944677	6.056762e-01	3.011223e-02	4.448627e+02	3.980691e-02	
40.000000	44.000000	153.298617	3.903454	6.121698e-01	3.470595e-02	4.449871e+02	4.601759e-02	
40.000000	48.000000	159.552059	3.976276	5.622420e-01	3.052135e-02	4.449582e+02	3.651175e-02	
40.000000	52.000000	170.471129	3.989880	6.202614e-01	3.011168e-02	4.443314e+02	4.146650e-02	
40.000000	56.000000	185.109658	402.658701	6.217300e-01	2.656705e-02	4.426497e+02	4.299892e-02	
40.000000	60.000000	203.308598	6.308661	5.700140e-01	2.863075e-02	4.391066e+02	3.986189e-02	
44.000000	0.000000	190.805334	5.723985	5.988788e-01	3.386239e-02	4.340042e+02	4.348287e-02	
44.000000	4.000000	164.787590	19.041997	6.430783e-01	3.421830e-02	4.415427e+02	4.346369e-02	
44.000000	8.000000	163.147049	323.613344	6.916957e-01	4.432957e-02	4.415151e+02	4.910317e-02	
44.000000	12.000000	159.560495	4.759513	5.825842e-01	3.022110e-02	4.419662e+02	3.908220e-02	
44.000000	16.000000	157.620739	214.762827	6.391124e-01	2.834009e-02	4.424957e+02	4.236898e-02	
44.000000	20.000000	153.308066	3.761457	6.510249e-01	3.162176e-02	4.428645e+02	4.738755e-02	
44.000000	24.000000	153.295283	0.322736	6.139063e-01	2.897043e-02	4.431609e+02	4.148094e-02	
44.000000	28.000000	153.305340	3.382044	6.413746e-01	3.821224e-02	4.432972e+02	4.524436e-02	
44.000000	32.000000	152.232097	2.946075	6.291059e-01	3.053020e-02	4.435234e+02	4.267913e-02	
44.000000	36.000000	152.667274	3.040215	5.936797e-01	2.782124e-02	4.438388e+02	4.141833e-02	
44.000000	40.000000	153.298223	3.540309	6.056762e-01	3.011186e-02	4.441373e+02	3.980650e-02	
44.000000	44.000000	154.568960	45.578707	5.690031e-01	2.669215e-02	4.445115e+02	3.861418e-02	
44.000000	48.000000	160.884831	39.324535	6.388551e-01	2.871713e-02	4.447753e+02	4.754797e-02	
44.000000	52.000000	152.913567	3.787028	5.613801e-01	2.919310e-02	4.442857e+02	3.744370e-02	
44.000000	56.000000	190.810651	5.646061	6.056404e-01	2.562536e-02	4.427193e+02	4.305315e-02	
44.000000	60.000000	209.546437	7.196001	5.779627e-01	4.327238e-02	4.399888e+02	5.538308e-02	
48.000000	0.000000	203.293960	6.550917	5.943410e-01	3.279401e-02	4.350627e+02	4.035840e-02	
48.000000	4.000000	172.051937	41.088574	5.940768e-01	3.173449e-02	4.408864e+02	4.871947e-02	
48.000000	8.000000	170.330683	8.712238	6.386599e-01	3.040093e-02	4.408027e+02	5.186832e-02	
48.000000	12.000000	165.800014	6.912819	5.998726e-01	3.482965e-02	4.411772e+02	4.081353e-02	
48.000000	16.000000	163.833572	95.905172	5.887924e-01	3.002533e-02	4.415879e+02	3.944007e-02	
48.000000	20.000000	159.555379	3.882750	5.806556e-01	3.028026e-02	4.423034e+02	3.965119e-02	
48.000000	24.000000	159.548557	33.213277	6.044283e-01	2.887547e-02	4.427181e+02	4.016027e-02	
48.000000	28.000000	157.840029	32.293557	5.816290e-01	2.603398e-02	4.427922e+02	4.292343e-02	
48.000000	32.000000	157.709225	18.469114	6.450878e-01	3.567168e-02	4.431044e+02	4.428840e-02	
48.000000	36.000000	157.466061	88.037578	6.122912e-01	3.190241e-02	4.435688e+02	4.163861e-02	
48.000000	40.000000	158.740728	3.624750	6.208987e-01	3.346508e-02	4.438985e+02	5.078064e-02	
48.000000	44.000000	159.559217	3.641335	5.853552e-01	2.778528e-02	4.444274e+02	3.948101e-02	
48.000000	48.000000	165.808329	3.924225	5.797203e-01	2.916090e-02	4.443460e+02	3.952884e-02	
48.000000	52.000000	177.200984	339.526428	6.451859e-01	3.946786e-02	4.440565e+02	4.905621e-02	
48.000000	56.000000	191.532300	6.276725	6.058338e-01	3.489955e-02	4.430272e+02	4.402731e-02	
48.000000	60.000000	215.804279	9.705111	5.736856e-01	2.760685e-02	4.405939e+02	3.926513e-02	
52.000000	0.000000	215.801948	12.752591	5.148182e-01	2.131309e-02	4.364704e+02	3.613505e-02	
52.000000	4.000000	182.872891	29.146556	6.802564e-01	3.398503e-02	4.398499e+02	4.534985e-02	
52.000000	8.000000	179.519168	9.385246	6.045977e-01	2.833661e-02	4.398358e+02	4.395074e-02	
52.000000	12.000000	177.276129	552.494322	5.732932e-01	3.472722e-02	4.400810e+02	4.007267e-02	
52.000000	16.000000	172.055221	4.943109	6.070635e-01	3.137401e-02	4.411252e+02	3.998869e-02	
52.000000	20.000000	169.630737	5.146949	6.216541e-01	2.698733e-02	4.416335e+02	4.262943e-02	
52.000000	24.000000	166.555584	35.107288	5.521073e-01	3.369267e-02	4.421735e+02	3.717326e-02	
52.000000	28.000000	165.801890	225.218940	6.510182e-01	2.911462e-02	4.423085e+02	4.489263e-02	
52.000000	32.000000	164.623505	138.507031	6.147080e-01	3.214235e-02	4.425733e+02	4.173870e-02	
52.000000	36.000000	164.217206	0.264733	6.415380e-01	3.169053e-02	4.430566e+02	4.253609e-02	
52.000000	40.000000	164.784945	255.253830	5.677971e-01	2.710132e-02	4.435119e+02	3.876544e-02	
52.000000	44.000000	166.281121	0.415262	5.714138e-01	2.903369e-02	4.439201e+02	3.765352e-02	
52.000000	48.000000	172.053705	185.877325	6.256212e-01	3.508854e-02	4.442550e+02	4.210964e-02	
52.000000	52.000000	183.325195	3.450955	6.263349e-01	2.984222e-02	4.442272e+02	4.165295e-02	
52.000000	56.000000	197.060453	26.463947	6.247661e-01	2.897020e-02	4.434685e+02	4.152441e-02	
52.000000	60.000000	222.045331	19.544138	6.421945e-01	3.627074e-02	4.413644e+02	4.318042e-02	
56.000000	0.000000	234.554526	7.899126	5.470874e-01	2.600731e-02	4.377577e+02	3.648068e-02	
56.000000	4.000000	199.369159	962.865384	6.503288e-01	2.967694e-02	4.386713e+02	4.433094e-02	
56.000000	8.000000	197.709160	33.903737	6.389461e-01	2.908170e-02	4.386951e+02	4.333097e-02	
56.000000	12.000000	192.137825	9.852821	6.241209e-01	3.101808e-02	4.390777e+02	4.105596e-02	
56.000000	16.000000	186.570850	916.192394	6.600336e-01	3.334845e-02	4.399470e+02	4.582803e-02	
56.000000	20.000000	182.939468	39.739084	6.059422e-01	3.599126e-02	4.407884e+02	4.234297e-02	
56.000000	24.000000	179.663286	7.538607	5.878900e-01	3.563194e-02	4.411366e+02	4.082618e-02	
56.000000	28.000000	178.831507	56.208230	6.273520e-01	3.049216e-02	4.412479e+02	4.172167e-02	
56.000000	32.000000	177.429887	415.604406	6.206204e-01	3.083083e-02	4.416413e+02	4.154071e-02	
56.000000	36.000000	176.236287	875.098868	5.586814e-01	2.839939e-02	4.421421e+02	4.393652e-02	
56.000000	40.000000	176.067327	891.838485	6.536271e-01	3.891879e-02	4.426411e+02	4.597008e-02	
56.000000	44.000000	177.087627	331.329259	6.009333e-01	3.535315e-02	4.430895e+02	4.225814e-02	
56.000000	48.000000	182.825066	36.647624	6.099473e-01	3.170173e-02	4.435658e+02	4.182515e-02	
56.000000	52.000000	190.807912	210.158445	6.333191e-01	3.076681e-02	4.435183e+02	4.303979e-02	
56.000000	56.000000	204.168881	6.235720	5.937017e-01	3.529229e-02	4.431254e+02	4.113761e-02	
56.000000	60.000000	228.301100	7.574891	6.231777e-01	2.611799e-02	4.416726e+02	4.405426e-02	
60.000000	0.000000	259.559231	24.226629	5.643263e-01	2.948871e-02	4.387191e+02	3.760558e-02	
60.000000	4.000000	262.175495	886.842911	5.867224e-01	3.149267e-02	4.369757e+02	4.098873e-02	
60.000000	8.000000	256.479843	86.368916	5.764661e-01	3.034909e-02	4.369452e+02	4.019409e-02	
60.000000	12.000000	247.128285	605.840262	5.587753e-01	2.566709e-02	4.374386e+02	3.836237e-02	
60.000000	16.000000	236.716343	851.352156	5.918349e-01	2.951910e-02	4.383358e+02	3.945752e-02	
60.000000	20.000000	228.367747	127.160054	6.323995e-01	3.208265e-02	4.391217e+02	4.176616e-02	
60.000000	24.000000	222.465452	425.861920	5.900473e-01	4.038546e-02	4.400051e+02	5.111524e-02	
60.000000	28.000000	217.325400	56.606500	6.570588e-01	3.042283e-02	4.402010e+02	4.794747e-02	
60.000000	32.000000	213.611137	843.009912	7.589187e-01	5.839116e-02	4.406100e+02	5.711674e-02	
60.000000	36.000000	209.127273	58.638951	5.773137e-01	2.941058e-02	4.411480e+02	3.772651e-02	
60.000000	40.000000	205.027788	57.445139	6.149498e-01	2.966304e-02	4.415385e+02	4.146173e-02	
60.000000	44.000000	203.811466	49.791136	6.045394e-01	3.046620e-02	4.420000e+02	3.952450e-02	
60.000000	48.000000	204.769783	61.324633	6.326448e-01	2.816633e-02	4.424119e+02	4.319024e-02	
60.000000	52.000000	210.937199	76.048291	6.010122e-01	3.115756e-02	4.426218e+02	4.116142e-02	
60.000000	56.000000	223.431993	587.879950	6.972825e-01	4.551421e-02	4.425758e+02	4.977562e-02	
60.000000	60.000000	246.180877	42.055899	5.746982e-01	2.733766e-02	4.416093e+02	3.857465e-02	
0.000000	0.000000	282.466092	42.518588	5.119372e-01	2.115157e-02	4.395348e+02	3.609752e-02	
