0.000000	4.000000	134.554138	16.605501	6.026666e-01	3.072237e-02	4.510494e+02	3.955156e-02	
0.000000	8.000000	134.557886	7.741947	6.190570e-01	3.342737e-02	4.503910e+02	4.270488e-02	
0.000000	12.000000	134.547387	4.647695	6.327927e-01	3.862815e-02	4.502354e+02	4.502087e-02	
0.000000	16.000000	133.659336	3.676279	5.836520e-01	2.969115e-02	4.500509e+02	3.850433e-02	
0.000000	20.000000	128.289413	3.723030	6.513372e-01	3.835290e-02	4.503739e+02	4.565745e-02	
0.000000	24.000000	128.300648	2.743864	6.854864e-01	3.148475e-02	4.507174e+02	4.870865e-02	
0.000000	28.000000	124.079526	965.749836	6.498380e-01	2.642378e-02	4.513914e+02	4.490328e-02	
0.000000	32.000000	122.715052	2.966307	6.221724e-01	3.364600e-02	4.515902e+02	4.293025e-02	
0.000000	36.000000	123.320270	74.610061	6.125850e-01	3.523507e-02	4.518055e+02	4.161983e-02	
0.000000	40.000000	128.247528	1.175633	6.492081e-01	3.732794e-02	4.524660e+02	4.525394e-02	
0.000000	44.000000	135.076535	0.838836	1.768826e+02	1.720075e+02	6.411807e+02	1.514494e+02	
0.000000	48.000000	147.383791	2.927259	5.981434e-01	2.951573e-02	4.516879e+02	3.985314e-02	
0.000000	52.000000	163.726817	1077.202410	7.012620e-01	3.880998e-02	4.462237e+02	4.606183e-02	
0.000000	56.000000	148.300717	633.734833	5.906924e-01	3.142730e-02	4.379413e+02	3.919081e-02	
0.000000	60.000000	140.801985	8.736068	6.213729e-01	3.614861e-02	4.350349e+02	4.576155e-02	
4.000000	0.000000	134.545387	5.075001	6.135652e-01	3.267481e-02	4.366503e+02	4.113834e-02	
4.000000	4.000000	135.295288	5.566667	5.601662e-01	2.781549e-02	4.513161e+02	3.748024e-02	
4.000000	8.000000	134.566905	5.525766	6.320081e-01	3.213192e-02	4.505229e+02	4.299084e-02	
4.000000	12.000000	134.560902	6.917299	5.862386e-01	2.828073e-02	4.502130e+02	3.887051e-02	
4.000000	16.000000	134.552519	4.875428	5.942549e-01	2.556791e-02	4.502484e+02	4.264742e-02	
4.000000	20.000000	131.366815	164.163431	5.795941e-01	3.434459e-02	4.500384e+02	4.145253e-02	
4.000000	24.000000	128.302186	3.798603	5.995880e-01	3.030011e-02	4.509232e+02	3.920739e-02	
4.000000	28.000000	128.245143	2.596310	6.012434e-01	2.670921e-02	4.506510e+02	4.056359e-02	
4.000000	32.000000	126.785919	586.844273	5.930933e-01	2.819991e-02	4.514277e+02	3.997096e-02	
4.000000	36.000000	128.245141	1.686908	5.731094e-01	2.803550e-02	4.518055e+02	3.778321e-02	
4.000000	40.000000	128.309441	19.239098	5.944669e-01	3.288921e-02	4.522651e+02	4.087650e-02	
4.000000	44.000000	134.550997	205.603311	5.929048e-01	2.768487e-02	4.528241e+02	4.054195e-02	
4.000000	48.000000	148.478421	58.882488	5.721178e-01	2.582142e-02	4.517360e+02	3.870772e-02	
4.000000	52.000000	165.795894	3.524546	6.604807e-01	3.790103e-02	4.462657e+02	4.445123e-02	
4.000000	56.000000	153.301974	8.181841	6.059669e-01	3.249708e-02	4.385535e+02	4.130337e-02	
4.000000	60.000000	142.124051	8.350824	5.499390e-01	2.753261e-02	4.352839e+02	3.655121e-02	
8.000000	0.000000	140.079094	302.945773	5.483767e-01	2.871795e-02	4.362121e+02	3.609356e-02	
8.000000	4.000000	139.097898	465.847200	6.229426e-01	3.046857e-02	4.508990e+02	4.331920e-02	
8.000000	8.000000	139.086715	813.614207	6.114900e-01	3.073013e-02	4.501075e+02	4.014919e-02	
8.000000	12.000000	135.943372	13.140440	6.351095e-01	3.360145e-02	4.499114e+02	4.268524e-02	
8.000000	16.000000	134.551891	5.757960	4.891399e-01	3.506894e-02	4.499262e+02	3.105969e-02	
8.000000	20.000000	134.553841	3.373983	5.916344e-01	2.636738e-02	4.503248e+02	3.993216e-02	
8.000000	24.000000	128.944602	4.368262	5.821293e-01	2.697988e-02	4.506633e+02	3.899407e-02	
8.000000	28.000000	128.303955	3.999313	6.234616e-01	3.341958e-02	4.505285e+02	4.296910e-02	
8.000000	32.000000	128.308308	3.010493	5.963301e-01	2.587009e-02	4.507041e+02	4.097469e-02	
8.000000	36.000000	128.337222	106.852629	6.387751e-01	3.605279e-02	4.514513e+02	4.354244e-02	
8.000000	40.000000	128.245140	2.098684	6.105471e-01	3.086641e-02	4.518882e+02	4.009970e-02	
8.000000	44.000000	134.587222	1.636619	6.472791e-01	2.806258e-02	4.524128e+02	4.517150e-02	
8.000000	48.000000	151.153886	137.028123	5.954807e-01	3.040913e-02	4.516128e+02	4.081782e-02	
8.000000	52.000000	171.171832	5.982905	7.488004e-01	5.682623e-02	4.476631e+02	5.693937e-02	
8.000000	56.000000	157.796762	7.369815	5.739177e-01	3.007373e-02	4.393731e+02	3.910677e-02	
8.000000	60.000000	147.052079	6.341482	7.342523e-01	3.874685e-02	4.347431e+02	5.008496e-02	
12.000000	0.000000	140.803771	7.523215	5.894059e-01	2.586580e-02	4.362947e+02	4.006439e-02	
12.000000	4.000000	140.805921	15.975074	6.096288e-01	3.116404e-02	4.508185e+02	4.022197e-02	
12.000000	8.000000	140.826934	9.912661	5.624086e-01	2.795752e-02	4.498701e+02	3.727785e-02	
12.000000	12.000000	140.801706	5.607638	6.236066e-01	2.801623e-02	4.497788e+02	4.398620e-02	
12.000000	16.000000	138.476360	1011.148743	5.841594e-01	2.560540e-02	4.497316e+02	3.997573e-02	
12.000000	20.000000	134.552552	6.651011	6.053444e-01	3.171297e-02	4.501939e+02	4.013483e-02	
12.000000	24.000000	133.620429	2.796838	6.304582e-01	3.162156e-02	4.506179e+02	4.230839e-02	
12.000000	28.000000	128.297350	3.522762	5.683849e-01	2.735094e-02	4.505460e+02	3.873438e-02	
12.000000	32.000000	128.247826	2.718023	5.589095e-01	2.976916e-02	4.509896e+02	3.613334e-02	
12.000000	36.000000	128.291702	2.681298	6.013404e-01	2.971963e-02	4.513213e+02	4.010050e-02	
12.000000	40.000000	132.947686	117.339071	5.725205e-01	2.990575e-02	4.518360e+02	3.753157e-02	
12.000000	44.000000	138.380737	31.298546	6.104572e-01	3.137008e-02	4.515901e+02	4.104035e-02	
12.000000	48.000000	153.279440	2.213081	6.010745e-01	3.042677e-02	4.514671e+02	4.123064e-02	
12.000000	52.000000	172.054748	4.544990	6.713527e-01	3.466389e-02	4.482039e+02	4.437436e-02	
12.000000	56.000000	159.587222	7.895696	6.349640e-01	3.408380e-02	4.401706e+02	4.252996e-02	
12.000000	60.000000	147.052210	5.927628	5.817384e-01	3.039501e-02	4.352138e+02	3.846003e-02	
16.000000	0.000000	142.019935	11.913299	7.418422e-01	3.972325e-02	4.358987e+02	5.504738e-02	
16.000000	4.000000	142.044036	7.285724	6.782699e-01	3.570632e-02	4.506719e+02	4.570169e-02	
16.000000	8.000000	140.804601	5.357643	6.486767e-01	3.438808e-02	4.494525e+02	4.396581e-02	
16.000000	12.000000	140.812421	7.825294	7.448829e-01	4.446582e-02	4.495478e+02	5.381687e-02	
16.000000	16.000000	140.804150	8.655921	6.044294e-01	3.092532e-02	4.494529e+02	4.148439e-02	
16.000000	20.000000	135.958882	85.956726	5.590996e-01	3.160092e-02	4.501228e+02	3.678231e-02	
16.000000	24.000000	134.548961	3.880596	6.328363e-01	3.476347e-02	4.504713e+02	4.374169e-02	
16.000000	28.000000	132.857269	0.000216	5.895191e-01	2.772584e-02	4.503995e+02	3.975724e-02	
16.000000	32.000000	129.728421	3.870943	6.187578e-01	2.916746e-02	4.508230e+02	4.175485e-02	
16.000000	36.000000	132.155096	35.650204	5.725903e-01	2.778124e-02	4.511648e+02	3.794336e-02	
16.000000	40.000000	134.555556	2.170022	6.611355e-01	3.948262e-02	4.515785e+02	4.645174e-02	
16.000000	44.000000	140.768646	2.618332	6.311490e-01	3.650812e-02	4.516762e+02	4.378559e-02	
16.000000	48.000000	153.299953	2.854057	5.628597e-01	3.025019e-02	4.509288e+02	3.649071e-02	
16.000000	52.000000	174.178484	1149.410755	6.283080e-01	3.152698e-02	4.478541e+02	4.154546e-02	
16.000000	56.000000	165.800318	7.633776	6.310794e-01	3.249561e-02	4.411291e+02	4.186074e-02	
16.000000	60.000000	153.301029	6.624127	5.938276e-01	3.001204e-02	4.349490e+02	3.877266e-02	
20.000000	0.000000	147.046239	8.475983	5.449014e-01	3.117866e-02	4.362053e+02	3.613507e-02	
20.000000	4.000000	147.054478	4.983823	5.850370e-01	2.674591e-02	4.506597e+02	3.939791e-02	
20.000000	8.000000	147.038475	5.223900	6.052210e-01	3.178214e-02	4.496926e+02	4.041035e-02	
20.000000	12.000000	145.798770	7.395931	5.721025e-01	2.808162e-02	4.493919e+02	3.860840e-02	
20.000000	16.000000	142.234769	6.545025	5.764259e-01	2.829585e-02	4.493781e+02	3.941629e-02	
20.000000	20.000000	140.801755	5.397529	6.466858e-01	3.171693e-02	4.497061e+02	4.325798e-02	
20.000000	24.000000	135.069103	4.199144	5.633765e-01	3.010467e-02	4.502515e+02	3.828391e-02	
20.000000	28.000000	134.549333	3.049562	6.120774e-01	2.781946e-02	4.507824e+02	4.204240e-02	
20.000000	32.000000	134.554477	2.490734	6.304582e-01	3.162156e-02	4.506179e+02	4.230839e-02	
20.000000	36.000000	134.550914	2.822180	5.758833e-01	2.969213e-02	4.509621e+02	3.773722e-02	
20.000000	40.000000	134.504884	200.920876	6.228874e-01	3.355027e-02	4.511106e+02	4.188100e-02	
20.000000	44.000000	140.811207	38.090206	6.022010e-01	2.786199e-02	4.513917e+02	4.064730e-02	
20.000000	48.000000	153.279448	174.191628	5.912741e-01	3.098287e-02	4.511547e+02	3.889955e-02	
20.000000	52.000000	178.301872	8.315159	6.677061e-01	3.824464e-02	4.486377e+02	4.700992e-02	
20.000000	56.000000	172.046326	8.081970	6.512908e-01	3.782006e-02	4.418234e+02	4.489108e-02	
20.000000	60.000000	153.302146	8.806634	6.004193e-01	2.687450e-02	4.346476e+02	4.054421e-02	
24.000000	0.000000	147.577419	6.832006	6.965838e-01	3.350710e-02	4.355379e+02	4.652649e-02	
24.000000	4.000000	147.050027	7.900184	6.269822e-01	2.868188e-02	4.504462e+02	4.182351e-02	
24.000000	8.000000	147.052944	10.230984	5.601128e-01	2.658860e-02	4.495101e+02	3.807149e-02	
24.000000	12.000000	147.055036	13.635534	5.672252e-01	2.678905e-02	4.494154e+02	3.885339e-02	
24.000000	16.000000	147.052197	5.066396	5.118492e-01	3.050706e-02	4.490176e+02	3.220263e-02	
24.000000	20.000000	141.303241	5.639375	5.232142e-01	2.861518e-02	4.491852e+02	3.396724e-02	
24.000000	24.000000	139.709093	124.154448	5.514025e-01	3.344274e-02	4.500073e+02	3.942181e-02	
24.000000	28.000000	135.146316	56.012527	5.684351e-01	2.631941e-02	4.502801e+02	3.821015e-02	
24.000000	32.000000	134.546874	192.418120	6.283478e-01	3.329853e-02	4.501960e+02	4.189742e-02	
24.000000	36.000000	134.557869	19.538169	6.017721e-01	2.807040e-02	4.507681e+02	4.035520e-02	
24.000000	40.000000	135.974720	86.496097	5.824462e-01	2.789222e-02	4.511421e+02	4.021437e-02	
24.000000	44.000000	142.059461	3.738873	5.817215e-01	2.927919e-02	4.513588e+02	3.986202e-02	
24.000000	48.000000	153.306533	4.714195	6.578983e-01	3.270959e-02	4.509538e+02	4.399656e-02	
24.000000	52.000000	178.304258	10.469577	6.297341e-01	3.086100e-02	4.487386e+02	4.189734e-02	
24.000000	56.000000	175.795972	1134.062375	6.419595e-01	3.884605e-02	4.425879e+02	4.423781e-02	
24.000000	60.000000	159.550343	8.768562	6.498445e-01	3.152251e-02	4.348483e+02	4.349298e-02	
28.000000	0.000000	153.304875	9.520332	6.253085e-01	3.498118e-02	4.356927e+02	4.181413e-02	
28.000000	4.000000	151.629485	124.382089	5.670576e-01	3.113393e-02	4.500323e+02	3.973826e-02	
28.000000	8.000000	151.488823	907.291807	6.450967e-01	3.326467e-02	4.492624e+02	4.304833e-02	
28.000000	12.000000	148.846110	172.795981	5.675739e-01	2.968657e-02	4.489749e+02	3.689714e-02	
28.000000	16.000000	147.058448	9.425448	6.752009e-01	3.229906e-02	4.487567e+02	4.601119e-02	
28.000000	20.000000	147.054883	4.097393	5.983602e-01	2.936674e-02	4.492975e+02	3.990554e-02	
28.000000	24.000000	140.804617	6.861125	6.082016e-01	2.649769e-02	4.496633e+02	4.160496e-02	
28.000000	28.000000	140.077551	3.738769	6.579492e-01	3.239916e-02	4.500913e+02	4.528997e-02	
28.000000	32.000000	136.745794	71.379088	6.002631e-01	3.231655e-02	4.502235e+02	3.994292e-02	
28.000000	36.000000	138.429150	996.395995	6.391444e-01	3.171337e-02	4.504947e+02	4.356414e-02	
28.000000	40.000000	140.804897	3.139084	5.960282e-01	3.117281e-02	4.508318e+02	3.928886e-02	
28.000000	44.000000	147.055995	2.353055	5.780493e-01	3.026374e-02	4.512001e+02	3.812992e-02	
28.000000	48.000000	156.772094	190.692467	6.239767e-01	2.653861e-02	4.506535e+02	4.351947e-02	
28.000000	52.000000	178.938930	11.755813	6.208704e-01	2.993225e-02	4.488666e+02	4.479425e-02	
28.000000	56.000000	181.755460	6.044505	6.260995e-01	3.428421e-02	4.436543e+02	4.166153e-02	
28.000000	60.000000	164.932566	9.075325	6.321617e-01	2.958992e-02	4.348324e+02	4.460423e-02	
32.000000	0.000000	157.894851	6.228566	6.200262e-01	2.933810e-02	4.355137e+02	4.130825e-02	
32.000000	4.000000	153.702860	9.032549	6.521111e-01	3.628954e-02	4.497676e+02	4.389396e-02	
32.000000	8.000000	153.294276	11.273106	6.389519e-01	3.197673e-02	4.488926e+02	4.721535e-02	
32.000000	12.000000	153.304192	16.033947	6.294306e-01	3.031177e-02	4.484674e+02	4.279359e-02	
32.000000	16.000000	151.164622	108.168521	6.095464e-01	3.369270e-02	4.486451e+02	4.175658e-02	
32.000000	20.000000	147.057910	14.868121	5.963301e-01	2.587008e-02	4.487041e+02	4.097467e-02	
32.000000	24.000000	145.920055	4.897271	5.756129e-01	2.633554e-02	4.493122e+02	3.871629e-02	
32.000000	28.000000	140.793675	31.032351	5.586518e-01	3.024264e-02	4.498043e+02	3.677047e-02	
32.000000	32.000000	140.827284	4.902325	5.967146e-01	3.269207e-02	4.499697e+02	4.109086e-02	
32.000000	36.000000	140.805143	4.995346	6.654049e-01	3.282988e-02	4.501523e+02	4.442451e-02	
32.000000	40.000000	140.800875	4.392355	5.397751e-01	3.053233e-02	4.508748e+02	3.486073e-02	
32.000000	44.000000	147.052046	5.738100	6.222331e-01	3.283477e-02	4.509380e+02	4.184885e-02	
32.000000	48.000000	158.553795	3.727193	6.677497e-01	2.973490e-02	4.507419e+02	5.174967e-02	
32.000000	52.000000	180.833566	12.181871	6.015238e-01	2.940974e-02	4.488155e+02	3.969966e-02	
32.000000	56.000000	189.207341	871.353007	6.279461e-01	3.331705e-02	4.443435e+02	4.212988e-02	
32.000000	60.000000	172.045906	8.561041	5.674545e-01	2.960992e-02	4.362793e+02	3.866638e-02	
36.000000	0.000000	159.555518	7.078519	6.138300e-01	3.076389e-02	4.353578e+02	4.115693e-02	
36.000000	4.000000	158.410643	12.971506	6.071507e-01	3.093310e-02	4.496089e+02	4.075410e-02	
36.000000	8.000000	157.951119	7.621355	6.293156e-01	2.926489e-02	4.488112e+02	4.287247e-02	
36.000000	12.000000	157.742895	8.430155	6.570231e-01	3.399889e-02	4.485544e+02	4.533422e-02	
36.000000	16.000000	153.948323	8.801674	6.677771e-01	3.129128e-02	4.483741e+02	4.597457e-02	
36.000000	20.000000	152.600257	93.925510	5.919477e-01	3.154233e-02	4.483759e+02	3.973986e-02	
36.000000	24.000000	147.089150	6.716592	6.090700e-01	3.244263e-02	4.493446e+02	4.091931e-02	
36.000000	28.000000	146.403918	3.681727	5.238619e-01	2.705600e-02	4.497406e+02	3.498112e-02	
36.000000	32.000000	142.690155	6.866028	5.865176e-01	4.135770e-02	4.499344e+02	4.284149e-02	
36.000000	36.000000	141.651319	6.565744	5.963582e-01	2.691355e-02	4.496740e+02	4.032307e-02	
36.000000	40.000000	146.036487	3.119678	5.387088e-01	2.531445e-02	4.506828e+02	3.629199e-02	
36.000000	44.000000	148.474720	97.166568	5.765794e-01	2.807218e-02	4.508715e+02	3.980804e-02	
36.000000	48.000000	159.555927	6.151728	6.038439e-01	2.576176e-02	4.507431e+02	4.439331e-02	
36.000000	52.000000	184.555560	8.525288	5.933225e-01	2.859979e-02	4.494507e+02	4.013284e-02	
36.000000	56.000000	197.055071	13.440630	6.619950e-01	3.010920e-02	4.453390e+02	4.585776e-02	
36.000000	60.000000	178.295553	10.244166	5.843163e-01	2.990488e-02	4.370727e+02	4.065993e-02	
40.000000	0.000000	165.795610	8.580087	6.529048e-01	3.473413e-02	4.349995e+02	4.612106e-02	
40.000000	4.000000	163.514560	162.830857	6.166873e-01	3.093749e-02	4.490812e+02	4.353644e-02	
40.000000	8.000000	162.367281	101.033228	6.798983e-01	3.665373e-02	4.481742e+02	4.565689e-02	
40.000000	12.000000	160.423065	125.341568	6.152914e-01	3.279312e-02	4.480255e+02	4.217846e-02	
40.000000	16.000000	159.548904	15.887322	5.917787e-01	3.102495e-02	4.480516e+02	3.899727e-02	
40.000000	20.000000	155.281898	54.690111	5.926613e-01	2.970839e-02	4.481259e+02	4.506740e-02	
40.000000	24.000000	153.337222	6.320402	6.572160e-01	3.236737e-02	4.489113e+02	4.528493e-02	
40.000000	28.000000	147.045030	5.919519	5.717518e-01	2.811157e-02	4.491987e+02	3.766013e-02	
40.000000	32.000000	147.040718	6.400461	5.569530e-01	2.804734e-02	4.497024e+02	3.794174e-02	
40.000000	36.000000	147.055602	4.621276	5.677970e-01	2.966369e-02	4.499602e+02	3.681172e-02	
40.000000	40.000000	147.055556	6.301614	6.244689e-01	2.812594e-02	4.502136e+02	4.469800e-02	
40.000000	44.000000	153.298049	4.263807	6.213705e-01	2.822895e-02	4.507419e+02	4.212616e-02	
40.000000	48.000000	163.135751	79.466226	6.016685e-01	3.403534e-02	4.502781e+02	4.144835e-02	
40.000000	52.000000	184.587222	16.415084	6.181818e-01	3.318228e-02	4.496314e+02	4.151386e-02	
40.000000	56.000000	203.811885	9.848531	6.479544e-01	3.193603e-02	4.460698e+02	4.301765e-02	
40.000000	60.000000	184.555627	12.288976	6.622399e-01	3.958826e-02	4.384312e+02	4.651943e-02	
44.000000	0.000000	172.050780	7.732695	6.249587e-01	3.359998e-02	4.345684e+02	4.170253e-02	
44.000000	4.000000	169.772404	45.705729	5.830291e-01	2.646637e-02	4.486725e+02	3.918606e-02	
44.000000	8.000000	167.869258	78.353025	6.032379e-01	2.567987e-02	4.477087e+02	4.208366e-02	
44.000000	12.000000	167.041264	9.578040	5.882732e-01	2.885064e-02	4.474624e+02	4.030496e-02	
44.000000	16.000000	164.869050	98.692983	6.231483e-01	3.239663e-02	4.469812e+02	4.321098e-02	
44.000000	20.000000	160.783930	507.495736	6.225030e-01	3.092819e-02	4.479322e+02	4.234259e-02	
44.000000	24.000000	157.397155	8.131144	5.647974e-01	2.920702e-02	4.487160e+02	3.847212e-02	
44.000000	28.000000	153.302552	29.761782	6.265495e-01	3.154606e-02	4.489413e+02	4.132731e-02	
44.000000	32.000000	152.153354	109.879099	5.496755e-01	2.900367e-02	4.492527e+02	3.644005e-02	
44.000000	36.000000	151.593103	98.486722	6.255588e-01	3.331763e-02	4.494667e+02	4.225336e-02	
44.000000	40.000000	152.453981	4.267557	6.250480e-01	3.167725e-02	4.500325e+02	4.251614e-02	
44.000000	44.000000	157.004203	215.368943	6.203035e-01	2.609057e-02	4.506880e+02	4.388548e-02	
44.000000	48.000000	165.802346	8.941262	5.842636e-01	2.839571e-02	4.505096e+02	3.929867e-02	
44.000000	52.000000	186.508528	1034.475063	6.821895e-01	2.854967e-02	4.495705e+02	4.523997e-02	
44.000000	56.000000	215.800017	17.480454	6.475028e-01	3.051890e-02	4.463667e+02	4.307546e-02	
44.000000	60.000000	197.054259	9.614499	6.211672e-01	2.786278e-02	4.396043e+02	4.220940e-02	
48.000000	0.000000	179.097606	10.104882	5.585543e-01	3.801488e-02	4.338917e+02	5.942967e-02	
48.000000	4.000000	176.560719	110.445766	6.569951e-01	3.047228e-02	4.475124e+02	4.380773e-02	
48.000000	8.000000	176.743097	206.321810	6.016636e-01	3.221298e-02	4.470960e+02	4.005738e-02	
48.000000	12.000000	175.116819	994.671991	6.616962e-01	2.634191e-02	4.465391e+02	4.423909e-02	
48.000000	16.000000	172.591716	9.335664	6.427404e-01	2.813777e-02	4.465896e+02	4.465346e-02	
48.000000	20.000000	169.897277	57.138912	6.127649e-01	2.865588e-02	4.474219e+02	4.096306e-02	
48.000000	24.000000	163.988823	145.594275	6.485109e-01	3.366216e-02	4.480258e+02	4.511532e-02	
48.000000	28.000000	158.670170	24.315045	6.633187e-01	2.611900e-02	4.484653e+02	4.420951e-02	
48.000000	32.000000	157.800356	34.396649	5.957208e-01	2.886803e-02	4.488587e+02	3.951973e-02	
48.000000	36.000000	157.218104	239.478997	5.997153e-01	3.043755e-02	4.489206e+02	3.930923e-02	
48.000000	40.000000	158.340790	38.171838	5.257205e-01	2.439889e-02	4.496400e+02	3.615465e-02	
48.000000	44.000000	160.719565	30.267796	6.589094e-01	3.355166e-02	4.498990e+02	4.373591e-02	
48.000000	48.000000	170.423026	5.728194	6.032436e-01	3.054872e-02	4.498512e+02	3.972236e-02	
48.000000	52.000000	190.800422	33.267295	6.734013e-01	3.367388e-02	4.493506e+02	4.553567e-02	
48.000000	56.000000	222.045152	10.425227	8.050846e-01	4.473577e-02	4.468719e+02	5.701226e-02	
48.000000	60.000000	210.882760	570.204951	6.447805e-01	3.162255e-02	4.410986e+02	4.297447e-02	
52.000000	0.000000	190.805192	11.450198	6.335016e-01	2.836556e-02	4.335528e+02	4.226643e-02	
52.000000	4.000000	189.034276	673.997945	6.804329e-01	3.394611e-02	4.471103e+02	4.530808e-02	
52.000000	8.000000	188.227928	995.731879	6.725566e-01	3.667157e-02	4.463387e+02	4.491502e-02	
52.000000	12.000000	185.700761	692.091898	6.581804e-01	2.871671e-02	4.457122e+02	4.630778e-02	
52.000000	16.000000	182.918950	38.594238	5.988229e-01	2.965257e-02	4.461930e+02	3.946859e-02	
52.000000	20.000000	179.550487	37.003477	6.462379e-01	2.789232e-02	4.465042e+02	4.291398e-02	
52.000000	24.000000	173.457258	23.536721	5.788384e-01	2.711829e-02	4.473901e+02	3.896596e-02	
52.000000	28.000000	168.303548	169.079760	6.594024e-01	3.292823e-02	4.480000e+02	4.371776e-02	
52.000000	32.000000	165.535501	46.567023	6.460877e-01	3.366667e-02	4.484335e+02	4.370541e-02	
52.000000	36.000000	164.063198	585.700809	7.146154e-01	5.009242e-02	4.486770e+02	5.304102e-02	
52.000000	40.000000	164.084682	7.403475	5.767819e-01	2.822590e-02	4.492110e+02	3.814986e-02	
52.000000	44.000000	167.638860	231.941202	5.071768e-01	3.517058e-02	4.499033e+02	3.259920e-02	
52.000000	48.000000	176.707341	731.339140	6.170868e-01	3.808471e-02	4.498064e+02	4.390723e-02	
52.000000	52.000000	197.057841	5.149752	6.072516e-01	2.893959e-02	4.498403e+02	4.058486e-02	
52.000000	56.000000	229.018223	12.497497	6.436833e-01	2.671413e-02	4.476425e+02	4.670415e-02	
52.000000	60.000000	231.557626	19.069979	7.218273e-01	3.544684e-02	4.424910e+02	4.761871e-02	
56.000000	0.000000	209.555524	11.513019	5.742411e-01	2.970006e-02	4.349328e+02	3.725197e-02	
56.000000	4.000000	208.445570	21.863315	6.329046e-01	3.270536e-02	4.459602e+02	4.245125e-02	
56.000000	8.000000	210.291201	26.058985	5.861804e-01	2.914525e-02	4.451487e+02	3.846008e-02	
56.000000	12.000000	207.976768	42.865647	6.657094e-01	3.314345e-02	4.449649e+02	4.433580e-02	
56.000000	16.000000	204.548014	44.270531	6.428178e-01	3.259862e-02	4.449937e+02	4.332291e-02	
56.000000	20.000000	197.932469	27.717660	7.120283e-01	3.695621e-02	4.454256e+02	4.945652e-02	
56.000000	24.000000	189.573223	217.040100	6.892486e-01	3.486534e-02	4.463801e+02	4.704284e-02	
56.000000	28.000000	182.811822	26.891287	6.684526e-01	3.231370e-02	4.468526e+02	4.606806e-02	
56.000000	32.000000	180.575653	86.207332	6.336867e-01	2.967550e-02	4.476801e+02	4.265541e-02	
56.000000	36.000000	177.519767	435.346044	6.180481e-01	2.584154e-02	4.483020e+02	4.438462e-02	
56.000000	40.000000	176.689804	705.920707	7.277701e-01	4.152811e-02	4.485815e+02	5.276049e-02	
56.000000	44.000000	179.536785	54.572443	6.214499e-01	3.147041e-02	4.492790e+02	4.132340e-02	
56.000000	48.000000	186.129261	889.497353	6.067752e-01	3.746906e-02	4.498466e+02	4.285197e-02	
56.000000	52.000000	204.542551	10.787710	6.150414e-01	2.805924e-02	4.497840e+02	4.240026e-02	
56.000000	56.000000	237.886109	1043.296048	5.995533e-01	3.166748e-02	4.480438e+02	4.000746e-02	
56.000000	60.000000	262.902972	1098.727343	6.577005e-01	3.315627e-02	4.437989e+02	4.352930e-02	
60.000000	0.000000	239.166024	136.460276	5.979514e-01	3.011473e-02	4.365378e+02	4.108933e-02	
60.000000	4.000000	312.960877	753.437034	7.498039e-01	4.108506e-02	4.446147e+02	5.250238e-02	
60.000000	8.000000	312.343695	753.730766	6.874532e-01	3.515185e-02	4.441817e+02	4.587810e-02	
60.000000	12.000000	306.523302	202.280054	5.862879e-01	3.000056e-02	4.438939e+02	3.826431e-02	
60.000000	16.000000	299.288964	798.667701	6.904995e-01	3.465787e-02	4.441083e+02	4.620758e-02	
60.000000	20.000000	283.606928	367.096015	6.092870e-01	2.609617e-02	4.446934e+02	4.224595e-02	
60.000000	24.000000	262.300141	848.853519	6.210635e-01	3.343530e-02	4.454238e+02	4.291142e-02	
60.000000	28.000000	247.051979	683.080655	6.099360e-01	3.090620e-02	4.469375e+02	4.008383e-02	
60.000000	32.000000	233.964076	581.866964	6.049614e-01	3.058286e-02	4.470234e+02	3.969277e-02	
60.000000	36.000000	223.427151	681.210978	6.539474e-01	3.165762e-02	4.477052e+02	4.392159e-02	
60.000000	40.000000	213.675010	823.512491	6.169250e-01	2.990056e-02	4.481087e+02	4.165160e-02	
60.000000	44.000000	210.318996	32.736337	6.514157e-01	2.998803e-02	4.487904e+02	4.593741e-02	
60.000000	48.000000	210.985367	336.626106	5.722761e-01	2.864433e-02	4.492792e+02	3.800668e-02	
60.000000	52.000000	225.386110	915.732012	6.196087e-01	3.127756e-02	4.489958e+02	4.111286e-02	
60.000000	56.000000	254.693382	15.778042	6.668533e-01	3.602100e-02	4.477200e+02	4.466002e-02	
60.000000	60.000000	314.111528	616.794987	6.601608e-01	3.596946e-02	4.451872e+02	4.437451e-02	
0.000000	0.000000	304.540140	24.279880	5.929378e-01	2.566515e-02	4.397165e+02	4.076850e-02	
