0.000000	4.000000	101.681040	6.471076	4.822318e-01	3.643598e-02	3.230101e+02	3.236312e-02	
0.000000	8.000000	101.541094	9.976889	5.404520e-01	2.472364e-02	3.223736e+02	3.675535e-02	
0.000000	12.000000	101.236274	12.331567	5.547430e-01	2.583464e-02	3.222186e+02	3.735874e-02	
0.000000	16.000000	99.523877	18.040191	5.338890e-01	3.191552e-02	3.220219e+02	3.729795e-02	
0.000000	20.000000	98.495124	4.450988	6.093637e-01	2.568465e-02	3.222901e+02	4.326289e-02	
0.000000	24.000000	97.312111	3.385160	5.558382e-01	2.785705e-02	3.227016e+02	3.778444e-02	
0.000000	28.000000	97.054146	3.265925	5.015062e-01	6.476686e-02	3.231232e+02	5.154815e-02	
0.000000	32.000000	98.384834	3.036319	4.943768e-01	2.679801e-02	3.232153e+02	3.272387e-02	
0.000000	36.000000	103.302047	1.951964	5.487844e-01	2.666013e-02	3.233346e+02	3.695037e-02	
0.000000	40.000000	103.308724	2.587300	5.579867e-01	3.388700e-02	3.228477e+02	3.769884e-02	
0.000000	44.000000	110.793132	5.762550	5.076961e-01	3.576202e-02	3.209672e+02	3.971546e-02	
0.000000	48.000000	115.825212	6.880423	5.419775e-01	2.636123e-02	3.173065e+02	3.691327e-02	
0.000000	52.000000	109.555845	6.066111	5.501392e-01	2.486984e-02	3.095711e+02	3.784254e-02	
0.000000	56.000000	97.058897	5.196710	5.720200e-01	2.753866e-02	2.933967e+02	3.914057e-02	
0.000000	60.000000	84.555978	5.455281	5.625119e-01	2.833493e-02	2.807790e+02	3.694423e-02	
4.000000	0.000000	84.544442	4.250936	5.592840e-01	2.791822e-02	2.813020e+02	3.733191e-02	
4.000000	4.000000	103.306004	3.757338	5.343054e-01	2.631618e-02	3.231980e+02	3.536179e-02	
4.000000	8.000000	103.295936	3.746433	6.061213e-01	3.062143e-02	3.225000e+02	4.107469e-02	
4.000000	12.000000	103.295206	3.734758	5.569121e-01	3.137932e-02	3.222023e+02	3.756133e-02	
4.000000	16.000000	103.314130	3.591115	5.772943e-01	2.992914e-02	3.220294e+02	3.745386e-02	
4.000000	20.000000	102.529857	3.863116	5.576895e-01	2.942096e-02	3.222574e+02	3.701427e-02	
4.000000	24.000000	101.222212	36.219907	5.872671e-01	3.333387e-02	3.227752e+02	4.025394e-02	
4.000000	28.000000	99.408563	3.464112	5.024258e-01	3.513496e-02	3.229733e+02	3.745912e-02	
4.000000	32.000000	101.706869	2.646663	4.937023e-01	2.882286e-02	3.231377e+02	3.157604e-02	
4.000000	36.000000	103.293267	2.466303	5.355721e-01	2.978315e-02	3.230382e+02	3.396742e-02	
4.000000	40.000000	104.466176	76.799038	5.548509e-01	2.554579e-02	3.225898e+02	3.807827e-02	
4.000000	44.000000	114.038245	6.864714	5.350372e-01	2.670177e-02	3.211559e+02	3.603372e-02	
4.000000	48.000000	121.332749	3.166169	5.324667e-01	2.312744e-02	3.175012e+02	3.688205e-02	
4.000000	52.000000	109.539906	3.636484	5.193489e-01	2.502449e-02	3.102817e+02	3.497310e-02	
4.000000	56.000000	97.054515	4.167940	5.872133e-01	3.003877e-02	2.949958e+02	3.820612e-02	
4.000000	60.000000	90.795825	3.731651	5.756931e-01	2.775473e-02	2.808553e+02	3.884056e-02	
8.000000	0.000000	84.563109	3.532229	5.166913e-01	2.320845e-02	2.813563e+02	3.557118e-02	
8.000000	4.000000	103.299381	9.547617	5.223571e-01	2.528368e-02	3.232898e+02	3.567654e-02	
8.000000	8.000000	103.306786	8.548551	6.048838e-01	3.415978e-02	3.222641e+02	4.185762e-02	
8.000000	12.000000	103.306795	8.257418	5.052727e-01	2.920950e-02	3.221611e+02	3.238924e-02	
8.000000	16.000000	103.309686	5.014957	4.877127e-01	3.246588e-02	3.220573e+02	2.991016e-02	
8.000000	20.000000	103.304058	3.734603	4.810774e-01	2.807733e-02	3.221710e+02	3.131812e-02	
8.000000	24.000000	103.303926	2.762333	5.640053e-01	2.667222e-02	3.226035e+02	3.861468e-02	
8.000000	28.000000	103.308714	2.651583	5.320868e-01	2.907679e-02	3.230702e+02	3.416717e-02	
8.000000	32.000000	103.298508	2.390624	5.387588e-01	2.842398e-02	3.232378e+02	3.627768e-02	
8.000000	36.000000	103.301996	4.492232	4.926003e-01	2.927953e-02	3.231731e+02	3.261199e-02	
8.000000	40.000000	108.503870	10.595944	5.352992e-01	2.374058e-02	3.225959e+02	3.698168e-02	
8.000000	44.000000	115.805654	2.948077	5.213869e-01	2.224326e-02	3.214267e+02	3.639465e-02	
8.000000	48.000000	122.047729	3.980246	5.090446e-01	3.084381e-02	3.180595e+02	3.537429e-02	
8.000000	52.000000	115.795728	3.494451	5.097213e-01	2.088776e-02	3.114900e+02	3.603797e-02	
8.000000	56.000000	103.310077	4.416693	5.615410e-01	3.125139e-02	2.971153e+02	3.679247e-02	
8.000000	60.000000	90.807966	4.441320	4.617227e-01	2.594358e-02	2.812166e+02	3.194738e-02	
12.000000	0.000000	86.111054	4.826813	5.656022e-01	2.617654e-02	2.815188e+02	3.881386e-02	
12.000000	4.000000	103.295346	4.726790	5.750507e-01	2.550934e-02	3.232503e+02	3.915157e-02	
12.000000	8.000000	103.295202	4.224179	5.258482e-01	2.833710e-02	3.222184e+02	3.523818e-02	
12.000000	12.000000	103.304757	4.499890	5.442385e-01	2.971276e-02	3.220654e+02	3.483740e-02	
12.000000	16.000000	103.305615	4.467515	5.004383e-01	2.876088e-02	3.218943e+02	3.179807e-02	
12.000000	20.000000	103.303275	5.484067	5.207212e-01	2.760369e-02	3.221281e+02	3.452180e-02	
12.000000	24.000000	103.305469	10.307243	5.501392e-01	2.486943e-02	3.224289e+02	3.784213e-02	
12.000000	28.000000	103.301893	3.615999	5.026850e-01	3.030813e-02	3.229384e+02	3.329308e-02	
12.000000	32.000000	103.305373	5.229300	5.023896e-01	3.106424e-02	3.231501e+02	3.282388e-02	
12.000000	36.000000	103.326330	3.102458	5.038236e-01	2.801105e-02	3.231522e+02	3.258361e-02	
12.000000	40.000000	109.546237	2.404354	6.114655e-01	3.575578e-02	3.227643e+02	4.261508e-02	
12.000000	44.000000	115.798151	3.306354	5.291681e-01	2.259007e-02	3.215291e+02	3.682774e-02	
12.000000	48.000000	122.052455	4.914393	5.901834e-01	2.982760e-02	3.183827e+02	4.041751e-02	
12.000000	52.000000	115.796881	2.956762	5.215760e-01	2.271671e-02	3.124031e+02	3.625607e-02	
12.000000	56.000000	103.337250	3.552391	5.208221e-01	3.611850e-02	2.990181e+02	3.796879e-02	
12.000000	60.000000	90.801950	3.439961	5.943530e-01	2.985410e-02	2.818892e+02	3.890115e-02	
16.000000	0.000000	90.792004	3.597385	5.507794e-01	2.461866e-02	2.814810e+02	3.794177e-02	
16.000000	4.000000	105.434542	1062.920679	5.783350e-01	3.781585e-02	3.228906e+02	4.039924e-02	
16.000000	8.000000	105.138864	1030.426313	5.400154e-01	3.038960e-02	3.221562e+02	3.506477e-02	
16.000000	12.000000	104.724720	62.589402	5.877223e-01	3.977270e-02	3.219088e+02	4.213068e-02	
16.000000	16.000000	104.669315	90.952303	5.635075e-01	2.806964e-02	3.218822e+02	3.780273e-02	
16.000000	20.000000	103.305334	4.539464	4.971140e-01	3.226392e-02	3.219655e+02	3.354665e-02	
16.000000	24.000000	103.303210	3.946311	5.366053e-01	2.430141e-02	3.223759e+02	3.694554e-02	
16.000000	28.000000	103.301105	3.969714	5.870402e-01	3.684541e-02	3.228563e+02	4.099727e-02	
16.000000	32.000000	103.305832	3.356013	5.181106e-01	4.267975e-02	3.229834e+02	3.487399e-02	
16.000000	36.000000	104.506902	8.471636	5.170379e-01	3.297243e-02	3.230653e+02	3.354995e-02	
16.000000	40.000000	109.553541	25.133600	6.180573e-01	3.400776e-02	3.226565e+02	4.273975e-02	
16.000000	44.000000	115.801981	7.835105	5.501392e-01	2.486985e-02	3.215711e+02	3.784254e-02	
16.000000	48.000000	126.615171	4.475783	5.925411e-01	2.781266e-02	3.187897e+02	3.956225e-02	
16.000000	52.000000	122.045140	4.202182	4.728977e-01	2.953467e-02	3.131444e+02	3.023613e-02	
16.000000	56.000000	109.545622	4.498117	5.271526e-01	2.702991e-02	3.008503e+02	3.503818e-02	
16.000000	60.000000	97.055284	4.116460	5.314514e-01	2.911131e-02	2.830805e+02	3.405353e-02	
20.000000	0.000000	90.803486	4.185541	5.309335e-01	2.449468e-02	2.813423e+02	3.648573e-02	
20.000000	4.000000	109.556224	4.410114	6.106414e-01	3.465544e-02	3.227309e+02	4.229267e-02	
20.000000	8.000000	109.551891	4.282895	6.096164e-01	3.344822e-02	3.216843e+02	4.208202e-02	
20.000000	12.000000	109.550369	4.415544	5.465053e-01	2.411581e-02	3.215047e+02	3.762970e-02	
20.000000	16.000000	108.660972	3.082441	5.181564e-01	2.222352e-02	3.215931e+02	3.619395e-02	
20.000000	20.000000	107.754877	118.381481	5.373185e-01	2.499262e-02	3.216644e+02	3.634823e-02	
20.000000	24.000000	105.250475	86.680007	5.136195e-01	2.857385e-02	3.221012e+02	3.407085e-02	
20.000000	28.000000	103.750426	4.190551	6.396170e-01	3.734613e-02	3.226733e+02	4.482823e-02	
20.000000	32.000000	104.663293	73.130992	5.110431e-01	3.031675e-02	3.229611e+02	3.193028e-02	
20.000000	36.000000	108.332324	2.226611	5.758774e-01	2.568595e-02	3.227867e+02	4.094052e-02	
20.000000	40.000000	109.562318	2.833671	6.076742e-01	3.173401e-02	3.224057e+02	4.175765e-02	
20.000000	44.000000	115.801891	3.122564	5.858941e-01	3.312889e-02	3.217716e+02	4.019534e-02	
20.000000	48.000000	128.306316	4.898919	5.165868e-01	2.637494e-02	3.192185e+02	3.416050e-02	
20.000000	52.000000	122.050297	4.372358	5.704984e-01	2.898399e-02	3.139077e+02	3.729159e-02	
20.000000	56.000000	109.554151	4.713228	5.929813e-01	3.314354e-02	3.027488e+02	4.078351e-02	
20.000000	60.000000	97.053176	4.605067	5.477171e-01	3.084068e-02	2.848022e+02	3.675619e-02	
24.000000	0.000000	90.809951	4.375176	5.392578e-01	2.462250e-02	2.816286e+02	3.707068e-02	
24.000000	4.000000	109.545290	7.465371	5.979260e-01	3.255643e-02	3.227107e+02	4.103046e-02	
24.000000	8.000000	109.555842	8.672103	5.649343e-01	2.873962e-02	3.217012e+02	3.843698e-02	
24.000000	12.000000	109.555468	5.957938	5.148182e-01	2.131319e-02	3.214704e+02	3.613518e-02	
24.000000	16.000000	109.542353	13.141322	5.882732e-01	2.885061e-02	3.215376e+02	4.030482e-02	
24.000000	20.000000	109.555865	5.762912	5.885502e-01	3.017824e-02	3.216541e+02	4.019729e-02	
24.000000	24.000000	109.557142	3.278774	4.884931e-01	3.353142e-02	3.220658e+02	3.032255e-02	
24.000000	28.000000	108.610133	2.815988	5.590290e-01	2.602231e-02	3.226297e+02	3.772049e-02	
24.000000	32.000000	109.556392	2.615539	5.461148e-01	3.021385e-02	3.229711e+02	3.515254e-02	
24.000000	36.000000	109.543207	4.634904	5.047381e-01	3.485614e-02	3.230418e+02	3.354908e-02	
24.000000	40.000000	110.854992	7.415425	5.776695e-01	3.504750e-02	3.228392e+02	3.965252e-02	
24.000000	44.000000	117.180534	54.555778	5.375086e-01	2.628370e-02	3.221864e+02	3.575854e-02	
24.000000	48.000000	128.303140	4.458610	5.519467e-01	2.592784e-02	3.198028e+02	3.742488e-02	
24.000000	52.000000	128.298919	7.388372	5.159411e-01	2.739636e-02	3.151524e+02	3.364817e-02	
24.000000	56.000000	115.804200	6.381118	5.596690e-01	2.949680e-02	3.047428e+02	3.792095e-02	
24.000000	60.000000	103.336033	4.818096	5.262532e-01	2.964764e-02	2.871920e+02	3.502368e-02	
28.000000	0.000000	97.064357	4.450190	5.599080e-01	2.605741e-02	2.817071e+02	3.747950e-02	
28.000000	4.000000	110.791160	15.041868	5.512970e-01	2.490081e-02	3.224384e+02	3.792535e-02	
28.000000	8.000000	110.716176	14.563789	5.594448e-01	2.596254e-02	3.214151e+02	3.836495e-02	
28.000000	12.000000	110.793133	10.963180	5.092188e-01	2.303279e-02	3.213334e+02	3.541691e-02	
28.000000	16.000000	110.231082	4.366956	5.788583e-01	2.626814e-02	3.213188e+02	3.879593e-02	
28.000000	20.000000	109.550551	3.314879	5.284134e-01	2.284272e-02	3.215726e+02	3.671374e-02	
28.000000	24.000000	109.545149	5.090753	5.499667e-01	3.386932e-02	3.218592e+02	3.683242e-02	
28.000000	28.000000	109.555930	17.387624	5.965634e-01	2.987353e-02	3.225376e+02	4.089836e-02	
28.000000	32.000000	109.556007	29.006247	5.466753e-01	2.883867e-02	3.228780e+02	4.205870e-02	
28.000000	36.000000	109.555865	3.264535	5.066782e-01	3.188062e-02	3.230488e+02	3.573278e-02	
28.000000	40.000000	115.795168	2.294854	5.586474e-01	3.745782e-02	3.229070e+02	3.831350e-02	
28.000000	44.000000	122.055345	2.876442	5.579696e-01	2.804120e-02	3.221514e+02	3.644423e-02	
28.000000	48.000000	128.301093	4.599677	5.407850e-01	2.780447e-02	3.202454e+02	3.573910e-02	
28.000000	52.000000	132.155096	1121.469949	5.471110e-01	2.601245e-02	3.157833e+02	3.657149e-02	
28.000000	56.000000	119.451298	985.262763	5.985644e-01	2.945924e-02	3.065069e+02	4.049541e-02	
28.000000	60.000000	103.297700	5.831684	5.662332e-01	2.643368e-02	2.896153e+02	3.819438e-02	
32.000000	0.000000	97.054185	4.858812	5.894801e-01	2.957102e-02	2.815734e+02	4.008065e-02	
32.000000	4.000000	115.801076	4.363071	5.786711e-01	2.782163e-02	3.224437e+02	3.963636e-02	
32.000000	8.000000	114.969907	4.137191	5.097306e-01	2.119066e-02	3.214604e+02	3.600346e-02	
32.000000	12.000000	115.805828	3.609718	5.639929e-01	3.016318e-02	3.211833e+02	3.698300e-02	
32.000000	16.000000	114.697977	4.198657	5.639450e-01	2.837410e-02	3.212389e+02	3.714229e-02	
32.000000	20.000000	114.566303	4.869089	5.241361e-01	2.399672e-02	3.213432e+02	3.577337e-02	
32.000000	24.000000	111.283940	138.025229	5.573610e-01	2.605257e-02	3.216851e+02	3.737396e-02	
32.000000	28.000000	109.924584	4.357258	5.502644e-01	2.594159e-02	3.222050e+02	3.704771e-02	
32.000000	32.000000	110.101848	3.646974	5.795984e-01	2.732652e-02	3.225771e+02	3.903303e-02	
32.000000	36.000000	113.722212	14.192061	5.718301e-01	2.973912e-02	3.227142e+02	3.885023e-02	
32.000000	40.000000	115.802084	16.514988	5.758406e-01	2.568779e-02	3.227289e+02	3.886177e-02	
32.000000	44.000000	122.054162	6.857317	6.119392e-01	2.904896e-02	3.221730e+02	4.088882e-02	
32.000000	48.000000	132.865171	658.467089	5.636220e-01	2.780277e-02	3.203312e+02	3.843157e-02	
32.000000	52.000000	134.554159	5.099022	4.694806e-01	2.539958e-02	3.162280e+02	3.289891e-02	
32.000000	56.000000	122.052252	5.570878	5.222208e-01	2.963134e-02	3.079405e+02	3.310304e-02	
32.000000	60.000000	109.549895	4.980664	5.513196e-01	3.141295e-02	2.920348e+02	3.648372e-02	
36.000000	0.000000	102.534069	5.019549	5.440612e-01	2.582904e-02	2.813345e+02	3.718242e-02	
36.000000	4.000000	115.794326	5.611964	5.571663e-01	2.971988e-02	3.220350e+02	3.577513e-02	
36.000000	8.000000	115.802246	6.156637	5.297275e-01	2.881194e-02	3.211697e+02	3.421769e-02	
36.000000	12.000000	115.802068	6.171534	4.978292e-01	3.113331e-02	3.210038e+02	3.062438e-02	
36.000000	16.000000	115.808256	9.321608	5.567108e-01	2.829139e-02	3.208957e+02	3.713943e-02	
36.000000	20.000000	115.795165	10.551078	5.054865e-01	3.191656e-02	3.210204e+02	3.203516e-02	
36.000000	24.000000	115.804161	3.407433	5.403747e-01	2.357110e-02	3.214952e+02	3.738833e-02	
36.000000	28.000000	115.805907	2.519306	5.515926e-01	3.523597e-02	3.220140e+02	4.108271e-02	
36.000000	32.000000	115.805536	2.579427	6.074305e-01	3.169758e-02	3.224767e+02	4.108311e-02	
36.000000	36.000000	115.793125	3.072086	5.997405e-01	3.034926e-02	3.225517e+02	4.113271e-02	
36.000000	40.000000	116.424737	3.654071	6.119552e-01	2.805084e-02	3.227565e+02	4.125661e-02	
36.000000	44.000000	122.049576	2.991934	5.760456e-01	2.779945e-02	3.221407e+02	3.905567e-02	
36.000000	48.000000	134.551172	5.904681	5.427064e-01	2.442011e-02	3.205952e+02	3.737273e-02	
36.000000	52.000000	140.803674	3.845223	5.028553e-01	2.906612e-02	3.170965e+02	3.238972e-02	
36.000000	56.000000	128.292555	3.935775	5.636119e-01	2.899942e-02	3.097151e+02	3.830151e-02	
36.000000	60.000000	115.801993	5.513342	5.837805e-01	3.016630e-02	2.949318e+02	4.095552e-02	
40.000000	0.000000	103.295202	5.085920	5.427717e-01	2.607608e-02	2.812001e+02	3.619583e-02	
40.000000	4.000000	122.051911	4.174511	5.329779e-01	2.368315e-02	3.215887e+02	3.661891e-02	
40.000000	8.000000	122.049657	4.256025	5.507487e-01	2.713337e-02	3.206927e+02	3.747680e-02	
40.000000	12.000000	122.056101	4.427704	5.848855e-01	2.926645e-02	3.203781e+02	4.002288e-02	
40.000000	16.000000	120.447161	66.001404	6.241129e-01	3.346663e-02	3.205000e+02	4.301498e-02	
40.000000	20.000000	119.166434	1088.546462	6.030168e-01	3.304193e-02	3.207026e+02	4.155063e-02	
40.000000	24.000000	116.957042	76.381977	5.938785e-01	2.881853e-02	3.212712e+02	3.943974e-02	
40.000000	28.000000	115.795160	4.556983	5.569121e-01	3.137930e-02	3.217977e+02	3.756059e-02	
40.000000	32.000000	115.794813	4.548567	5.806448e-01	2.578600e-02	3.222798e+02	3.932436e-02	
40.000000	36.000000	116.515274	4.296242	5.938703e-01	2.985799e-02	3.225889e+02	4.060881e-02	
40.000000	40.000000	122.041641	2.444978	5.891745e-01	2.889659e-02	3.225188e+02	4.037126e-02	
40.000000	44.000000	127.476470	2.792574	5.445832e-01	2.528014e-02	3.223626e+02	3.733379e-02	
40.000000	48.000000	134.555861	4.144082	5.003714e-01	3.794221e-02	3.210630e+02	3.446141e-02	
40.000000	52.000000	147.055367	7.275161	5.772823e-01	2.809564e-02	3.177920e+02	3.811773e-02	
40.000000	56.000000	134.558556	4.444008	4.833849e-01	3.005197e-02	3.111156e+02	3.039322e-02	
40.000000	60.000000	122.045822	6.581469	5.453209e-01	2.610881e-02	2.978087e+02	3.667836e-02	
44.000000	0.000000	109.554561	5.386815	5.404350e-01	2.505946e-02	2.813453e+02	3.657408e-02	
44.000000	4.000000	122.578558	5.195976	5.018982e-01	2.934968e-02	3.211715e+02	3.230254e-02	
44.000000	8.000000	122.044511	5.017649	5.745989e-01	3.002318e-02	3.201833e+02	3.770749e-02	
44.000000	12.000000	122.044983	5.145562	5.470817e-01	3.264628e-02	3.199625e+02	4.081737e-02	
44.000000	16.000000	122.054274	4.294765	5.281339e-01	2.852385e-02	3.198966e+02	3.737051e-02	
44.000000	20.000000	122.041080	6.542497	5.120512e-01	2.865480e-02	3.201794e+02	3.311527e-02	
44.000000	24.000000	122.045147	5.176781	5.885089e-01	2.826428e-02	3.205446e+02	3.975744e-02	
44.000000	28.000000	122.049931	2.877013	5.179119e-01	2.709231e-02	3.212348e+02	3.490879e-02	
44.000000	32.000000	122.045162	3.047607	5.544666e-01	2.526219e-02	3.215662e+02	3.810028e-02	
44.000000	36.000000	122.045398	2.833442	5.631012e-01	2.910070e-02	3.219209e+02	3.659536e-02	
44.000000	40.000000	122.055829	2.881775	5.453581e-01	3.036365e-02	3.220331e+02	3.516057e-02	
44.000000	44.000000	128.304138	12.714310	4.985727e-01	3.572148e-02	3.220188e+02	3.677282e-02	
44.000000	48.000000	140.179783	4.205557	5.556008e-01	2.926732e-02	3.209421e+02	3.597202e-02	
44.000000	52.000000	152.411062	5.117773	5.683970e-01	2.775210e-02	3.181407e+02	3.779822e-02	
44.000000	56.000000	141.309264	8.653541	5.718695e-01	2.724999e-02	3.124201e+02	3.916191e-02	
44.000000	60.000000	128.327849	4.624735	5.481357e-01	2.454837e-02	3.005570e+02	3.775554e-02	
48.000000	0.000000	115.798978	4.727630	5.353207e-01	3.012352e-02	2.830022e+02	3.427219e-02	
48.000000	4.000000	128.300876	6.510980	5.965634e-01	2.987358e-02	3.204624e+02	4.089852e-02	
48.000000	8.000000	128.294165	7.234870	5.179029e-01	2.169724e-02	3.195443e+02	3.631393e-02	
48.000000	12.000000	128.310055	8.787040	5.690133e-01	2.727268e-02	3.193878e+02	3.884078e-02	
48.000000	16.000000	128.298740	11.393507	5.457873e-01	2.448984e-02	3.194239e+02	3.758872e-02	
48.000000	20.000000	128.302104	5.498472	5.474178e-01	2.825798e-02	3.197388e+02	3.702716e-02	
48.000000	24.000000	127.438243	3.747694	5.356735e-01	3.241740e-02	3.200278e+02	3.594841e-02	
48.000000	28.000000	124.706757	35.273515	5.622637e-01	2.834969e-02	3.206967e+02	3.825561e-02	
48.000000	32.000000	123.460623	5.554599	4.489292e-01	2.686772e-02	3.212019e+02	3.153459e-02	
48.000000	36.000000	125.591437	40.196703	5.455003e-01	2.545559e-02	3.216635e+02	3.678860e-02	
48.000000	40.000000	128.301701	3.279001	4.874909e-01	3.009519e-02	3.218990e+02	3.058938e-02	
48.000000	44.000000	134.587133	2.847512	5.895091e-01	2.554153e-02	3.217575e+02	4.200155e-02	
48.000000	48.000000	140.794317	4.842925	5.958341e-01	3.020801e-02	3.209872e+02	3.888691e-02	
48.000000	52.000000	154.183703	757.316980	5.669640e-01	2.575970e-02	3.187447e+02	3.820495e-02	
48.000000	56.000000	153.298165	7.643126	6.028931e-01	3.544384e-02	3.137832e+02	4.197067e-02	
48.000000	60.000000	140.854040	4.274474	5.802730e-01	2.547885e-02	3.037440e+02	3.971170e-02	
52.000000	0.000000	122.055385	5.545049	5.837534e-01	3.421772e-02	2.868075e+02	4.006730e-02	
52.000000	4.000000	134.551698	5.647019	5.389695e-01	2.938511e-02	3.197847e+02	3.614333e-02	
52.000000	8.000000	134.557163	5.925312	5.977699e-01	2.956639e-02	3.189002e+02	4.176772e-02	
52.000000	12.000000	134.557054	5.087318	5.609415e-01	2.587546e-02	3.185657e+02	3.840421e-02	
52.000000	16.000000	134.552135	7.180199	6.015335e-01	3.075287e-02	3.184247e+02	4.127161e-02	
52.000000	20.000000	134.550850	14.842024	5.796132e-01	2.552795e-02	3.187694e+02	4.067175e-02	
52.000000	24.000000	133.655614	4.228295	5.814366e-01	2.906935e-02	3.193397e+02	3.891215e-02	
52.000000	28.000000	129.474831	71.379258	5.616402e-01	3.149901e-02	3.201441e+02	3.688449e-02	
52.000000	32.000000	128.336010	4.338007	5.762737e-01	2.857086e-02	3.208840e+02	4.071822e-02	
52.000000	36.000000	128.699601	4.736000	5.095866e-01	2.359012e-02	3.213147e+02	3.528127e-02	
52.000000	40.000000	134.545228	3.226409	5.639449e-01	2.611651e-02	3.215471e+02	3.869334e-02	
52.000000	44.000000	135.955386	14.600544	5.456015e-01	2.600378e-02	3.216692e+02	3.717758e-02	
52.000000	48.000000	147.049459	5.903885	6.054856e-01	4.813575e-02	3.210099e+02	4.985929e-02	
52.000000	52.000000	159.545137	5.883272	6.207169e-01	3.586812e-02	3.192177e+02	4.219888e-02	
52.000000	56.000000	165.802197	7.728741	5.058902e-01	3.163664e-02	3.151308e+02	3.220358e-02	
52.000000	60.000000	151.654626	5.638168	5.335794e-01	2.623787e-02	3.067129e+02	3.628520e-02	
56.000000	0.000000	134.555250	5.831979	5.656686e-01	2.742656e-02	2.913877e+02	3.813464e-02	
56.000000	4.000000	147.055087	15.842690	6.049511e-01	3.219096e-02	3.186508e+02	4.160177e-02	
56.000000	8.000000	147.055064	15.287507	5.777585e-01	2.984420e-02	3.176919e+02	3.942548e-02	
56.000000	12.000000	147.095571	14.846215	5.766015e-01	2.835956e-02	3.174205e+02	3.899455e-02	
56.000000	16.000000	147.050566	9.428487	5.692344e-01	2.642650e-02	3.173390e+02	3.821073e-02	
56.000000	20.000000	145.497224	77.673872	5.915230e-01	2.605690e-02	3.176922e+02	4.010288e-02	
56.000000	24.000000	141.547917	85.929740	5.257149e-01	2.267345e-02	3.184470e+02	3.660301e-02	
56.000000	28.000000	140.809559	31.664833	5.294318e-01	2.838720e-02	3.191992e+02	3.454680e-02	
56.000000	32.000000	140.805367	3.989774	5.320407e-01	3.223534e-02	3.198500e+02	3.512026e-02	
56.000000	36.000000	140.802437	3.795515	5.445964e-01	2.460221e-02	3.204006e+02	3.738274e-02	
56.000000	40.000000	140.827672	19.651934	6.461182e-01	4.385263e-02	3.208582e+02	4.875289e-02	
56.000000	44.000000	147.050815	3.868733	4.494981e-01	3.633797e-02	3.210679e+02	2.639704e-02	
56.000000	48.000000	153.305883	13.036075	5.818523e-01	2.985243e-02	3.206493e+02	3.963717e-02	
56.000000	52.000000	167.105191	292.051363	5.883259e-01	2.761315e-02	3.193999e+02	3.959491e-02	
56.000000	56.000000	184.550031	9.876716	5.527861e-01	3.023048e-02	3.161563e+02	3.601648e-02	
56.000000	60.000000	172.052055	6.129057	5.288661e-01	2.299430e-02	3.095866e+02	3.661541e-02	
60.000000	0.000000	153.300486	8.710505	5.291130e-01	3.145548e-02	2.970317e+02	3.432867e-02	
60.000000	4.000000	182.602380	905.631068	5.608366e-01	2.679881e-02	3.171638e+02	4.134022e-02	
60.000000	8.000000	181.605469	1001.315128	5.307758e-01	2.522306e-02	3.162976e+02	3.571281e-02	
60.000000	12.000000	180.054403	917.518925	5.284366e-01	5.467949e-02	3.160839e+02	4.551896e-02	
60.000000	16.000000	179.693130	226.031751	5.106446e-01	3.034836e-02	3.160427e+02	3.189176e-02	
60.000000	20.000000	176.544432	22.029313	5.324519e-01	2.465830e-02	3.163385e+02	3.646585e-02	
60.000000	24.000000	173.256903	11.612861	5.454512e-01	2.848028e-02	3.171232e+02	3.537328e-02	
60.000000	28.000000	168.584652	89.059347	5.959571e-01	2.935889e-02	3.181754e+02	3.924467e-02	
60.000000	32.000000	165.805597	9.314970	5.880554e-01	2.897889e-02	3.191403e+02	3.868319e-02	
60.000000	36.000000	162.144533	104.374811	5.445832e-01	2.528090e-02	3.196374e+02	3.733449e-02	
60.000000	40.000000	160.451230	33.928304	5.586814e-01	2.840123e-02	3.201421e+02	4.393932e-02	
60.000000	44.000000	162.433269	220.491447	5.871739e-01	3.027946e-02	3.206641e+02	4.017578e-02	
60.000000	48.000000	169.530155	67.010593	5.594448e-01	2.596254e-02	3.204151e+02	3.836495e-02	
60.000000	52.000000	183.663355	125.327377	6.189214e-01	3.612326e-02	3.197427e+02	4.329403e-02	
60.000000	56.000000	205.444219	1073.945459	5.082145e-01	2.248735e-02	3.173521e+02	3.551046e-02	
60.000000	60.000000	209.558033	12.565904	5.584193e-01	3.212470e-02	3.130278e+02	3.790442e-02	
0.000000	0.000000	190.803825	13.104255	5.525596e-01	2.603367e-02	3.043632e+02	3.781016e-02	
