0.000000	4.000000	126.575066	924.106253	5.840272e-01	3.060200e-02	4.250320e+02	3.830379e-02	
0.000000	8.000000	124.184541	1093.701776	6.281315e-01	2.763007e-02	4.243939e+02	4.289687e-02	
0.000000	12.000000	123.666427	960.809158	5.945870e-01	3.026878e-02	4.244698e+02	3.984724e-02	
0.000000	16.000000	122.562186	6.339295	6.927053e-01	4.457877e-02	4.244397e+02	4.922825e-02	
0.000000	20.000000	122.051314	5.233532	6.236182e-01	3.196583e-02	4.245315e+02	4.235758e-02	
0.000000	24.000000	121.991392	5.976656	6.382771e-01	4.128174e-02	4.251695e+02	4.638374e-02	
0.000000	28.000000	120.542912	4.994969	5.888454e-01	2.912049e-02	4.255402e+02	3.998286e-02	
0.000000	32.000000	120.321817	5.221994	6.215915e-01	3.507887e-02	4.254765e+02	4.237139e-02	
0.000000	36.000000	122.562675	3.737496	6.090310e-01	3.655285e-02	4.257938e+02	4.273515e-02	
0.000000	40.000000	121.994062	3.520485	6.037279e-01	3.046624e-02	4.260171e+02	3.966789e-02	
0.000000	44.000000	128.245154	2.877510	6.593339e-01	3.338501e-02	4.257790e+02	4.377926e-02	
0.000000	48.000000	140.768790	3.568234	5.820633e-01	3.106788e-02	4.239886e+02	3.894448e-02	
0.000000	52.000000	153.301783	11.316184	5.771238e-01	3.828499e-02	4.200541e+02	4.444194e-02	
0.000000	56.000000	140.808703	9.736522	6.780287e-01	3.003506e-02	4.127043e+02	5.188713e-02	
0.000000	60.000000	129.453065	8.960811	7.295867e-01	3.384298e-02	4.075399e+02	4.855435e-02	
4.000000	0.000000	128.305581	6.598744	7.061300e-01	3.689940e-02	4.086166e+02	5.168909e-02	
4.000000	4.000000	128.302239	7.145887	6.107134e-01	2.858856e-02	4.247313e+02	4.082276e-02	
4.000000	8.000000	128.307836	6.863363	5.753335e-01	3.425305e-02	4.241540e+02	3.903517e-02	
4.000000	12.000000	128.295497	5.761151	5.949918e-01	2.931933e-02	4.238233e+02	3.908256e-02	
4.000000	16.000000	126.624342	440.512258	6.083380e-01	3.118961e-02	4.238793e+02	4.002069e-02	
4.000000	20.000000	122.494221	167.165675	6.496727e-01	3.229095e-02	4.240567e+02	4.291307e-02	
4.000000	24.000000	122.049183	6.839523	6.403056e-01	2.897070e-02	4.246989e+02	4.357663e-02	
4.000000	28.000000	122.087222	5.222949	5.991265e-01	2.857625e-02	4.248497e+02	4.385572e-02	
4.000000	32.000000	122.045755	4.734077	5.839843e-01	2.667178e-02	4.253408e+02	3.923356e-02	
4.000000	36.000000	121.991380	5.921237	6.798032e-01	3.058779e-02	4.254775e+02	4.573207e-02	
4.000000	40.000000	121.991372	3.577582	6.331050e-01	3.532405e-02	4.254501e+02	4.271272e-02	
4.000000	44.000000	128.818311	4.743245	6.324180e-01	3.103860e-02	4.252715e+02	4.201821e-02	
4.000000	48.000000	141.318311	5.564634	6.278287e-01	3.061725e-02	4.239111e+02	4.214309e-02	
4.000000	52.000000	153.322484	10.213304	7.723704e-01	4.141980e-02	4.200802e+02	5.261573e-02	
4.000000	56.000000	141.445558	11.394332	5.960774e-01	3.509467e-02	4.132224e+02	4.058293e-02	
4.000000	60.000000	134.555598	7.911970	7.199753e-01	3.137977e-02	4.074388e+02	4.953232e-02	
8.000000	0.000000	128.304267	10.684781	6.073472e-01	3.233851e-02	4.083585e+02	4.178685e-02	
8.000000	4.000000	128.310009	8.854631	6.751294e-01	2.869009e-02	4.244957e+02	4.518052e-02	
8.000000	8.000000	127.945561	9.849763	6.319275e-01	3.089429e-02	4.238742e+02	4.184015e-02	
8.000000	12.000000	128.301116	9.102143	5.689156e-01	2.770334e-02	4.236361e+02	3.887297e-02	
8.000000	16.000000	128.301991	7.956054	6.403483e-01	2.963816e-02	4.236788e+02	4.333740e-02	
8.000000	20.000000	128.305357	5.985211	5.878456e-01	2.984234e-02	4.236401e+02	4.014666e-02	
8.000000	24.000000	122.454003	7.220037	6.361286e-01	3.205519e-02	4.243967e+02	4.266830e-02	
8.000000	28.000000	121.991419	6.808016	6.181132e-01	2.729673e-02	4.247493e+02	5.066770e-02	
8.000000	32.000000	122.073381	13.529879	7.148580e-01	3.707781e-02	4.249641e+02	4.926223e-02	
8.000000	36.000000	122.055650	5.212720	6.612404e-01	3.362559e-02	4.248987e+02	4.933456e-02	
8.000000	40.000000	126.775169	56.185753	5.602636e-01	2.828974e-02	4.252031e+02	3.669494e-02	
8.000000	44.000000	133.387962	3.837474	6.282382e-01	3.379943e-02	4.250349e+02	4.343877e-02	
8.000000	48.000000	145.365402	12.139686	6.196869e-01	3.105058e-02	4.239612e+02	4.068367e-02	
8.000000	52.000000	158.783195	10.381496	6.488957e-01	2.920238e-02	4.204465e+02	4.472373e-02	
8.000000	56.000000	147.052648	7.913168	5.986563e-01	2.792965e-02	4.138054e+02	4.060692e-02	
8.000000	60.000000	134.550033	8.210457	6.242696e-01	3.443335e-02	4.073120e+02	4.191417e-02	
12.000000	0.000000	132.851002	7.776575	5.518806e-01	2.834571e-02	4.081719e+02	3.592167e-02	
12.000000	4.000000	129.463096	9.048855	6.377025e-01	3.552058e-02	4.240959e+02	4.402944e-02	
12.000000	8.000000	128.293881	7.788870	5.860346e-01	2.936313e-02	4.233964e+02	3.945809e-02	
12.000000	12.000000	128.837541	7.187960	6.602023e-01	3.298229e-02	4.230609e+02	4.371660e-02	
12.000000	16.000000	128.303410	6.702817	6.344111e-01	3.027184e-02	4.229030e+02	4.221768e-02	
12.000000	20.000000	128.305792	10.638631	5.473757e-01	3.485923e-02	4.230291e+02	4.330321e-02	
12.000000	24.000000	127.284946	5.083610	5.959576e-01	3.055995e-02	4.236215e+02	3.976238e-02	
12.000000	28.000000	122.861234	101.934060	6.645794e-01	4.252861e-02	4.243378e+02	4.571868e-02	
12.000000	32.000000	122.050219	5.039957	6.292108e-01	3.546538e-02	4.245826e+02	4.298439e-02	
12.000000	36.000000	122.529678	97.969152	6.639848e-01	3.383287e-02	4.248622e+02	4.375473e-02	
12.000000	40.000000	128.293091	3.534402	6.087863e-01	2.641086e-02	4.247542e+02	4.735658e-02	
12.000000	44.000000	134.551775	2.571999	5.697117e-01	2.670898e-02	4.245731e+02	3.855557e-02	
12.000000	48.000000	147.021799	5.190408	6.243511e-01	3.236698e-02	4.232315e+02	4.144888e-02	
12.000000	52.000000	159.551995	7.589251	5.789355e-01	2.656484e-02	4.206643e+02	3.886723e-02	
12.000000	56.000000	151.771792	586.214390	5.851786e-01	3.450188e-02	4.141910e+02	4.031339e-02	
12.000000	60.000000	138.545000	1095.847657	6.904830e-01	3.387682e-02	4.064415e+02	4.802261e-02	
16.000000	0.000000	134.549958	10.800851	7.043512e-01	3.366524e-02	4.074430e+02	4.994418e-02	
16.000000	4.000000	134.553723	6.524374	6.858841e-01	3.304576e-02	4.234228e+02	4.761106e-02	
16.000000	8.000000	134.540893	5.187931	5.637805e-01	3.091923e-02	4.228921e+02	3.677901e-02	
16.000000	12.000000	133.882162	4.863174	6.096432e-01	2.770639e-02	4.227765e+02	4.135218e-02	
16.000000	16.000000	132.339372	11.934387	6.771774e-01	2.836300e-02	4.225793e+02	5.098009e-02	
16.000000	20.000000	128.299743	7.217012	5.766368e-01	2.599711e-02	4.227982e+02	4.208284e-02	
16.000000	24.000000	128.292763	12.514238	6.386865e-01	3.154915e-02	4.230656e+02	4.313527e-02	
16.000000	28.000000	128.304716	3.716521	5.464808e-01	2.614068e-02	4.237790e+02	3.644964e-02	
16.000000	32.000000	126.616011	670.412336	5.706544e-01	2.704506e-02	4.241727e+02	4.370467e-02	
16.000000	36.000000	127.139379	5.719486	6.670825e-01	3.572589e-02	4.238776e+02	4.491982e-02	
16.000000	40.000000	128.304745	16.575725	6.141477e-01	3.137964e-02	4.239136e+02	4.043492e-02	
16.000000	44.000000	134.504931	15.158690	6.360591e-01	2.951196e-02	4.241756e+02	4.481852e-02	
16.000000	48.000000	147.051997	4.692581	6.135033e-01	3.273264e-02	4.236135e+02	4.225002e-02	
16.000000	52.000000	163.833572	1037.340670	6.320668e-01	3.226513e-02	4.206933e+02	4.215269e-02	
16.000000	56.000000	153.825309	9.963077	6.360695e-01	3.514826e-02	4.145238e+02	4.391472e-02	
16.000000	60.000000	140.805985	7.980748	6.095810e-01	2.900441e-02	4.065619e+02	4.112438e-02	
20.000000	0.000000	135.854992	910.866815	6.358533e-01	3.456793e-02	4.073070e+02	4.250752e-02	
20.000000	4.000000	134.555538	8.969725	6.119543e-01	3.244901e-02	4.233871e+02	4.203145e-02	
20.000000	8.000000	134.561762	10.913554	6.884592e-01	4.490796e-02	4.226606e+02	4.966741e-02	
20.000000	12.000000	134.549308	8.513811	5.916212e-01	2.944536e-02	4.224252e+02	4.044678e-02	
20.000000	16.000000	134.548699	6.733267	6.694939e-01	4.481016e-02	4.222107e+02	4.995522e-02	
20.000000	20.000000	134.554184	6.342893	6.268508e-01	2.988675e-02	4.224582e+02	4.248828e-02	
20.000000	24.000000	128.296934	7.563453	5.665564e-01	2.985620e-02	4.229855e+02	3.697162e-02	
20.000000	28.000000	128.301741	12.793907	6.259496e-01	3.069997e-02	4.236531e+02	4.152856e-02	
20.000000	32.000000	128.303524	7.427173	5.728539e-01	3.166773e-02	4.238058e+02	3.790196e-02	
20.000000	36.000000	127.940749	12.942947	6.507669e-01	3.256043e-02	4.239607e+02	4.302295e-02	
20.000000	40.000000	128.490139	4.639111	5.581187e-01	2.963854e-02	4.240103e+02	3.591211e-02	
20.000000	44.000000	134.550983	3.974410	6.658130e-01	3.327885e-02	4.240065e+02	4.423808e-02	
20.000000	48.000000	147.049206	11.171700	5.836703e-01	2.886687e-02	4.231188e+02	3.845487e-02	
20.000000	52.000000	165.801754	11.898727	6.223954e-01	3.126581e-02	4.207245e+02	4.128563e-02	
20.000000	56.000000	159.549656	8.933263	5.975125e-01	3.159139e-02	4.154588e+02	4.011948e-02	
20.000000	60.000000	147.052489	8.107840	6.365492e-01	3.366817e-02	4.070645e+02	4.302819e-02	
24.000000	0.000000	140.799737	8.300431	6.950122e-01	3.422864e-02	4.066950e+02	4.728476e-02	
24.000000	4.000000	136.668916	1093.179178	6.334873e-01	3.107019e-02	4.228272e+02	4.211561e-02	
24.000000	8.000000	135.884607	909.023801	6.495022e-01	3.116618e-02	4.222060e+02	4.347794e-02	
24.000000	12.000000	135.800034	564.225926	5.703274e-01	2.815283e-02	4.218809e+02	3.904594e-02	
24.000000	16.000000	134.551805	7.824670	6.235502e-01	3.109970e-02	4.220820e+02	4.100343e-02	
24.000000	20.000000	134.545168	9.694926	6.208823e-01	3.037192e-02	4.220926e+02	4.105794e-02	
24.000000	24.000000	134.557836	5.471592	6.146620e-01	3.154757e-02	4.225405e+02	4.172342e-02	
24.000000	28.000000	128.742924	5.719076	5.956032e-01	2.877356e-02	4.228614e+02	3.949059e-02	
24.000000	32.000000	128.301762	5.657876	6.736717e-01	3.096265e-02	4.232753e+02	4.676978e-02	
24.000000	36.000000	128.302003	5.618921	6.102313e-01	2.987714e-02	4.235591e+02	4.081495e-02	
24.000000	40.000000	133.758359	4.381370	6.482185e-01	2.949612e-02	4.236810e+02	4.432059e-02	
24.000000	44.000000	137.712914	1117.901982	6.107006e-01	2.645039e-02	4.233431e+02	4.163058e-02	
24.000000	48.000000	147.051736	5.512833	6.246841e-01	3.149764e-02	4.229654e+02	4.228359e-02	
24.000000	52.000000	165.795149	7.527304	5.996731e-01	2.577667e-02	4.207528e+02	4.415452e-02	
24.000000	56.000000	165.800861	11.784626	6.020180e-01	2.609528e-02	4.157537e+02	4.476626e-02	
24.000000	60.000000	150.132719	1165.491478	5.814016e-01	2.868918e-02	4.077386e+02	3.852562e-02	
28.000000	0.000000	142.124609	10.922708	6.289197e-01	2.849576e-02	4.062061e+02	4.656818e-02	
28.000000	4.000000	140.792144	11.454875	5.916344e-01	2.636746e-02	4.223248e+02	3.993228e-02	
28.000000	8.000000	140.801118	9.077052	5.983905e-01	2.653200e-02	4.216602e+02	4.037104e-02	
28.000000	12.000000	140.800012	6.373050	5.871416e-01	2.749917e-02	4.214002e+02	3.943408e-02	
28.000000	16.000000	140.795968	6.845857	6.363290e-01	3.166973e-02	4.214584e+02	4.217219e-02	
28.000000	20.000000	136.570848	1081.792747	6.035388e-01	2.965674e-02	4.218970e+02	3.990264e-02	
28.000000	24.000000	134.555844	9.312363	6.254876e-01	2.869866e-02	4.222851e+02	4.207400e-02	
28.000000	28.000000	133.766055	4.583293	5.985716e-01	2.767316e-02	4.227873e+02	4.015085e-02	
28.000000	32.000000	133.005565	6.115796	6.004055e-01	3.004874e-02	4.230659e+02	3.921759e-02	
28.000000	36.000000	133.695722	6.144900	5.968697e-01	2.961008e-02	4.229061e+02	3.927122e-02	
28.000000	40.000000	134.555432	7.535065	6.226364e-01	2.702111e-02	4.236512e+02	4.283195e-02	
28.000000	44.000000	140.810274	5.147625	6.102265e-01	3.153651e-02	4.232838e+02	4.060842e-02	
28.000000	48.000000	148.867357	1053.265506	6.797531e-01	3.404052e-02	4.228853e+02	4.521961e-02	
28.000000	52.000000	166.186580	7.035145	5.792369e-01	3.456852e-02	4.210323e+02	4.569551e-02	
28.000000	56.000000	172.054272	12.613686	6.561464e-01	2.927035e-02	4.165511e+02	4.574554e-02	
28.000000	60.000000	153.974177	11.042177	6.185618e-01	3.075489e-02	4.081786e+02	4.073624e-02	
32.000000	0.000000	147.056171	8.774397	5.653737e-01	2.837014e-02	4.062155e+02	3.720294e-02	
32.000000	4.000000	142.449077	12.912144	5.768005e-01	3.000191e-02	4.219978e+02	3.755735e-02	
32.000000	8.000000	142.050471	9.953603	6.275322e-01	3.392196e-02	4.212163e+02	4.193066e-02	
32.000000	12.000000	140.795186	9.751691	6.505986e-01	2.985808e-02	4.207960e+02	4.605186e-02	
32.000000	16.000000	140.836865	8.340868	6.092837e-01	3.066568e-02	4.209287e+02	4.250018e-02	
32.000000	20.000000	140.795660	9.783879	5.858215e-01	2.582673e-02	4.207813e+02	4.299092e-02	
32.000000	24.000000	138.819973	1006.901174	6.454150e-01	3.658094e-02	4.215336e+02	4.472453e-02	
32.000000	28.000000	134.552073	8.892191	6.807229e-01	3.093779e-02	4.223719e+02	4.775861e-02	
32.000000	32.000000	134.555430	13.002274	5.516849e-01	3.016543e-02	4.228423e+02	3.586439e-02	
32.000000	36.000000	134.556004	11.641183	5.814742e-01	2.589764e-02	4.227883e+02	4.248752e-02	
32.000000	40.000000	134.551409	5.837518	6.016685e-01	3.021355e-02	4.231354e+02	4.736802e-02	
32.000000	44.000000	140.804618	7.261379	5.747153e-01	2.771667e-02	4.231528e+02	3.844424e-02	
32.000000	48.000000	153.300587	4.814430	6.483684e-01	3.471164e-02	4.226232e+02	4.355011e-02	
32.000000	52.000000	170.497080	11.789797	6.379086e-01	3.122020e-02	4.210803e+02	4.241362e-02	
32.000000	56.000000	177.326825	13.287528	6.314608e-01	2.838455e-02	4.167310e+02	4.322250e-02	
32.000000	60.000000	159.551892	10.144521	5.735469e-01	3.423997e-02	4.091334e+02	3.905978e-02	
36.000000	0.000000	152.262714	7.362134	6.440316e-01	3.102098e-02	4.056058e+02	4.257183e-02	
36.000000	4.000000	147.051895	12.198370	6.015153e-01	2.826447e-02	4.217489e+02	4.000460e-02	
36.000000	8.000000	147.047213	9.943905	6.167130e-01	3.054462e-02	4.209215e+02	4.081623e-02	
36.000000	12.000000	147.087222	9.899030	6.014565e-01	2.566353e-02	4.207045e+02	4.157578e-02	
36.000000	16.000000	147.059086	8.375882	6.165149e-01	3.490886e-02	4.207088e+02	4.282379e-02	
36.000000	20.000000	143.816732	13.689898	6.706140e-01	3.074525e-02	4.207663e+02	4.857768e-02	
36.000000	24.000000	140.837178	11.827963	5.529246e-01	2.581161e-02	4.212235e+02	3.703014e-02	
36.000000	28.000000	139.781484	6.481411	6.008324e-01	2.882772e-02	4.218481e+02	3.987692e-02	
36.000000	32.000000	136.570847	1070.421899	6.684702e-01	2.875053e-02	4.224395e+02	4.801292e-02	
36.000000	36.000000	136.538736	1072.410390	6.374787e-01	2.963542e-02	4.226771e+02	4.244422e-02	
36.000000	40.000000	140.838224	4.957051	6.033035e-01	3.043222e-02	4.229615e+02	3.944278e-02	
36.000000	44.000000	145.467480	11.313862	6.589094e-01	3.355229e-02	4.231010e+02	4.373670e-02	
36.000000	48.000000	153.295157	7.182840	6.423216e-01	2.983111e-02	4.226691e+02	4.336316e-02	
36.000000	52.000000	172.054945	9.549308	6.352012e-01	3.136067e-02	4.211477e+02	4.199339e-02	
36.000000	56.000000	184.552565	13.770660	6.517834e-01	2.955502e-02	4.176750e+02	4.459494e-02	
36.000000	60.000000	166.968923	11.376125	6.475002e-01	2.630086e-02	4.103796e+02	4.501790e-02	
40.000000	0.000000	155.182682	11.125917	6.395223e-01	3.428603e-02	4.052832e+02	4.241142e-02	
40.000000	4.000000	152.077490	139.205278	5.066835e-01	3.780096e-02	4.210487e+02	3.573005e-02	
40.000000	8.000000	152.106866	746.710707	6.290183e-01	3.393902e-02	4.202885e+02	4.198876e-02	
40.000000	12.000000	151.463425	98.257366	6.398918e-01	3.203227e-02	4.202327e+02	4.240215e-02	
40.000000	16.000000	148.224817	773.175542	5.960167e-01	3.744922e-02	4.201481e+02	4.191765e-02	
40.000000	20.000000	147.054726	9.970584	5.995239e-01	3.196547e-02	4.202940e+02	3.985487e-02	
40.000000	24.000000	146.213540	7.065006	5.814588e-01	3.115339e-02	4.209455e+02	4.192724e-02	
40.000000	28.000000	140.806000	7.423539	5.976752e-01	2.993578e-02	4.215094e+02	4.098008e-02	
40.000000	32.000000	140.801909	12.810305	5.894471e-01	3.022536e-02	4.220445e+02	3.984482e-02	
40.000000	36.000000	140.837222	13.336397	6.198403e-01	2.846235e-02	4.221894e+02	4.571472e-02	
40.000000	40.000000	140.805769	7.042524	5.956820e-01	2.825755e-02	4.222460e+02	3.950994e-02	
40.000000	44.000000	147.051354	10.699195	6.049116e-01	2.562943e-02	4.227158e+02	4.271235e-02	
40.000000	48.000000	157.451910	13.855391	6.423588e-01	3.221473e-02	4.225195e+02	4.377558e-02	
40.000000	52.000000	172.076936	10.180370	6.167772e-01	3.661122e-02	4.212534e+02	4.294954e-02	
40.000000	56.000000	190.795183	10.105292	6.155327e-01	3.035237e-02	4.181610e+02	4.049875e-02	
40.000000	60.000000	177.439656	11.656799	5.943522e-01	3.441551e-02	4.112734e+02	4.026218e-02	
44.000000	0.000000	160.842367	908.434560	6.701673e-01	3.140930e-02	4.048048e+02	4.694498e-02	
44.000000	4.000000	156.813119	19.669726	6.084068e-01	3.147313e-02	4.205519e+02	4.178962e-02	
44.000000	8.000000	156.266645	25.722302	5.945799e-01	3.013467e-02	4.199486e+02	3.879226e-02	
44.000000	12.000000	154.474831	15.674728	5.745550e-01	2.947551e-02	4.196615e+02	3.850331e-02	
44.000000	16.000000	153.300017	9.100842	6.406669e-01	3.321587e-02	4.196918e+02	4.248222e-02	
44.000000	20.000000	153.301486	12.366566	5.687904e-01	2.880957e-02	4.197110e+02	3.773144e-02	
44.000000	24.000000	149.436877	1094.354879	6.188985e-01	2.677628e-02	4.203574e+02	4.245276e-02	
44.000000	28.000000	147.078111	13.894196	6.270621e-01	3.390334e-02	4.210610e+02	4.291457e-02	
44.000000	32.000000	147.050453	6.618287	6.678527e-01	3.801595e-02	4.213234e+02	4.499821e-02	
44.000000	36.000000	146.081139	6.644813	5.892402e-01	3.033737e-02	4.218704e+02	3.850084e-02	
44.000000	40.000000	147.053074	8.689682	6.129184e-01	3.393597e-02	4.223773e+02	4.129505e-02	
44.000000	44.000000	151.797871	798.736337	6.038375e-01	3.102120e-02	4.224203e+02	4.135969e-02	
44.000000	48.000000	159.551985	11.115330	6.042656e-01	2.920183e-02	4.224560e+02	4.077949e-02	
44.000000	52.000000	176.618885	146.483710	6.389322e-01	3.145814e-02	4.208864e+02	4.637627e-02	
44.000000	56.000000	198.381774	918.591483	6.879394e-01	3.838695e-02	4.186370e+02	4.915267e-02	
44.000000	60.000000	185.791262	645.364812	6.355970e-01	2.644636e-02	4.126547e+02	4.562660e-02	
48.000000	0.000000	172.077422	10.447638	6.122912e-01	3.190243e-02	4.045688e+02	4.163866e-02	
48.000000	4.000000	164.283827	743.962552	5.681872e-01	2.656134e-02	4.196059e+02	3.834503e-02	
48.000000	8.000000	163.906900	935.096338	5.819781e-01	2.773801e-02	4.188498e+02	3.969914e-02	
48.000000	12.000000	162.729843	1063.077751	6.092011e-01	2.722014e-02	4.186400e+02	4.100491e-02	
48.000000	16.000000	160.935581	685.972767	6.182922e-01	2.784780e-02	4.187873e+02	4.335424e-02	
48.000000	20.000000	159.555431	17.826457	6.254558e-01	3.091755e-02	4.190606e+02	4.138296e-02	
48.000000	24.000000	156.250000	23.743419	5.983224e-01	3.156193e-02	4.191864e+02	3.956506e-02	
48.000000	28.000000	153.304259	13.925909	5.360938e-01	3.622881e-02	4.200763e+02	4.965996e-02	
48.000000	32.000000	151.541586	138.433126	6.303663e-01	2.846055e-02	4.207272e+02	4.296964e-02	
48.000000	36.000000	151.631841	868.287102	6.023869e-01	3.301316e-02	4.208793e+02	5.225115e-02	
48.000000	40.000000	153.303022	7.204730	6.421379e-01	2.786023e-02	4.215929e+02	4.447562e-02	
48.000000	44.000000	154.474831	13.933532	5.786187e-01	2.791398e-02	4.218211e+02	3.837072e-02	
48.000000	48.000000	163.844248	124.385769	6.002297e-01	3.049841e-02	4.217667e+02	3.970078e-02	
48.000000	52.000000	179.701788	8.847851	5.671629e-01	2.952297e-02	4.210353e+02	3.663670e-02	
48.000000	56.000000	207.472212	10.805591	6.537765e-01	3.200074e-02	4.188715e+02	4.334920e-02	
48.000000	60.000000	201.599974	700.977056	6.116823e-01	3.113493e-02	4.136308e+02	4.065660e-02	
52.000000	0.000000	184.551911	12.616919	6.251285e-01	2.952667e-02	4.057912e+02	4.181523e-02	
52.000000	4.000000	173.559760	18.404663	5.969496e-01	2.952371e-02	4.189128e+02	3.933603e-02	
52.000000	8.000000	172.052091	18.166242	6.238517e-01	4.042806e-02	4.182076e+02	4.456528e-02	
52.000000	12.000000	172.054864	24.174472	6.426161e-01	3.564313e-02	4.177858e+02	4.325881e-02	
52.000000	16.000000	171.057353	17.850593	5.952178e-01	3.491092e-02	4.180150e+02	4.405805e-02	
52.000000	20.000000	169.284477	33.197879	5.657276e-01	3.030959e-02	4.180038e+02	3.730683e-02	
52.000000	24.000000	164.930005	24.293173	5.989692e-01	3.097669e-02	4.185971e+02	4.076590e-02	
52.000000	28.000000	160.213911	15.738167	6.062831e-01	2.705625e-02	4.193507e+02	4.084517e-02	
52.000000	32.000000	159.553803	10.520816	5.934164e-01	2.807503e-02	4.201503e+02	4.215624e-02	
52.000000	36.000000	157.951463	8.830960	6.203412e-01	2.863460e-02	4.207201e+02	4.159247e-02	
52.000000	40.000000	158.800383	10.394997	6.308444e-01	3.534190e-02	4.210153e+02	4.594007e-02	
52.000000	44.000000	161.454998	1015.280392	6.076235e-01	2.925398e-02	4.215484e+02	4.100421e-02	
52.000000	48.000000	171.047974	7.798901	6.270978e-01	2.720423e-02	4.216177e+02	4.240036e-02	
52.000000	52.000000	184.552034	16.367762	5.763016e-01	3.039386e-02	4.211060e+02	3.759918e-02	
52.000000	56.000000	213.775945	1015.444529	5.989015e-01	3.476540e-02	4.191145e+02	4.127203e-02	
52.000000	60.000000	220.322788	12.345322	5.850946e-01	2.924595e-02	4.148471e+02	3.835893e-02	
56.000000	0.000000	201.563661	720.345194	5.947658e-01	2.932474e-02	4.073028e+02	3.959253e-02	
56.000000	4.000000	189.778383	22.488096	5.863995e-01	2.934969e-02	4.174297e+02	3.961209e-02	
56.000000	8.000000	189.050361	208.127664	5.491449e-01	2.720855e-02	4.168562e+02	3.985193e-02	
56.000000	12.000000	188.742270	971.258219	6.648029e-01	3.974024e-02	4.164463e+02	4.650857e-02	
56.000000	16.000000	185.884608	852.802616	6.668514e-01	2.971907e-02	4.165957e+02	4.416629e-02	
56.000000	20.000000	185.177013	31.016058	6.118348e-01	2.765053e-02	4.167881e+02	4.211807e-02	
56.000000	24.000000	179.692589	27.562916	6.600631e-01	3.285400e-02	4.175877e+02	4.477753e-02	
56.000000	28.000000	173.471065	870.501441	5.730534e-01	2.800139e-02	4.186308e+02	3.908259e-02	
56.000000	32.000000	170.397704	20.769881	5.906056e-01	3.073439e-02	4.194378e+02	4.000871e-02	
56.000000	36.000000	170.429025	32.934393	6.044491e-01	2.998493e-02	4.199223e+02	4.093230e-02	
56.000000	40.000000	170.275282	45.818611	6.229532e-01	3.338302e-02	4.205380e+02	4.293349e-02	
56.000000	44.000000	172.050367	22.868989	5.697087e-01	3.170217e-02	4.208210e+02	3.770044e-02	
56.000000	48.000000	179.751755	14.038262	5.533505e-01	3.038874e-02	4.209383e+02	3.946756e-02	
56.000000	52.000000	194.817318	14.750839	5.672399e-01	2.622005e-02	4.206882e+02	3.802303e-02	
56.000000	56.000000	222.050020	15.259437	5.869495e-01	2.571356e-02	4.192816e+02	4.002184e-02	
56.000000	60.000000	248.222510	15.825883	6.179683e-01	3.202919e-02	4.158914e+02	4.088186e-02	
60.000000	0.000000	228.739593	16.326427	6.354264e-01	2.953245e-02	4.096841e+02	4.286627e-02	
60.000000	4.000000	239.382123	342.851180	6.256902e-01	3.130118e-02	4.156256e+02	4.150980e-02	
60.000000	8.000000	238.348250	907.148823	6.184989e-01	3.103948e-02	4.147336e+02	4.098526e-02	
60.000000	12.000000	237.466577	937.538484	6.486149e-01	2.996205e-02	4.147848e+02	4.460476e-02	
60.000000	16.000000	235.079888	615.038511	5.238628e-01	3.772903e-02	4.149462e+02	4.734222e-02	
60.000000	20.000000	230.361921	100.755788	5.928125e-01	3.321169e-02	4.150399e+02	4.110626e-02	
60.000000	24.000000	221.419001	59.764366	7.096770e-01	3.639837e-02	4.159799e+02	4.747815e-02	
60.000000	28.000000	211.562275	996.951930	6.718284e-01	3.372283e-02	4.170504e+02	4.448481e-02	
60.000000	32.000000	205.495782	55.504556	6.135449e-01	3.102416e-02	4.182607e+02	4.071577e-02	
60.000000	36.000000	201.160558	973.797992	6.127191e-01	2.593902e-02	4.183197e+02	4.249035e-02	
60.000000	40.000000	197.570804	26.972051	6.636015e-01	3.231665e-02	4.191259e+02	4.703106e-02	
60.000000	44.000000	197.054278	21.223643	7.262045e-01	3.941237e-02	4.197017e+02	4.809531e-02	
60.000000	48.000000	201.437972	14.053862	6.804210e-01	3.042400e-02	4.196892e+02	4.547682e-02	
60.000000	52.000000	213.801004	953.278364	6.739670e-01	4.367415e-02	4.196288e+02	4.703218e-02	
60.000000	56.000000	239.228922	757.828829	5.694268e-01	2.868998e-02	4.188961e+02	3.991807e-02	
60.000000	60.000000	286.523640	1017.861895	6.408017e-01	3.169585e-02	4.162857e+02	4.240952e-02	
0.000000	0.000000	289.910480	34.383526	6.160764e-01	3.227006e-02	4.117716e+02	4.083082e-02	
