0.000000	4.000000	134.545146	5.100067	5.831816e-01	2.772761e-02	4.261876e+02	3.883186e-02	
0.000000	8.000000	134.558284	5.647483	6.467981e-01	3.387840e-02	4.256467e+02	4.334824e-02	
0.000000	12.000000	134.561926	4.778497	6.519293e-01	3.783060e-02	4.254834e+02	4.426198e-02	
0.000000	16.000000	133.628563	4.490300	6.369430e-01	2.693602e-02	4.253900e+02	4.327994e-02	
0.000000	20.000000	129.080123	6.014117	6.031293e-01	3.272205e-02	4.256884e+02	4.152162e-02	
0.000000	24.000000	128.305883	6.226863	6.659416e-01	3.257579e-02	4.261452e+02	4.449455e-02	
0.000000	28.000000	128.307732	3.253038	6.516762e-01	3.759083e-02	4.264735e+02	4.419910e-02	
0.000000	32.000000	128.298844	2.380241	6.476677e-01	2.858976e-02	4.267237e+02	4.503729e-02	
0.000000	36.000000	128.305114	2.390820	5.964252e-01	3.925418e-02	4.270560e+02	4.674975e-02	
0.000000	40.000000	130.369255	22.997687	6.347641e-01	3.058654e-02	4.271785e+02	4.225029e-02	
0.000000	44.000000	139.784947	2.144451	6.268198e-01	3.136998e-02	4.270456e+02	4.194070e-02	
0.000000	48.000000	153.314255	3.725562	6.501688e-01	3.201009e-02	4.253031e+02	4.353734e-02	
0.000000	52.000000	165.809576	14.120736	6.297792e-01	2.967811e-02	4.207820e+02	4.220000e-02	
0.000000	56.000000	153.292341	9.439123	5.672618e-01	2.960442e-02	4.130417e+02	3.667968e-02	
0.000000	60.000000	140.805633	7.360449	6.196197e-01	2.817234e-02	4.078027e+02	4.483834e-02	
4.000000	0.000000	135.156371	8.138990	6.483080e-01	3.312115e-02	4.089429e+02	4.318098e-02	
4.000000	4.000000	134.548803	6.731286	6.260942e-01	3.193998e-02	4.260436e+02	4.151650e-02	
4.000000	8.000000	134.550029	7.144111	6.029908e-01	2.764592e-02	4.258080e+02	4.152527e-02	
4.000000	12.000000	134.551762	11.606749	6.363960e-01	3.342710e-02	4.252135e+02	4.218248e-02	
4.000000	16.000000	134.547303	6.911973	6.027531e-01	2.885892e-02	4.251423e+02	4.042347e-02	
4.000000	20.000000	133.804321	4.592840	6.007094e-01	2.852074e-02	4.255718e+02	4.048094e-02	
4.000000	24.000000	128.247825	4.792369	5.992190e-01	3.181865e-02	4.260183e+02	4.057172e-02	
4.000000	28.000000	128.303485	164.839930	6.286329e-01	2.977974e-02	4.262221e+02	4.201790e-02	
4.000000	32.000000	128.294385	174.776824	6.030036e-01	2.651063e-02	4.267618e+02	4.614623e-02	
4.000000	36.000000	128.247831	2.841016	6.595461e-01	3.287772e-02	4.270044e+02	4.367202e-02	
4.000000	40.000000	134.504861	2.102103	6.699466e-01	3.542163e-02	4.271158e+02	4.499572e-02	
4.000000	44.000000	140.797967	2.071042	5.625371e-01	3.632159e-02	4.268847e+02	3.847430e-02	
4.000000	48.000000	153.309915	4.793962	6.269902e-01	3.281591e-02	4.255553e+02	4.269565e-02	
4.000000	52.000000	165.800116	18.395083	5.830496e-01	2.823908e-02	4.215000e+02	3.915053e-02	
4.000000	56.000000	153.296309	7.762706	6.201625e-01	3.001294e-02	4.141428e+02	4.115583e-02	
4.000000	60.000000	142.041257	9.292441	6.624475e-01	3.321958e-02	4.081272e+02	4.392367e-02	
8.000000	0.000000	140.807762	5.813811	5.469233e-01	2.950714e-02	4.090368e+02	3.518597e-02	
8.000000	4.000000	136.410511	1039.386082	5.618175e-01	3.040504e-02	4.260756e+02	3.646906e-02	
8.000000	8.000000	135.884828	129.483350	6.292207e-01	3.375295e-02	4.254325e+02	4.197187e-02	
8.000000	12.000000	134.960029	6.200650	6.331995e-01	3.284981e-02	4.252497e+02	4.210914e-02	
8.000000	16.000000	134.554671	5.958333	5.901834e-01	2.982762e-02	4.253827e+02	4.041759e-02	
8.000000	20.000000	134.555290	7.072440	6.310795e-01	3.009448e-02	4.254634e+02	4.285012e-02	
8.000000	24.000000	133.036907	3.996766	6.998398e-01	5.203846e-02	4.258537e+02	5.664956e-02	
8.000000	28.000000	128.292412	4.469569	6.258417e-01	3.117781e-02	4.262701e+02	4.160544e-02	
8.000000	32.000000	128.304159	3.397316	6.717972e-01	3.190053e-02	4.263929e+02	4.615248e-02	
8.000000	36.000000	129.466163	5.040588	7.116222e-01	2.825934e-02	4.265705e+02	4.753254e-02	
8.000000	40.000000	134.550033	3.362265	6.185106e-01	3.072591e-02	4.269483e+02	4.074758e-02	
8.000000	44.000000	140.768398	4.502746	6.289718e-01	2.669733e-02	4.266372e+02	4.308768e-02	
8.000000	48.000000	153.279444	6.543252	6.552777e-01	3.724107e-02	4.255511e+02	4.434817e-02	
8.000000	52.000000	172.051889	8.955282	6.703060e-01	3.739086e-02	4.216227e+02	4.696633e-02	
8.000000	56.000000	159.551937	9.541848	6.469100e-01	2.870630e-02	4.147551e+02	4.775753e-02	
8.000000	60.000000	147.055550	7.345163	6.242056e-01	2.965179e-02	4.078210e+02	4.890642e-02	
12.000000	0.000000	140.800417	6.458854	5.830290e-01	2.646628e-02	4.086725e+02	3.918594e-02	
12.000000	4.000000	140.810095	5.546406	5.891745e-01	2.889659e-02	4.255188e+02	4.037125e-02	
12.000000	8.000000	140.799635	5.163518	6.109566e-01	3.175274e-02	4.249028e+02	4.031858e-02	
12.000000	12.000000	140.239335	6.494523	6.457325e-01	3.969872e-02	4.247266e+02	4.566569e-02	
12.000000	16.000000	137.855463	1099.471365	5.716213e-01	2.611722e-02	4.248082e+02	4.162887e-02	
12.000000	20.000000	134.549464	4.448869	5.782807e-01	3.035427e-02	4.252197e+02	3.818071e-02	
12.000000	24.000000	134.567493	4.722394	6.300474e-01	2.718998e-02	4.256224e+02	4.350757e-02	
12.000000	28.000000	133.755779	3.023665	6.807168e-01	3.973632e-02	4.260265e+02	5.068989e-02	
12.000000	32.000000	132.674599	3.963062	5.912468e-01	2.982121e-02	4.264010e+02	3.979595e-02	
12.000000	36.000000	134.552388	2.936258	6.367017e-01	3.741724e-02	4.263521e+02	4.316516e-02	
12.000000	40.000000	134.504909	2.647418	6.029847e-01	2.716562e-02	4.267732e+02	4.802769e-02	
12.000000	44.000000	140.809334	2.962131	6.277075e-01	3.372917e-02	4.266320e+02	4.212979e-02	
12.000000	48.000000	153.307535	4.359128	6.537702e-01	3.530018e-02	4.254767e+02	4.435888e-02	
12.000000	52.000000	172.057909	7.270441	5.867127e-01	3.466572e-02	4.221797e+02	3.993788e-02	
12.000000	56.000000	164.898924	6.597078	5.885490e-01	2.791362e-02	4.155771e+02	3.966944e-02	
12.000000	60.000000	147.453286	8.496497	6.519030e-01	3.138676e-02	4.078718e+02	4.446099e-02	
16.000000	0.000000	144.679216	10.594732	6.778967e-01	3.596043e-02	4.085920e+02	4.774621e-02	
16.000000	4.000000	140.811975	9.913323	6.465715e-01	3.573682e-02	4.253342e+02	4.341967e-02	
16.000000	8.000000	140.810773	8.847969	6.026740e-01	3.034515e-02	4.249040e+02	4.362372e-02	
16.000000	12.000000	140.799014	14.394694	5.455334e-01	2.505289e-02	4.246213e+02	3.704100e-02	
16.000000	16.000000	140.800209	6.583969	5.976752e-01	2.993578e-02	4.245094e+02	4.098008e-02	
16.000000	20.000000	139.207720	168.350849	5.909625e-01	3.009896e-02	4.247882e+02	3.888642e-02	
16.000000	24.000000	134.555149	4.284095	6.986405e-01	4.594523e-02	4.254136e+02	5.009626e-02	
16.000000	28.000000	134.553799	4.675658	5.918196e-01	3.130942e-02	4.259736e+02	3.949681e-02	
16.000000	32.000000	134.545329	3.590619	6.190206e-01	2.994099e-02	4.262264e+02	4.099147e-02	
16.000000	36.000000	134.504868	4.943808	5.891298e-01	2.744460e-02	4.263863e+02	3.962104e-02	
16.000000	40.000000	136.010413	67.693902	5.753082e-01	3.555521e-02	4.268655e+02	3.992539e-02	
16.000000	44.000000	142.310214	4.653003	6.489467e-01	2.825470e-02	4.265828e+02	4.435623e-02	
16.000000	48.000000	153.301332	4.634616	6.714866e-01	3.465036e-02	4.256523e+02	4.460592e-02	
16.000000	52.000000	175.033422	1159.705419	5.728767e-01	2.701174e-02	4.225282e+02	3.927023e-02	
16.000000	56.000000	166.572754	11.408635	6.346386e-01	3.230206e-02	4.164723e+02	4.312939e-02	
16.000000	60.000000	153.300017	9.787380	6.113867e-01	3.063115e-02	4.080301e+02	4.032757e-02	
20.000000	0.000000	147.050016	7.018433	6.637604e-01	4.042699e-02	4.086953e+02	4.715404e-02	
20.000000	4.000000	145.392469	6.801458	6.265482e-01	2.875668e-02	4.252844e+02	4.227921e-02	
20.000000	8.000000	144.043243	24.456927	6.228386e-01	2.842765e-02	4.245718e+02	4.153964e-02	
20.000000	12.000000	142.033964	12.043076	6.279070e-01	2.750586e-02	4.243844e+02	4.317332e-02	
20.000000	16.000000	140.805491	6.480484	6.484302e-01	2.846818e-02	4.244205e+02	4.428342e-02	
20.000000	20.000000	140.807900	14.259053	6.560774e-01	3.358541e-02	4.245700e+02	4.441816e-02	
20.000000	24.000000	139.101231	880.246681	6.574150e-01	3.296151e-02	4.250525e+02	4.351577e-02	
20.000000	28.000000	134.538728	4.399643	7.091327e-01	4.894050e-02	4.256706e+02	5.227325e-02	
20.000000	32.000000	134.552536	4.396273	5.655761e-01	3.045955e-02	4.259662e+02	3.691384e-02	
20.000000	36.000000	134.545888	4.108291	5.917935e-01	2.984968e-02	4.261230e+02	4.524189e-02	
20.000000	40.000000	139.984791	3.398592	6.417253e-01	3.272463e-02	4.262497e+02	4.267198e-02	
20.000000	44.000000	145.396670	3.760275	6.648196e-01	3.940615e-02	4.260698e+02	4.887167e-02	
20.000000	48.000000	154.724720	6.946990	6.367971e-01	3.400343e-02	4.254125e+02	4.239579e-02	
20.000000	52.000000	178.333801	10.813352	6.436739e-01	2.963278e-02	4.226723e+02	4.303046e-02	
20.000000	56.000000	172.047648	7.256325	6.541421e-01	3.121603e-02	4.172122e+02	4.383200e-02	
20.000000	60.000000	158.525451	6.639318	5.880554e-01	2.897973e-02	4.088597e+02	3.868419e-02	
24.000000	0.000000	150.929150	1086.100852	5.924906e-01	3.019372e-02	4.080638e+02	3.865399e-02	
24.000000	4.000000	147.052190	12.514583	5.972966e-01	2.922394e-02	4.247284e+02	3.959305e-02	
24.000000	8.000000	147.063912	11.410297	6.179818e-01	3.878108e-02	4.241396e+02	4.460109e-02	
24.000000	12.000000	147.045209	7.036719	6.157319e-01	3.032298e-02	4.237776e+02	5.777605e-02	
24.000000	16.000000	146.277707	6.207018	6.356614e-01	3.189955e-02	4.239957e+02	4.224546e-02	
24.000000	20.000000	142.094727	7.124236	6.456996e-01	3.113016e-02	4.241163e+02	4.390530e-02	
24.000000	24.000000	140.800037	6.239380	5.955769e-01	3.099349e-02	4.244523e+02	4.035392e-02	
24.000000	28.000000	139.968879	69.670951	6.251775e-01	3.459184e-02	4.250689e+02	4.330052e-02	
24.000000	32.000000	137.533422	1076.803845	6.495527e-01	3.045424e-02	4.256512e+02	4.404931e-02	
24.000000	36.000000	139.039382	66.039848	6.484673e-01	3.301014e-02	4.254656e+02	4.445864e-02	
24.000000	40.000000	140.805533	5.845154	6.324519e-01	3.166405e-02	4.259055e+02	4.163888e-02	
24.000000	44.000000	147.059417	4.623338	6.775765e-01	3.335145e-02	4.258762e+02	4.541383e-02	
24.000000	48.000000	157.333882	4.821471	6.381341e-01	3.551170e-02	4.255144e+02	4.418005e-02	
24.000000	52.000000	178.292820	9.089381	6.099063e-01	2.972639e-02	4.228880e+02	4.050874e-02	
24.000000	56.000000	178.300895	6.038093	6.219123e-01	2.992001e-02	4.178697e+02	4.164428e-02	
24.000000	60.000000	162.270157	1146.496925	5.622311e-01	3.560725e-02	4.098812e+02	5.676066e-02	
28.000000	0.000000	153.308215	8.141711	6.317891e-01	2.951589e-02	4.077900e+02	4.259735e-02	
28.000000	4.000000	148.647647	932.961879	5.870053e-01	2.912946e-02	4.245592e+02	3.989886e-02	
28.000000	8.000000	148.216176	116.604667	6.265124e-01	3.197503e-02	4.239435e+02	4.421170e-02	
28.000000	12.000000	147.451048	113.759675	6.231496e-01	3.037021e-02	4.236594e+02	4.169432e-02	
28.000000	16.000000	147.055927	7.980267	6.149720e-01	2.986174e-02	4.238705e+02	4.078074e-02	
28.000000	20.000000	147.060566	7.049060	5.747687e-01	2.963490e-02	4.240630e+02	3.729921e-02	
28.000000	24.000000	142.159971	8.901143	6.315158e-01	2.866419e-02	4.245310e+02	4.194535e-02	
28.000000	28.000000	140.798827	26.316693	6.942229e-01	3.533068e-02	4.249580e+02	4.623863e-02	
28.000000	32.000000	140.805979	4.922060	5.782210e-01	3.125370e-02	4.250816e+02	3.807997e-02	
28.000000	36.000000	140.801897	141.343418	6.543223e-01	3.319972e-02	4.255794e+02	4.425769e-02	
28.000000	40.000000	141.557924	5.022039	6.300742e-01	3.110302e-02	4.258046e+02	4.172067e-02	
28.000000	44.000000	147.060576	3.375645	6.202848e-01	3.101909e-02	4.259452e+02	4.087055e-02	
28.000000	48.000000	159.555823	7.741672	7.391711e-01	5.640726e-02	4.257485e+02	5.819070e-02	
28.000000	52.000000	178.295283	9.489630	6.009203e-01	3.027461e-02	4.233630e+02	4.024219e-02	
28.000000	56.000000	184.551923	7.086366	5.993753e-01	3.207141e-02	4.188097e+02	3.963587e-02	
28.000000	60.000000	167.064226	11.232816	6.472305e-01	2.659944e-02	4.105935e+02	4.390827e-02	
32.000000	0.000000	159.549193	7.619971	5.858594e-01	2.728151e-02	4.078062e+02	4.664703e-02	
32.000000	4.000000	153.305371	13.534384	6.267404e-01	2.940456e-02	4.241622e+02	4.378408e-02	
32.000000	8.000000	153.301891	14.055298	6.531036e-01	2.718166e-02	4.234918e+02	4.327693e-02	
32.000000	12.000000	153.305222	7.958496	6.306493e-01	3.037692e-02	4.233413e+02	4.229068e-02	
32.000000	16.000000	152.435337	106.271143	6.176085e-01	3.164332e-02	4.234004e+02	4.147248e-02	
32.000000	20.000000	147.045688	6.267576	6.132239e-01	3.208957e-02	4.234527e+02	4.216285e-02	
32.000000	24.000000	147.054158	6.430397	6.470699e-01	3.149352e-02	4.242064e+02	4.292936e-02	
32.000000	28.000000	143.882719	25.435706	5.997764e-01	2.863839e-02	4.247545e+02	3.986761e-02	
32.000000	32.000000	141.662373	6.457658	6.202496e-01	3.054577e-02	4.251036e+02	4.089950e-02	
32.000000	36.000000	142.196868	8.770182	5.961964e-01	2.988496e-02	4.253079e+02	3.957430e-02	
32.000000	40.000000	146.172097	4.064172	6.150748e-01	3.302249e-02	4.256141e+02	4.247340e-02	
32.000000	44.000000	151.509179	125.760021	6.288459e-01	3.058190e-02	4.258897e+02	4.395775e-02	
32.000000	48.000000	159.550778	4.190687	6.188074e-01	2.839924e-02	4.255875e+02	4.188915e-02	
32.000000	52.000000	180.273641	9.315572	6.211410e-01	2.826796e-02	4.235914e+02	4.212051e-02	
32.000000	56.000000	190.795980	9.339118	6.513867e-01	3.196251e-02	4.191044e+02	4.594692e-02	
32.000000	60.000000	173.495135	749.345961	5.943049e-01	3.646114e-02	4.118205e+02	4.138108e-02	
36.000000	0.000000	161.057958	989.898476	6.619141e-01	3.932951e-02	4.074511e+02	4.632935e-02	
36.000000	4.000000	158.033834	15.645841	6.654525e-01	3.462638e-02	4.237970e+02	4.433227e-02	
36.000000	8.000000	157.459836	24.402793	5.668205e-01	2.858041e-02	4.232550e+02	3.759165e-02	
36.000000	12.000000	154.935377	31.055398	6.508999e-01	3.084568e-02	4.228437e+02	4.547605e-02	
36.000000	16.000000	153.990558	7.159438	6.641142e-01	3.297215e-02	4.231184e+02	4.407793e-02	
36.000000	20.000000	153.298078	14.761593	5.971413e-01	2.924991e-02	4.231712e+02	3.935999e-02	
36.000000	24.000000	148.424934	881.012722	6.166228e-01	3.022910e-02	4.238432e+02	4.060311e-02	
36.000000	28.000000	147.057008	16.971359	6.211410e-01	2.826590e-02	4.244086e+02	4.211730e-02	
36.000000	32.000000	147.090062	4.360585	6.019296e-01	3.348987e-02	4.248730e+02	4.061967e-02	
36.000000	36.000000	147.057388	5.242980	6.162181e-01	3.036134e-02	4.250892e+02	4.265421e-02	
36.000000	40.000000	147.049528	6.351742	6.538383e-01	2.996506e-02	4.254647e+02	4.522355e-02	
36.000000	44.000000	153.295849	5.392754	6.099131e-01	3.040181e-02	4.253491e+02	4.077347e-02	
36.000000	48.000000	162.665348	1080.820669	5.916595e-01	2.973310e-02	4.250705e+02	3.909628e-02	
36.000000	52.000000	184.552004	9.252612	6.744953e-01	3.284614e-02	4.235848e+02	4.627270e-02	
36.000000	56.000000	197.048336	8.604161	6.320199e-01	3.559592e-02	4.200155e+02	4.628360e-02	
36.000000	60.000000	183.513927	8.515789	6.721299e-01	4.083207e-02	4.124803e+02	4.712348e-02	
40.000000	0.000000	166.531082	8.756453	6.673689e-01	3.216405e-02	4.067570e+02	4.496662e-02	
40.000000	4.000000	160.902580	551.567929	6.338812e-01	3.151507e-02	4.230607e+02	4.174988e-02	
40.000000	8.000000	160.834294	174.058184	6.037418e-01	3.090977e-02	4.227668e+02	3.985689e-02	
40.000000	12.000000	160.225614	16.394652	6.378224e-01	2.882660e-02	4.222913e+02	4.353015e-02	
40.000000	16.000000	159.555926	24.421321	6.634684e-01	2.957050e-02	4.223743e+02	4.416404e-02	
40.000000	20.000000	157.798983	18.358908	6.600000e-01	2.865672e-02	4.226989e+02	4.581201e-02	
40.000000	24.000000	153.304601	7.264488	6.162191e-01	3.523390e-02	4.232769e+02	4.288143e-02	
40.000000	28.000000	151.649988	90.400923	6.054515e-01	3.090095e-02	4.238319e+02	3.987484e-02	
40.000000	32.000000	148.413257	145.594980	6.023743e-01	3.203661e-02	4.246601e+02	4.140145e-02	
40.000000	36.000000	148.575401	83.510617	6.173670e-01	2.602077e-02	4.247009e+02	4.410228e-02	
40.000000	40.000000	152.138947	86.834882	6.548411e-01	3.448672e-02	4.251546e+02	4.371221e-02	
40.000000	44.000000	154.582527	9.220682	6.150483e-01	3.221055e-02	4.255000e+02	4.229351e-02	
40.000000	48.000000	165.803299	18.212360	5.674802e-01	2.608410e-02	4.252941e+02	3.803532e-02	
40.000000	52.000000	184.545149	13.541474	6.390980e-01	3.451421e-02	4.239714e+02	4.704354e-02	
40.000000	56.000000	207.929020	8.654007	6.124215e-01	2.672628e-02	4.207484e+02	4.766298e-02	
40.000000	60.000000	190.800583	8.495854	5.854037e-01	2.857538e-02	4.142527e+02	3.878148e-02	
44.000000	0.000000	173.291258	630.447311	5.850839e-01	2.948450e-02	4.069187e+02	4.013149e-02	
44.000000	4.000000	167.054791	18.786336	5.980357e-01	3.037211e-02	4.228646e+02	3.930337e-02	
44.000000	8.000000	166.591667	12.348776	6.002258e-01	2.952776e-02	4.221887e+02	3.958098e-02	
44.000000	12.000000	165.804685	20.559683	5.923579e-01	3.056597e-02	4.219854e+02	3.946597e-02	
44.000000	16.000000	164.915160	17.831468	5.930608e-01	3.548230e-02	4.220206e+02	4.432021e-02	
44.000000	20.000000	162.466578	1061.544971	5.701137e-01	2.693960e-02	4.223578e+02	3.823763e-02	
44.000000	24.000000	159.554905	13.480310	6.746509e-01	3.270127e-02	4.228550e+02	4.806418e-02	
44.000000	28.000000	154.693228	7.070135	6.695873e-01	3.721818e-02	4.235113e+02	4.583335e-02	
44.000000	32.000000	153.304895	8.716138	6.171145e-01	3.087515e-02	4.239311e+02	4.050878e-02	
44.000000	36.000000	153.303001	6.827598	6.504024e-01	3.092125e-02	4.243619e+02	4.403060e-02	
44.000000	40.000000	153.859099	6.818903	6.744710e-01	3.108690e-02	4.246272e+02	4.684020e-02	
44.000000	44.000000	159.547417	35.321276	6.152601e-01	3.136026e-02	4.252744e+02	4.088960e-02	
44.000000	48.000000	167.869259	24.367036	5.758833e-01	2.969210e-02	4.249621e+02	3.773719e-02	
44.000000	52.000000	187.023872	1109.337195	6.400089e-01	3.118536e-02	4.238794e+02	4.587541e-02	
44.000000	56.000000	214.915309	8.869638	6.481958e-01	3.214129e-02	4.209474e+02	4.357173e-02	
44.000000	60.000000	203.291547	11.828883	5.984188e-01	3.273199e-02	4.151056e+02	4.009102e-02	
48.000000	0.000000	184.552190	9.516065	6.070137e-01	3.278961e-02	4.073552e+02	4.148847e-02	
48.000000	4.000000	176.480207	893.726558	6.031888e-01	3.029761e-02	4.220319e+02	3.935972e-02	
48.000000	8.000000	175.324508	1038.555868	6.859436e-01	4.448735e-02	4.213442e+02	4.943919e-02	
48.000000	12.000000	173.370847	825.996640	6.588504e-01	4.328663e-02	4.212553e+02	4.660717e-02	
48.000000	16.000000	172.499745	16.292004	7.103631e-01	3.837182e-02	4.213879e+02	4.856121e-02	
48.000000	20.000000	170.404907	18.243588	6.267737e-01	3.286067e-02	4.216699e+02	4.189961e-02	
48.000000	24.000000	165.810454	31.031866	6.270627e-01	2.937113e-02	4.222007e+02	4.219567e-02	
48.000000	28.000000	161.304407	365.013912	6.738496e-01	3.365825e-02	4.229736e+02	4.480758e-02	
48.000000	32.000000	159.551896	37.142021	6.700822e-01	3.106947e-02	4.234940e+02	4.524466e-02	
48.000000	36.000000	159.554186	33.016533	5.991265e-01	2.857624e-02	4.238497e+02	4.385570e-02	
48.000000	40.000000	159.548294	5.902577	5.495152e-01	2.488685e-02	4.245320e+02	3.772095e-02	
48.000000	44.000000	165.805632	8.591058	6.088581e-01	2.746943e-02	4.246265e+02	4.076100e-02	
48.000000	48.000000	172.054651	6.051740	5.737154e-01	3.004592e-02	4.250939e+02	4.266039e-02	
48.000000	52.000000	190.802213	23.187305	6.390000e-01	3.032664e-02	4.238461e+02	4.339665e-02	
48.000000	56.000000	220.365171	13.768198	5.604629e-01	2.799085e-02	4.216650e+02	3.757971e-02	
48.000000	60.000000	217.049664	17.311602	6.463992e-01	3.353701e-02	4.166357e+02	4.283602e-02	
52.000000	0.000000	197.053684	9.004570	6.094373e-01	2.790928e-02	4.088141e+02	4.323338e-02	
52.000000	4.000000	186.075401	886.815355	5.979426e-01	2.762385e-02	4.211826e+02	4.105921e-02	
52.000000	8.000000	185.948541	674.200668	6.603911e-01	3.103751e-02	4.205148e+02	4.466478e-02	
52.000000	12.000000	185.356358	25.342163	6.263893e-01	2.625683e-02	4.203366e+02	4.421945e-02	
52.000000	16.000000	183.674728	24.194442	6.584447e-01	3.418037e-02	4.204764e+02	4.354142e-02	
52.000000	20.000000	179.897675	34.843291	5.372227e-01	2.634926e-02	4.208108e+02	3.576864e-02	
52.000000	24.000000	176.708844	776.556811	6.279093e-01	2.864678e-02	4.212805e+02	4.249761e-02	
52.000000	28.000000	172.054816	25.133375	6.199628e-01	3.514802e-02	4.223004e+02	4.310270e-02	
52.000000	32.000000	168.915348	63.425950	6.126954e-01	3.400902e-02	4.226330e+02	4.134404e-02	
52.000000	36.000000	167.058368	8.520330	6.399227e-01	3.380743e-02	4.233840e+02	4.241388e-02	
52.000000	40.000000	168.158561	63.935116	6.069765e-01	3.227806e-02	4.240358e+02	4.105784e-02	
52.000000	44.000000	172.044259	28.909825	6.231583e-01	3.264543e-02	4.244381e+02	4.198405e-02	
52.000000	48.000000	179.005090	7.401671	6.293946e-01	2.816621e-02	4.244294e+02	4.200368e-02	
52.000000	52.000000	197.054859	7.941339	6.039193e-01	2.965436e-02	4.239012e+02	4.004065e-02	
52.000000	56.000000	225.148429	1102.537097	6.319694e-01	3.049860e-02	4.217462e+02	4.201691e-02	
52.000000	60.000000	237.334652	1091.272747	6.308670e-01	3.303193e-02	4.177456e+02	4.199026e-02	
56.000000	0.000000	215.805279	11.203941	5.913211e-01	2.929734e-02	4.105517e+02	4.051782e-02	
56.000000	4.000000	208.098087	36.059324	5.433258e-01	3.087567e-02	4.200440e+02	3.526964e-02	
56.000000	8.000000	207.656904	41.193011	5.988810e-01	2.726498e-02	4.193696e+02	4.033730e-02	
56.000000	12.000000	204.974055	44.206090	5.820318e-01	3.127758e-02	4.189862e+02	3.913247e-02	
56.000000	16.000000	204.174105	37.404428	6.182542e-01	3.094924e-02	4.191817e+02	4.080731e-02	
56.000000	20.000000	198.413302	831.078612	6.338652e-01	3.643667e-02	4.193028e+02	4.283786e-02	
56.000000	24.000000	193.186855	48.457050	5.898133e-01	2.960089e-02	4.203537e+02	3.950047e-02	
56.000000	28.000000	186.798701	973.831687	5.884235e-01	2.623077e-02	4.213155e+02	3.970750e-02	
56.000000	32.000000	183.476597	21.129031	6.113299e-01	3.098725e-02	4.220344e+02	4.017600e-02	
56.000000	36.000000	182.202904	53.119132	5.991100e-01	2.909655e-02	4.224812e+02	4.001798e-02	
56.000000	40.000000	180.418911	44.543723	6.262788e-01	2.937079e-02	4.231594e+02	4.383162e-02	
56.000000	44.000000	183.554444	9.158265	6.210873e-01	2.956290e-02	4.238582e+02	4.401321e-02	
56.000000	48.000000	189.909336	8.159210	6.904280e-01	3.373068e-02	4.237415e+02	4.709047e-02	
56.000000	52.000000	204.539690	13.821482	6.192294e-01	2.992068e-02	4.235335e+02	4.179080e-02	
56.000000	56.000000	234.554218	12.192937	6.512668e-01	3.506727e-02	4.221643e+02	4.369815e-02	
56.000000	60.000000	267.189815	13.392628	6.247398e-01	2.613043e-02	4.186817e+02	4.437422e-02	
60.000000	0.000000	247.054283	16.337078	5.871667e-01	2.905652e-02	4.128555e+02	3.856878e-02	
60.000000	4.000000	290.625000	681.487817	5.724246e-01	2.935634e-02	4.186777e+02	3.896842e-02	
60.000000	8.000000	288.791639	824.934304	6.699026e-01	3.362849e-02	4.180915e+02	4.432422e-02	
60.000000	12.000000	286.322634	817.893094	6.275007e-01	3.137528e-02	4.179784e+02	4.165003e-02	
60.000000	16.000000	281.217916	137.374240	5.828088e-01	2.957295e-02	4.179282e+02	3.801199e-02	
60.000000	20.000000	272.216592	598.415411	6.197396e-01	2.908075e-02	4.184348e+02	4.191264e-02	
60.000000	24.000000	257.603365	144.693974	6.129745e-01	2.576654e-02	4.192995e+02	4.347033e-02	
60.000000	28.000000	243.409604	141.341203	6.341490e-01	2.863758e-02	4.207179e+02	4.325731e-02	
60.000000	32.000000	232.618168	130.236276	5.777991e-01	2.936780e-02	4.216074e+02	3.886568e-02	
60.000000	36.000000	223.647706	823.524331	6.607086e-01	3.296715e-02	4.219381e+02	4.529618e-02	
60.000000	40.000000	216.956606	48.494785	6.489522e-01	2.765399e-02	4.224916e+02	4.309543e-02	
60.000000	44.000000	212.466576	999.648293	6.091008e-01	2.870510e-02	4.227272e+02	4.065333e-02	
60.000000	48.000000	214.126016	241.298950	5.746143e-01	2.765526e-02	4.228499e+02	3.844550e-02	
60.000000	52.000000	226.611677	607.723003	6.448630e-01	3.056032e-02	4.228518e+02	4.470361e-02	
60.000000	56.000000	252.246431	12.319714	5.095708e-01	3.045188e-02	4.220505e+02	3.180529e-02	
60.000000	60.000000	300.446452	1051.877853	6.901604e-01	4.118396e-02	4.196820e+02	5.005814e-02	
0.000000	0.000000	314.717307	26.289186	6.357860e-01	3.509007e-02	4.155147e+02	4.316416e-02	
