0.000000	4.000000	153.305716	3.963434	5.478590e-01	2.906038e-02	1.992419e+02	3.704218e-02	
0.000000	8.000000	151.667296	19.001621	5.534687e-01	2.623223e-02	1.992736e+02	3.700246e-02	
0.000000	12.000000	147.051997	213.379065	6.219671e-01	3.301444e-02	1.996610e+02	4.172377e-02	
0.000000	16.000000	145.836005	247.850775	6.041644e-01	2.627870e-02	1.996720e+02	4.120281e-02	
0.000000	20.000000	142.173515	29.982410	6.213391e-01	3.272932e-02	1.995692e+02	4.231117e-02	
0.000000	24.000000	140.805823	13.951874	6.636666e-01	3.008993e-02	1.993353e+02	4.614261e-02	
0.000000	28.000000	140.804553	246.458802	6.438750e-01	2.834834e-02	1.994195e+02	4.455391e-02	
0.000000	32.000000	140.805930	221.232167	6.176668e-01	2.990601e-02	1.994614e+02	4.184229e-02	
0.000000	36.000000	140.794310	10.017975	6.048830e-01	3.065298e-02	1.997576e+02	4.005455e-02	
0.000000	40.000000	142.060182	706.879133	5.833242e-01	2.860773e-02	1.994155e+02	3.993711e-02	
0.000000	44.000000	149.047071	237.516046	5.358191e-01	2.511821e-02	1.993336e+02	3.670204e-02	
0.000000	48.000000	163.499525	253.794143	4.833849e-01	3.005170e-02	1.991156e+02	3.039280e-02	
0.000000	52.000000	179.638268	615.309800	5.571668e-01	2.838700e-02	1.991028e+02	3.732626e-02	
0.000000	56.000000	190.802204	61.061643	6.142476e-01	3.037697e-02	1.949096e+02	4.043264e-02	
0.000000	60.000000	178.305417	8.077758	6.181267e-01	3.213509e-02	1.884452e+02	4.202164e-02	
4.000000	0.000000	170.361725	376.333755	6.110862e-01	2.923982e-02	1.868201e+02	4.074574e-02	
4.000000	4.000000	154.761176	49.598271	6.446829e-01	3.227721e-02	1.990022e+02	4.277364e-02	
4.000000	8.000000	153.305975	2.746899	6.100557e-01	3.062467e-02	1.989262e+02	4.247400e-02	
4.000000	12.000000	148.272777	36.642126	6.291387e-01	3.581872e-02	1.993280e+02	4.381721e-02	
4.000000	16.000000	147.055486	189.082675	6.544336e-01	3.159101e-02	1.995006e+02	4.516327e-02	
4.000000	20.000000	145.862572	1.755615	6.038623e-01	2.967899e-02	1.993168e+02	4.025662e-02	
4.000000	24.000000	142.454596	850.380586	5.493964e-01	2.679855e-02	1.991521e+02	3.913291e-02	
4.000000	28.000000	141.206494	1.740136	6.261010e-01	2.927985e-02	1.991702e+02	4.318814e-02	
4.000000	32.000000	141.201780	0.317406	5.808563e-01	2.562760e-02	1.992582e+02	3.986156e-02	
4.000000	36.000000	142.036809	75.641180	6.387818e-01	3.570844e-02	1.994350e+02	4.313592e-02	
4.000000	40.000000	147.060882	1.228910	5.592390e-01	2.607000e-02	1.996436e+02	3.766890e-02	
4.000000	44.000000	153.295683	0.908882	5.270507e-01	2.879691e-02	1.991768e+02	3.415824e-02	
4.000000	48.000000	164.171588	0.964737	5.367494e-01	2.885337e-02	1.988862e+02	3.453297e-02	
4.000000	52.000000	180.575621	239.225123	6.199628e-01	3.514767e-02	1.986996e+02	4.310172e-02	
4.000000	56.000000	191.387157	30.999407	6.192289e-01	3.416500e-02	1.951206e+02	4.195771e-02	
4.000000	60.000000	179.634831	633.248375	5.338635e-01	2.919673e-02	1.888974e+02	3.960332e-02	
8.000000	0.000000	172.051899	9.455167	6.017594e-01	3.098650e-02	1.865593e+02	4.021583e-02	
8.000000	4.000000	158.672941	3.711326	6.562979e-01	3.136275e-02	1.987900e+02	4.428123e-02	
8.000000	8.000000	153.305436	2.521958	6.025596e-01	3.334570e-02	1.987167e+02	4.155605e-02	
8.000000	12.000000	152.442214	2.390255	5.844698e-01	3.223338e-02	1.989853e+02	4.149940e-02	
8.000000	16.000000	147.932816	2.007942	6.137894e-01	2.584315e-02	1.992990e+02	4.372550e-02	
8.000000	20.000000	147.056236	205.796231	5.958233e-01	2.873054e-02	1.992669e+02	3.957929e-02	
8.000000	24.000000	147.056005	1.640741	6.161440e-01	2.817331e-02	1.992527e+02	4.158629e-02	
8.000000	28.000000	145.424245	457.287358	6.168950e-01	2.597526e-02	1.992818e+02	4.572975e-02	
8.000000	32.000000	145.398528	419.037578	6.461226e-01	3.397567e-02	1.995574e+02	4.440084e-02	
8.000000	36.000000	146.196476	1.124491	6.301664e-01	2.810619e-02	1.997515e+02	4.375205e-02	
8.000000	40.000000	147.059135	15.641953	5.769126e-01	3.144126e-02	1.999111e+02	4.527043e-02	
8.000000	44.000000	153.300096	222.500671	6.317305e-01	3.500591e-02	1.995907e+02	4.374248e-02	
8.000000	48.000000	165.804799	1.346445	5.618136e-01	2.823515e-02	1.991746e+02	3.689791e-02	
8.000000	52.000000	182.692042	90.436738	5.934283e-01	2.851084e-02	1.987466e+02	3.939383e-02	
8.000000	56.000000	197.047899	2.137500	5.889924e-01	2.866983e-02	1.958132e+02	5.015577e-02	
8.000000	60.000000	184.555490	6.999758	5.817338e-01	3.245646e-02	1.897631e+02	3.986846e-02	
12.000000	0.000000	174.168805	15.696490	5.627415e-01	2.841531e-02	1.863744e+02	3.832832e-02	
12.000000	4.000000	159.545688	3.833960	6.227931e-01	3.153894e-02	1.987219e+02	4.150262e-02	
12.000000	8.000000	157.800874	637.027983	6.093637e-01	2.568896e-02	1.987099e+02	4.327013e-02	
12.000000	12.000000	153.306000	229.010142	6.300062e-01	2.899773e-02	1.987855e+02	4.594057e-02	
12.000000	16.000000	151.714995	2.279226	6.556288e-01	3.332870e-02	1.988746e+02	4.355355e-02	
12.000000	20.000000	148.303464	23.335528	6.160973e-01	3.109424e-02	1.991251e+02	4.053358e-02	
12.000000	24.000000	147.050403	45.711836	6.278845e-01	3.163195e-02	1.990088e+02	4.159792e-02	
12.000000	28.000000	147.051810	2.478488	6.585419e-01	3.357043e-02	1.991756e+02	4.373360e-02	
12.000000	32.000000	147.046283	2.127863	6.241416e-01	3.028878e-02	1.991602e+02	4.136137e-02	
12.000000	36.000000	147.051927	1.486617	5.777334e-01	2.716184e-02	1.995961e+02	3.894358e-02	
12.000000	40.000000	148.393404	2.622906	6.147501e-01	2.815447e-02	1.998124e+02	4.443528e-02	
12.000000	44.000000	153.301891	1.578255	6.190528e-01	2.799896e-02	1.996005e+02	4.197408e-02	
12.000000	48.000000	165.810056	15.995244	5.532040e-01	3.301268e-02	1.990022e+02	3.934746e-02	
12.000000	52.000000	183.337627	58.428585	5.842681e-01	3.171508e-02	1.987341e+02	3.996223e-02	
12.000000	56.000000	202.269612	4.562493	5.848991e-01	3.777876e-02	1.959685e+02	5.063481e-02	
12.000000	60.000000	190.800874	9.329604	6.065161e-01	3.442260e-02	1.903267e+02	4.104067e-02	
16.000000	0.000000	178.292657	12.602013	5.677970e-01	2.966352e-02	1.860398e+02	3.681155e-02	
16.000000	4.000000	162.916434	251.921991	5.979552e-01	2.991718e-02	1.985307e+02	4.054973e-02	
16.000000	8.000000	159.555374	213.556016	5.836141e-01	2.737093e-02	1.986050e+02	3.928017e-02	
16.000000	12.000000	154.708903	40.768937	6.399163e-01	4.027096e-02	1.987653e+02	4.563373e-02	
16.000000	16.000000	153.305194	220.084894	5.823441e-01	2.961560e-02	1.989240e+02	3.794121e-02	
16.000000	20.000000	152.390312	2.607556	6.186157e-01	3.158649e-02	1.990046e+02	4.134347e-02	
16.000000	24.000000	148.458867	222.262426	6.013769e-01	3.101789e-02	1.989131e+02	4.450009e-02	
16.000000	28.000000	147.481272	2.231552	5.748272e-01	3.036538e-02	1.989812e+02	3.837812e-02	
16.000000	32.000000	147.058424	1.768134	5.930420e-01	3.200190e-02	1.991993e+02	3.943406e-02	
16.000000	36.000000	147.909938	1.928462	6.056632e-01	2.778657e-02	1.996190e+02	4.054249e-02	
16.000000	40.000000	152.115013	1.551898	5.600201e-01	3.775948e-02	1.999090e+02	3.860128e-02	
16.000000	44.000000	157.287337	891.391805	5.593546e-01	3.360893e-02	2.002086e+02	3.793959e-02	
16.000000	48.000000	166.249423	1.223298	6.518487e-01	3.080320e-02	1.994810e+02	4.495356e-02	
16.000000	52.000000	184.553627	4.078376	6.080407e-01	2.900876e-02	1.988416e+02	4.078458e-02	
16.000000	56.000000	203.820606	75.062136	5.517674e-01	2.686676e-02	1.963213e+02	3.760371e-02	
16.000000	60.000000	195.429020	872.306892	5.712762e-01	2.576753e-02	1.912648e+02	3.853497e-02	
20.000000	0.000000	183.033825	99.295910	5.767310e-01	2.553218e-02	1.862456e+02	3.957430e-02	
20.000000	4.000000	165.805539	7.920967	5.560360e-01	3.133978e-02	1.982287e+02	3.712090e-02	
20.000000	8.000000	160.760623	4.268194	5.936015e-01	3.372410e-02	1.982048e+02	3.999972e-02	
20.000000	12.000000	158.687176	45.448308	6.366918e-01	3.640875e-02	1.986440e+02	4.437597e-02	
20.000000	16.000000	154.555181	65.185641	6.145614e-01	3.380750e-02	1.985630e+02	4.192167e-02	
20.000000	20.000000	153.304948	240.781262	6.030518e-01	2.818109e-02	1.986016e+02	4.029324e-02	
20.000000	24.000000	153.304927	2.072592	6.392588e-01	3.657329e-02	1.986479e+02	4.430363e-02	
20.000000	28.000000	151.484421	21.539710	5.791835e-01	2.986146e-02	1.988269e+02	3.804803e-02	
20.000000	32.000000	152.053108	120.495474	5.560517e-01	2.828842e-02	1.988784e+02	3.670626e-02	
20.000000	36.000000	151.631352	1.977965	6.086887e-01	3.002347e-02	1.992144e+02	4.033378e-02	
20.000000	40.000000	153.305536	39.235770	6.552214e-01	3.128856e-02	1.997889e+02	4.405531e-02	
20.000000	44.000000	159.540981	1.675014	5.454937e-01	2.956446e-02	1.999428e+02	3.492581e-02	
20.000000	48.000000	167.163302	158.430477	5.940349e-01	2.892832e-02	1.994789e+02	4.016715e-02	
20.000000	52.000000	184.551099	4.057244	4.772866e-01	3.999157e-02	1.989456e+02	2.941505e-02	
20.000000	56.000000	209.554843	4.787023	5.924353e-01	3.054851e-02	1.966455e+02	4.058726e-02	
20.000000	60.000000	198.690814	9.828310	6.525359e-01	3.351508e-02	1.919052e+02	4.346665e-02	
24.000000	0.000000	184.556544	5.499733	6.275007e-01	3.137434e-02	1.860216e+02	4.164879e-02	
24.000000	4.000000	168.086700	60.005168	6.342580e-01	2.843317e-02	1.977747e+02	4.619517e-02	
24.000000	8.000000	164.854534	5.258735	5.700564e-01	3.470050e-02	1.979355e+02	4.834548e-02	
24.000000	12.000000	160.912478	3.679294	5.971690e-01	2.796561e-02	1.983834e+02	4.001670e-02	
24.000000	16.000000	158.795523	120.176528	7.378105e-01	4.977073e-02	1.985614e+02	5.252874e-02	
24.000000	20.000000	154.623575	755.931095	5.829271e-01	3.072063e-02	1.982840e+02	3.894111e-02	
24.000000	24.000000	153.309202	24.578547	6.321545e-01	3.400954e-02	1.984713e+02	4.282211e-02	
24.000000	28.000000	153.302222	232.718692	6.159507e-01	3.244974e-02	1.985285e+02	4.246127e-02	
24.000000	32.000000	153.301889	182.320110	6.215549e-01	2.594352e-02	1.986886e+02	4.457878e-02	
24.000000	36.000000	153.303775	2.280566	6.119392e-01	2.904925e-02	1.991730e+02	4.088922e-02	
24.000000	40.000000	154.204451	18.051697	5.962754e-01	3.232941e-02	1.997068e+02	4.096515e-02	
24.000000	44.000000	159.555674	15.404754	5.585543e-01	3.800288e-02	1.998917e+02	5.941102e-02	
24.000000	48.000000	170.550221	448.429085	5.817788e-01	2.703131e-02	1.998093e+02	4.536550e-02	
24.000000	52.000000	184.556006	3.250630	6.038326e-01	3.041246e-02	1.989786e+02	3.960250e-02	
24.000000	56.000000	209.537663	4.293538	5.803712e-01	2.985661e-02	1.970887e+02	3.776890e-02	
24.000000	60.000000	204.545850	563.979285	6.251671e-01	3.008805e-02	1.924623e+02	4.243646e-02	
28.000000	0.000000	190.804891	8.331832	6.112235e-01	3.927187e-02	1.861081e+02	4.544703e-02	
28.000000	4.000000	171.256165	61.190772	6.314466e-01	3.097544e-02	1.975141e+02	4.297138e-02	
28.000000	8.000000	167.343099	43.042665	6.543627e-01	3.827022e-02	1.975729e+02	4.570388e-02	
28.000000	12.000000	164.057376	33.870075	5.902490e-01	3.023963e-02	1.979226e+02	4.191208e-02	
28.000000	16.000000	160.090664	3.646711	6.055528e-01	3.152732e-02	1.980822e+02	3.998875e-02	
28.000000	20.000000	159.554294	37.692881	5.637717e-01	2.837516e-02	1.981055e+02	3.844139e-02	
28.000000	24.000000	157.958840	80.810408	5.887301e-01	3.059398e-02	1.982380e+02	3.897525e-02	
28.000000	28.000000	154.843100	48.339404	6.210089e-01	3.413495e-02	1.983027e+02	4.166641e-02	
28.000000	32.000000	154.539698	60.571842	5.379078e-01	2.391052e-02	1.984135e+02	3.722391e-02	
28.000000	36.000000	154.680172	65.258046	5.826439e-01	3.050507e-02	1.989363e+02	3.806051e-02	
28.000000	40.000000	158.724578	2.569927	6.138906e-01	3.177438e-02	1.992930e+02	4.089004e-02	
28.000000	44.000000	162.317653	266.462191	6.212704e-01	2.945140e-02	1.998016e+02	4.161242e-02	
28.000000	48.000000	172.045137	242.282474	5.811483e-01	3.079263e-02	1.997115e+02	3.977282e-02	
28.000000	52.000000	184.882920	3.630100	6.390604e-01	3.199533e-02	1.990826e+02	4.215821e-02	
28.000000	56.000000	210.822491	17.877311	6.082920e-01	3.402046e-02	1.970790e+02	4.979373e-02	
28.000000	60.000000	212.697726	7.797784	6.549566e-01	3.159573e-02	1.931581e+02	4.390743e-02	
32.000000	0.000000	197.048726	11.747697	5.963831e-01	2.964221e-02	1.869019e+02	3.916428e-02	
32.000000	4.000000	176.565601	6.077400	6.406335e-01	3.117948e-02	1.968987e+02	4.383171e-02	
32.000000	8.000000	172.048630	103.947258	4.866466e-01	3.790495e-02	1.969918e+02	3.457029e-02	
32.000000	12.000000	167.061168	121.253396	6.432651e-01	2.792852e-02	1.975930e+02	4.471538e-02	
32.000000	16.000000	164.665797	3.528546	5.581137e-01	3.471321e-02	1.978858e+02	5.416892e-02	
32.000000	20.000000	161.110909	85.627051	6.075513e-01	3.115884e-02	1.980732e+02	3.995779e-02	
32.000000	24.000000	159.544344	0.336525	5.524532e-01	2.853499e-02	1.981999e+02	3.626234e-02	
32.000000	28.000000	159.555539	3.564170	6.019833e-01	3.179155e-02	1.983266e+02	4.029586e-02	
32.000000	32.000000	159.546494	3.392661	6.122912e-01	3.190253e-02	1.985688e+02	4.163889e-02	
32.000000	36.000000	159.551949	3.050987	5.581241e-01	2.831859e-02	1.991842e+02	3.653513e-02	
32.000000	40.000000	159.554884	39.315392	6.583873e-01	3.370757e-02	1.995456e+02	4.555023e-02	
32.000000	44.000000	165.806582	2.662028	5.967287e-01	4.598388e-02	1.999904e+02	4.703365e-02	
32.000000	48.000000	172.795039	2.678331	6.414691e-01	3.182083e-02	1.998825e+02	4.238226e-02	
32.000000	52.000000	187.632719	225.249290	6.143935e-01	3.216688e-02	1.995284e+02	4.224645e-02	
32.000000	56.000000	212.334653	15.165019	6.703100e-01	3.137515e-02	1.977104e+02	4.589989e-02	
32.000000	60.000000	223.394849	6.734006	5.673513e-01	3.306021e-02	1.941411e+02	3.803057e-02	
36.000000	0.000000	203.783758	6.766865	6.412507e-01	2.852628e-02	1.877537e+02	4.568052e-02	
36.000000	4.000000	179.744658	19.485523	6.197129e-01	3.668059e-02	1.967335e+02	4.320360e-02	
36.000000	8.000000	176.605398	0.002128	6.119552e-01	2.805045e-02	1.967565e+02	4.125605e-02	
36.000000	12.000000	172.055260	222.834647	6.119264e-01	2.958798e-02	1.972028e+02	4.054461e-02	
36.000000	16.000000	167.365879	816.475210	5.943289e-01	2.991366e-02	1.974245e+02	4.082131e-02	
36.000000	20.000000	165.795265	223.092739	6.046032e-01	2.745683e-02	1.976256e+02	4.088190e-02	
36.000000	24.000000	164.207572	3.890159	6.062709e-01	2.961320e-02	1.976876e+02	4.041273e-02	
36.000000	28.000000	162.285269	52.656743	6.266879e-01	3.038749e-02	1.978628e+02	4.613786e-02	
36.000000	32.000000	160.844740	61.260139	5.712551e-01	2.587624e-02	1.982477e+02	3.878780e-02	
36.000000	36.000000	160.997825	36.721392	6.233885e-01	3.491709e-02	1.986625e+02	4.333407e-02	
36.000000	40.000000	164.025313	225.448077	6.060493e-01	3.150667e-02	1.991907e+02	4.005997e-02	
36.000000	44.000000	167.141748	415.058639	5.545704e-01	2.499559e-02	1.995142e+02	3.815794e-02	
36.000000	48.000000	176.664979	3.555692	5.912153e-01	2.615637e-02	1.997800e+02	4.456554e-02	
36.000000	52.000000	190.805827	4.150561	5.907355e-01	2.959193e-02	1.994361e+02	4.014727e-02	
36.000000	56.000000	214.758530	8.167094	5.942046e-01	2.856836e-02	1.978566e+02	4.314751e-02	
36.000000	60.000000	228.301891	5.839409	5.948039e-01	2.974560e-02	1.944644e+02	4.044380e-02	
40.000000	0.000000	214.217591	8.692788	6.003614e-01	2.677399e-02	1.887753e+02	4.739217e-02	
40.000000	4.000000	185.772863	40.209605	5.567865e-01	2.848564e-02	1.962800e+02	3.778249e-02	
40.000000	8.000000	182.106078	916.229249	6.010643e-01	3.423566e-02	1.961527e+02	4.073498e-02	
40.000000	12.000000	176.672775	5.754682	6.139432e-01	3.301602e-02	1.966165e+02	4.192155e-02	
40.000000	16.000000	173.560132	22.108519	5.517981e-01	3.086576e-02	1.969886e+02	3.715809e-02	
40.000000	20.000000	170.380582	530.042603	5.603714e-01	2.604138e-02	1.973938e+02	3.790182e-02	
40.000000	24.000000	167.163303	113.228602	8.234966e-01	7.464711e-02	1.973426e+02	6.677671e-02	
40.000000	28.000000	165.798378	198.038556	6.277829e-01	3.234467e-02	1.975365e+02	4.269450e-02	
40.000000	32.000000	165.807217	231.390742	5.147628e-01	3.617766e-02	1.979574e+02	4.243892e-02	
40.000000	36.000000	165.801951	4.414307	6.334524e-01	3.748315e-02	1.984977e+02	4.331587e-02	
40.000000	40.000000	166.340664	211.718768	5.776618e-01	3.184668e-02	1.989935e+02	4.020507e-02	
40.000000	44.000000	170.870967	4.405488	6.807237e-01	3.836990e-02	1.996354e+02	4.835712e-02	
40.000000	48.000000	178.296638	0.606454	6.207219e-01	3.453916e-02	1.996504e+02	4.261440e-02	
40.000000	52.000000	190.805078	164.950142	6.364412e-01	3.157490e-02	1.995003e+02	4.341146e-02	
40.000000	56.000000	215.805410	12.886873	5.640170e-01	2.866347e-02	1.980998e+02	3.890985e-02	
40.000000	60.000000	240.836874	7.621004	6.302558e-01	3.125695e-02	1.950909e+02	4.152755e-02	
44.000000	0.000000	222.570811	6.760026	6.347065e-01	3.220085e-02	1.898681e+02	5.029651e-02	
44.000000	4.000000	192.638758	883.801744	5.875947e-01	2.881637e-02	1.955469e+02	4.025475e-02	
44.000000	8.000000	189.056611	6.128266	6.181267e-01	3.213486e-02	1.955548e+02	4.202115e-02	
44.000000	12.000000	182.814866	602.917531	6.727191e-01	3.359805e-02	1.961806e+02	4.482676e-02	
44.000000	16.000000	178.305169	5.353566	6.357235e-01	2.808233e-02	1.964083e+02	4.368444e-02	
44.000000	20.000000	176.275948	40.884245	5.767083e-01	3.177727e-02	1.968122e+02	3.822546e-02	
44.000000	24.000000	173.319994	35.887116	6.006724e-01	3.015425e-02	1.970683e+02	3.930646e-02	
44.000000	28.000000	172.055296	242.300648	5.339941e-01	3.054844e-02	1.972009e+02	3.521324e-02	
44.000000	32.000000	170.450187	466.769796	5.809577e-01	2.770516e-02	1.974457e+02	3.935592e-02	
44.000000	36.000000	170.303065	581.367879	5.541162e-01	2.992275e-02	1.981210e+02	3.587923e-02	
44.000000	40.000000	172.489195	3.987750	6.322661e-01	3.626147e-02	1.986659e+02	4.371209e-02	
44.000000	44.000000	174.597033	192.274247	6.034573e-01	2.894136e-02	1.991409e+02	4.063162e-02	
44.000000	48.000000	183.737418	3.800673	6.839382e-01	3.358092e-02	1.995490e+02	4.863767e-02	
44.000000	52.000000	195.505101	399.035282	6.851777e-01	4.359777e-02	1.995952e+02	4.878099e-02	
44.000000	56.000000	216.966273	103.427156	6.371130e-01	3.309511e-02	1.983291e+02	4.267819e-02	
44.000000	60.000000	248.397014	21.670565	6.264694e-01	2.829820e-02	1.957364e+02	4.266954e-02	
48.000000	0.000000	235.924354	11.202889	6.279847e-01	3.160269e-02	1.908960e+02	4.137806e-02	
48.000000	4.000000	202.289242	38.151650	5.656972e-01	2.583379e-02	1.947996e+02	3.963509e-02	
48.000000	8.000000	197.895764	76.839927	6.088734e-01	2.977971e-02	1.951204e+02	4.023121e-02	
48.000000	12.000000	191.325371	160.787071	6.480104e-01	3.458138e-02	1.954622e+02	4.385419e-02	
48.000000	16.000000	185.884606	41.610344	4.647216e-01	3.767761e-02	1.960469e+02	2.879063e-02	
48.000000	20.000000	182.971617	34.060953	6.254657e-01	3.496329e-02	1.964992e+02	4.245987e-02	
48.000000	24.000000	179.507196	664.641424	6.397243e-01	3.207075e-02	1.965146e+02	4.362563e-02	
48.000000	28.000000	178.301868	231.555707	5.819544e-01	3.117963e-02	1.967600e+02	3.869724e-02	
48.000000	32.000000	177.062040	33.858967	5.596937e-01	2.950879e-02	1.968976e+02	3.628645e-02	
48.000000	36.000000	176.556349	29.350332	6.839031e-01	3.695332e-02	1.976082e+02	4.865181e-02	
48.000000	40.000000	176.618254	27.684784	5.965037e-01	2.552748e-02	1.982689e+02	4.189182e-02	
48.000000	44.000000	179.522776	684.451480	6.578844e-01	3.374844e-02	1.988945e+02	4.373954e-02	
48.000000	48.000000	188.305791	250.028042	6.474471e-01	3.072154e-02	1.991845e+02	4.364451e-02	
48.000000	52.000000	198.448253	28.033721	5.759506e-01	2.700826e-02	1.993945e+02	3.880414e-02	
48.000000	56.000000	222.055992	6.233647	5.943687e-01	2.578326e-02	1.987357e+02	4.162380e-02	
48.000000	60.000000	254.183725	736.861576	5.453806e-01	2.946556e-02	1.962200e+02	3.589779e-02	
52.000000	0.000000	253.305215	8.583316	6.220101e-01	3.077670e-02	1.919304e+02	4.210471e-02	
52.000000	4.000000	217.151399	555.723917	6.761790e-01	4.625440e-02	1.937980e+02	5.119051e-02	
52.000000	8.000000	210.831274	57.823069	5.638859e-01	3.499685e-02	1.942047e+02	3.880640e-02	
52.000000	12.000000	203.787264	101.830107	6.355344e-01	3.183982e-02	1.946130e+02	4.269823e-02	
52.000000	16.000000	197.770151	106.597852	6.210873e-01	2.955861e-02	1.951418e+02	4.400685e-02	
52.000000	20.000000	194.144005	906.552110	6.355418e-01	3.179034e-02	1.954906e+02	4.325598e-02	
52.000000	24.000000	191.455869	95.406000	5.884607e-01	2.996687e-02	1.958030e+02	3.872786e-02	
52.000000	28.000000	189.009433	38.335624	6.379454e-01	3.200647e-02	1.959475e+02	4.380763e-02	
52.000000	32.000000	186.185380	66.235587	6.333443e-01	3.167877e-02	1.962885e+02	4.219237e-02	
52.000000	36.000000	185.361981	98.122732	5.364319e-01	3.343568e-02	1.970753e+02	3.589731e-02	
52.000000	40.000000	185.081202	78.158882	6.308057e-01	3.526739e-02	1.976242e+02	4.375869e-02	
52.000000	44.000000	188.559845	35.413713	6.235083e-01	3.259609e-02	1.982349e+02	4.151403e-02	
52.000000	48.000000	195.856238	644.884335	6.205008e-01	2.913846e-02	1.988419e+02	4.273123e-02	
52.000000	52.000000	204.687181	614.953947	5.854256e-01	2.917890e-02	1.989102e+02	3.966157e-02	
52.000000	56.000000	226.716036	5.925918	5.910934e-01	2.873901e-02	1.985380e+02	3.965620e-02	
52.000000	60.000000	260.302422	13.524938	5.816141e-01	2.768954e-02	1.968458e+02	3.946212e-02	
56.000000	0.000000	276.629440	9.022146	6.159354e-01	3.074493e-02	1.929413e+02	4.160183e-02	
56.000000	4.000000	243.905488	857.990413	6.306986e-01	3.699019e-02	1.927156e+02	4.426751e-02	
56.000000	8.000000	235.050886	100.420663	6.519629e-01	3.249961e-02	1.930087e+02	4.309732e-02	
56.000000	12.000000	225.619423	97.912747	5.972370e-01	3.050653e-02	1.936034e+02	4.095068e-02	
56.000000	16.000000	217.602814	799.092299	6.495907e-01	2.906018e-02	1.942982e+02	4.514248e-02	
56.000000	20.000000	213.689246	51.828660	5.631331e-01	2.622615e-02	1.944338e+02	3.870571e-02	
56.000000	24.000000	208.876569	460.259991	6.179664e-01	3.178086e-02	1.950091e+02	4.147655e-02	
56.000000	28.000000	204.974052	809.486159	6.365252e-01	2.955176e-02	1.951784e+02	4.476255e-02	
56.000000	32.000000	202.379546	51.928985	5.903826e-01	3.105994e-02	1.953170e+02	4.043622e-02	
56.000000	36.000000	200.355466	57.114482	6.053699e-01	3.427630e-02	1.962384e+02	4.079262e-02	
56.000000	40.000000	198.420233	50.521424	6.208704e-01	2.993019e-02	1.968666e+02	4.479118e-02	
56.000000	44.000000	200.754215	52.979977	5.857346e-01	2.578473e-02	1.977147e+02	3.980775e-02	
56.000000	48.000000	204.648533	748.595308	6.024959e-01	3.337188e-02	1.980248e+02	4.226285e-02	
56.000000	52.000000	214.798496	36.098964	6.472761e-01	3.155620e-02	1.984977e+02	4.441840e-02	
56.000000	56.000000	233.362136	110.674458	5.672430e-01	2.844618e-02	1.982883e+02	3.773839e-02	
56.000000	60.000000	266.688874	137.227219	5.824462e-01	2.789559e-02	1.968579e+02	4.021909e-02	
60.000000	0.000000	310.799610	9.188258	5.663643e-01	3.045264e-02	1.940318e+02	3.701516e-02	
60.000000	4.000000	465.399757	752.910043	5.795469e-01	2.673632e-02	1.923492e+02	3.891741e-02	
60.000000	8.000000	428.067643	757.411388	6.024688e-01	2.897795e-02	1.927138e+02	4.001000e-02	
60.000000	12.000000	385.967114	707.517300	6.436825e-01	2.622109e-02	1.936682e+02	4.757290e-02	
60.000000	16.000000	353.828222	766.022292	6.787609e-01	4.213240e-02	1.945447e+02	4.790554e-02	
60.000000	20.000000	331.571837	735.496520	6.037838e-01	3.065524e-02	1.949828e+02	3.960553e-02	
60.000000	24.000000	312.489096	736.378806	5.917827e-01	3.084269e-02	1.950492e+02	3.885058e-02	
60.000000	28.000000	295.459672	749.805978	6.192097e-01	2.825647e-02	1.952628e+02	4.169789e-02	
60.000000	32.000000	277.762185	739.530535	7.153924e-01	3.475566e-02	1.953784e+02	5.069200e-02	
60.000000	36.000000	258.864805	164.930202	6.081522e-01	3.576574e-02	1.957745e+02	4.244906e-02	
60.000000	40.000000	243.324658	810.186854	6.162929e-01	3.561187e-02	1.961108e+02	4.286538e-02	
60.000000	44.000000	236.827261	92.127127	6.567851e-01	3.342637e-02	1.966033e+02	4.354982e-02	
60.000000	48.000000	235.592796	90.060666	6.044683e-01	3.040342e-02	1.971444e+02	3.979856e-02	
60.000000	52.000000	239.924594	144.842041	6.909094e-01	3.534077e-02	1.975321e+02	4.800759e-02	
60.000000	56.000000	255.744532	877.726972	6.859908e-01	3.602229e-02	1.975946e+02	4.876639e-02	
60.000000	60.000000	286.023855	9.014489	5.716202e-01	2.634074e-02	1.967096e+02	3.834617e-02	
0.000000	0.000000	342.334614	32.270055	6.085662e-01	3.271240e-02	1.945098e+02	4.070176e-02	
