0.000000	4.000000	159.555339	14.241800	6.995314e-01	3.728891e-02	2.232072e+02	4.660582e-02	
0.000000	8.000000	158.650407	8.754779	6.602744e-01	3.297212e-02	2.229934e+02	4.380072e-02	
0.000000	12.000000	155.863891	1095.160197	6.072405e-01	3.475151e-02	2.228774e+02	4.164171e-02	
0.000000	16.000000	153.307896	8.361220	6.258240e-01	3.227512e-02	2.230519e+02	4.455428e-02	
0.000000	20.000000	153.296865	5.650482	6.898490e-01	3.480208e-02	2.231728e+02	4.610118e-02	
0.000000	24.000000	151.420064	28.426694	6.374621e-01	3.828966e-02	2.231087e+02	6.058471e-02	
0.000000	28.000000	148.428183	7.875531	6.073472e-01	3.233822e-02	2.236415e+02	4.178611e-02	
0.000000	32.000000	148.647719	5.991884	6.264797e-01	2.858214e-02	2.237468e+02	5.486049e-02	
0.000000	36.000000	152.170040	22.757565	7.198167e-01	2.917815e-02	2.234586e+02	4.821936e-02	
0.000000	40.000000	153.279451	3.889471	6.575643e-01	3.208148e-02	2.238201e+02	4.385800e-02	
0.000000	44.000000	157.361136	826.695816	6.057306e-01	3.068329e-02	2.237965e+02	5.711339e-02	
0.000000	48.000000	164.009252	15.150954	6.258964e-01	3.161488e-02	2.228048e+02	4.126997e-02	
0.000000	52.000000	178.336821	3.994161	5.639292e-01	3.177039e-02	2.222341e+02	3.768740e-02	
0.000000	56.000000	197.088261	6.111550	6.970171e-01	3.911462e-02	2.191902e+02	4.723485e-02	
0.000000	60.000000	197.049147	13.196705	6.631899e-01	3.602389e-02	2.149050e+02	4.531770e-02	
4.000000	0.000000	189.292905	9.329563	6.561866e-01	3.203018e-02	2.091211e+02	4.539326e-02	
4.000000	4.000000	160.077109	9.244185	7.186259e-01	3.686181e-02	2.230089e+02	4.806601e-02	
4.000000	8.000000	159.562780	15.000682	6.718151e-01	3.926580e-02	2.224799e+02	4.460553e-02	
4.000000	12.000000	158.667996	7.692689	6.456753e-01	3.492830e-02	2.225664e+02	4.299668e-02	
4.000000	16.000000	154.183706	762.536908	6.964615e-01	2.684900e-02	2.224840e+02	4.678603e-02	
4.000000	20.000000	153.295449	21.789237	6.767403e-01	3.248347e-02	2.228131e+02	4.610036e-02	
4.000000	24.000000	153.307906	5.074473	7.235163e-01	3.436763e-02	2.227752e+02	4.790022e-02	
4.000000	28.000000	152.477977	4.463268	6.908581e-01	3.544926e-02	2.229554e+02	4.803930e-02	
4.000000	32.000000	152.304047	3.684411	7.194998e-01	3.592715e-02	2.231560e+02	5.094812e-02	
4.000000	36.000000	153.337222	4.333822	6.686199e-01	3.614469e-02	2.237643e+02	4.477587e-02	
4.000000	40.000000	153.337222	3.453045	6.715071e-01	2.995553e-02	2.236691e+02	4.774278e-02	
4.000000	44.000000	158.798092	3.708634	6.100579e-01	3.559322e-02	2.238766e+02	5.779221e-02	
4.000000	48.000000	165.789942	3.732242	6.991900e-01	3.150493e-02	2.233807e+02	5.106117e-02	
4.000000	52.000000	178.298425	27.204296	6.317077e-01	3.309688e-02	2.220230e+02	4.309654e-02	
4.000000	56.000000	197.057823	10.624473	6.734135e-01	2.794432e-02	2.195471e+02	4.636181e-02	
4.000000	60.000000	203.305341	7.798961	6.915032e-01	4.333119e-02	2.151835e+02	4.916474e-02	
8.000000	0.000000	190.800012	8.543000	6.779184e-01	3.194314e-02	2.097715e+02	4.678764e-02	
8.000000	4.000000	164.142469	14.459287	6.257082e-01	3.767668e-02	2.228764e+02	4.452293e-02	
8.000000	8.000000	160.782520	17.022494	6.813542e-01	3.739250e-02	2.224301e+02	4.628643e-02	
8.000000	12.000000	159.557237	13.996321	6.683486e-01	3.733680e-02	2.221802e+02	4.532098e-02	
8.000000	16.000000	158.879084	8.510054	6.566459e-01	3.798558e-02	2.225588e+02	4.491301e-02	
8.000000	20.000000	153.710558	97.929541	6.983492e-01	3.692315e-02	2.228430e+02	4.647334e-02	
8.000000	24.000000	153.298514	18.658734	6.354358e-01	3.265597e-02	2.228995e+02	4.213499e-02	
8.000000	28.000000	153.303616	6.897052	6.056762e-01	3.011195e-02	2.231373e+02	3.980660e-02	
8.000000	32.000000	153.309673	6.408543	6.291775e-01	3.236876e-02	2.230171e+02	4.213982e-02	
8.000000	36.000000	153.307937	4.571729	6.524949e-01	3.228918e-02	2.233823e+02	4.357493e-02	
8.000000	40.000000	153.948322	59.545842	7.363922e-01	3.321637e-02	2.234667e+02	4.926432e-02	
8.000000	44.000000	159.532828	37.327086	7.163660e-01	3.958284e-02	2.235491e+02	5.106308e-02	
8.000000	48.000000	165.837222	23.097201	6.773059e-01	3.469582e-02	2.231308e+02	4.515982e-02	
8.000000	52.000000	178.298476	166.037352	6.678741e-01	2.948323e-02	2.222985e+02	4.879927e-02	
8.000000	56.000000	197.055345	22.431646	7.127206e-01	3.484042e-02	2.197961e+02	5.247502e-02	
8.000000	60.000000	208.348680	774.785712	7.245772e-01	3.789487e-02	2.158930e+02	5.342048e-02	
12.000000	0.000000	197.055352	9.394194	6.654877e-01	3.002665e-02	2.105528e+02	4.404699e-02	
12.000000	4.000000	165.795284	21.577519	6.741535e-01	3.387595e-02	2.229956e+02	4.487807e-02	
12.000000	8.000000	164.631690	10.748222	6.324129e-01	3.111676e-02	2.225097e+02	4.215618e-02	
12.000000	12.000000	161.694202	30.639995	6.459904e-01	3.175794e-02	2.223834e+02	4.354334e-02	
12.000000	16.000000	159.550783	14.227569	6.840161e-01	3.841678e-02	2.223860e+02	4.624124e-02	
12.000000	20.000000	158.561077	6.802663	6.650384e-01	3.662599e-02	2.228340e+02	4.497743e-02	
12.000000	24.000000	154.662355	661.864795	6.334637e-01	3.463806e-02	2.229228e+02	4.351347e-02	
12.000000	28.000000	153.803867	6.064417	6.345361e-01	3.175591e-02	2.230560e+02	4.279283e-02	
12.000000	32.000000	153.299283	4.802135	6.471033e-01	2.990311e-02	2.232299e+02	4.418191e-02	
12.000000	36.000000	153.959417	107.427114	7.035130e-01	2.630036e-02	2.235360e+02	4.699484e-02	
12.000000	40.000000	157.985562	83.945834	6.346382e-01	2.648247e-02	2.236515e+02	4.525720e-02	
12.000000	44.000000	159.578443	4.038636	7.327340e-01	3.474262e-02	2.234066e+02	5.711828e-02	
12.000000	48.000000	166.335153	96.625298	6.595768e-01	3.373664e-02	2.232820e+02	4.405653e-02	
12.000000	52.000000	178.305643	3.315125	6.695768e-01	3.268482e-02	2.218816e+02	4.591928e-02	
12.000000	56.000000	197.042422	17.785650	5.909430e-01	2.962355e-02	2.199318e+02	3.905734e-02	
12.000000	60.000000	210.059448	14.377934	6.334200e-01	3.260662e-02	2.164943e+02	4.236425e-02	
16.000000	0.000000	200.690510	11.763689	6.681546e-01	3.333676e-02	2.108898e+02	4.454555e-02	
16.000000	4.000000	166.416587	131.149653	7.200608e-01	3.547523e-02	2.223977e+02	5.094610e-02	
16.000000	8.000000	165.795299	14.336577	7.147319e-01	3.551382e-02	2.218821e+02	4.765624e-02	
16.000000	12.000000	164.755388	12.513971	7.272079e-01	3.713876e-02	2.218573e+02	4.948111e-02	
16.000000	16.000000	160.834773	21.317755	6.884724e-01	3.428017e-02	2.221091e+02	4.625938e-02	
16.000000	20.000000	159.545137	18.597165	6.480970e-01	3.075613e-02	2.224981e+02	4.316915e-02	
16.000000	24.000000	160.070834	6.794053	6.743884e-01	3.279341e-02	2.228708e+02	4.617554e-02	
16.000000	28.000000	157.791094	95.423837	6.216113e-01	3.308246e-02	2.227451e+02	4.143196e-02	
16.000000	32.000000	156.967379	1044.176788	7.109527e-01	3.692559e-02	2.229031e+02	4.733205e-02	
16.000000	36.000000	157.966036	121.965955	6.433557e-01	3.062099e-02	2.231741e+02	4.343507e-02	
16.000000	40.000000	159.535215	6.243747	6.919657e-01	3.925415e-02	2.233528e+02	4.654377e-02	
16.000000	44.000000	161.977906	179.086367	6.811941e-01	3.298182e-02	2.235181e+02	4.515799e-02	
16.000000	48.000000	168.750000	83.527113	7.205087e-01	3.590077e-02	2.232854e+02	4.980345e-02	
16.000000	52.000000	178.705245	128.092461	6.484247e-01	4.009309e-02	2.220342e+02	5.051000e-02	
16.000000	56.000000	197.074857	9.316387	7.107605e-01	3.711927e-02	2.201029e+02	4.761043e-02	
16.000000	60.000000	215.802008	7.032734	7.063075e-01	3.352262e-02	2.166479e+02	4.699162e-02	
20.000000	0.000000	204.600455	410.813773	6.783696e-01	3.290109e-02	2.116934e+02	4.601180e-02	
20.000000	4.000000	171.149990	19.440762	7.221689e-01	5.018573e-02	2.225418e+02	5.229338e-02	
20.000000	8.000000	169.504201	1066.424220	6.536679e-01	3.410535e-02	2.219922e+02	4.551710e-02	
20.000000	12.000000	166.376413	9.322005	6.221917e-01	3.130220e-02	2.218388e+02	5.201538e-02	
20.000000	16.000000	164.922347	11.349226	6.772136e-01	3.549613e-02	2.220054e+02	4.688028e-02	
20.000000	20.000000	160.995131	10.516669	6.544784e-01	3.329393e-02	2.221271e+02	4.339450e-02	
20.000000	24.000000	159.542823	21.974442	6.902409e-01	3.000464e-02	2.225250e+02	4.917553e-02	
20.000000	28.000000	159.554554	9.236900	6.773594e-01	3.345303e-02	2.228364e+02	5.233550e-02	
20.000000	32.000000	159.556368	8.009667	5.924054e-01	2.948330e-02	2.231275e+02	4.469399e-02	
20.000000	36.000000	159.549399	7.966348	6.838855e-01	3.463850e-02	2.231326e+02	4.552524e-02	
20.000000	40.000000	160.054379	5.046501	7.299923e-01	3.112601e-02	2.235187e+02	4.925337e-02	
20.000000	44.000000	165.186588	5.572054	6.939565e-01	2.931014e-02	2.234460e+02	5.399110e-02	
20.000000	48.000000	171.537186	4.991345	6.779184e-01	3.194135e-02	2.232285e+02	4.678494e-02	
20.000000	52.000000	182.583572	161.851359	6.000578e-01	3.479934e-02	2.222963e+02	4.077761e-02	
20.000000	56.000000	198.447691	8.972728	6.604202e-01	3.349823e-02	2.206765e+02	4.396335e-02	
20.000000	60.000000	220.538786	12.574224	6.735607e-01	2.527849e-02	2.175433e+02	4.535941e-02	
24.000000	0.000000	209.555646	13.146332	7.156603e-01	3.380839e-02	2.126750e+02	4.800806e-02	
24.000000	4.000000	172.553511	14.685436	6.955833e-01	3.366915e-02	2.222871e+02	4.774248e-02	
24.000000	8.000000	172.059587	21.748542	6.910129e-01	3.059798e-02	2.216053e+02	4.697721e-02	
24.000000	12.000000	171.254471	400.718287	6.400974e-01	2.750562e-02	2.217053e+02	5.257983e-02	
24.000000	16.000000	166.175138	9.813735	6.340349e-01	2.628142e-02	2.216703e+02	4.625257e-02	
24.000000	20.000000	164.761811	7.237453	6.739809e-01	3.260414e-02	2.221464e+02	4.718739e-02	
24.000000	24.000000	162.855463	30.503003	6.201704e-01	3.835120e-02	2.223224e+02	4.233864e-02	
24.000000	28.000000	160.963120	12.102019	6.647486e-01	3.592258e-02	2.226005e+02	4.405275e-02	
24.000000	32.000000	160.346166	7.493447	5.749891e-01	3.083344e-02	2.227681e+02	3.811873e-02	
24.000000	36.000000	159.987084	8.117358	6.510142e-01	3.451035e-02	2.229771e+02	4.670676e-02	
24.000000	40.000000	163.537347	117.174211	6.743998e-01	3.405508e-02	2.230288e+02	4.493724e-02	
24.000000	44.000000	165.794113	10.249344	7.035941e-01	3.686013e-02	2.234988e+02	4.948656e-02	
24.000000	48.000000	172.050775	178.958236	7.177575e-01	3.741483e-02	2.231075e+02	4.808027e-02	
24.000000	52.000000	184.552100	6.413805	6.360271e-01	2.855250e-02	2.225000e+02	4.217700e-02	
24.000000	56.000000	200.831084	19.829176	6.487060e-01	2.983713e-02	2.207778e+02	4.472121e-02	
24.000000	60.000000	222.054394	17.385391	6.483080e-01	3.312202e-02	2.180571e+02	4.318211e-02	
28.000000	0.000000	215.801916	12.723237	6.951664e-01	3.462084e-02	2.128903e+02	4.711302e-02	
28.000000	4.000000	177.453717	15.941504	6.735455e-01	3.467695e-02	2.218983e+02	4.489614e-02	
28.000000	8.000000	176.424599	23.638284	6.683921e-01	2.844909e-02	2.215382e+02	4.548810e-02	
28.000000	12.000000	173.321757	20.531155	6.586414e-01	2.626746e-02	2.215665e+02	4.444106e-02	
28.000000	16.000000	170.371397	159.483366	6.693303e-01	3.274996e-02	2.216722e+02	4.524886e-02	
28.000000	20.000000	167.100662	140.575979	7.196324e-01	3.765482e-02	2.218780e+02	5.451582e-02	
28.000000	24.000000	165.805292	21.217601	6.886213e-01	3.460650e-02	2.220310e+02	4.583034e-02	
28.000000	28.000000	164.772948	9.172539	6.752885e-01	3.545039e-02	2.224299e+02	4.573062e-02	
28.000000	32.000000	164.138238	7.308888	7.049266e-01	4.873610e-02	2.225356e+02	4.889052e-02	
28.000000	36.000000	164.968879	6.798861	6.512273e-01	3.132105e-02	2.228635e+02	4.400753e-02	
28.000000	40.000000	165.112922	11.844070	7.129186e-01	3.531453e-02	2.227792e+02	4.886133e-02	
28.000000	44.000000	167.208906	122.224541	6.776288e-01	3.349620e-02	2.231031e+02	4.568548e-02	
28.000000	48.000000	172.884485	7.812788	6.969424e-01	3.535485e-02	2.229710e+02	4.651506e-02	
28.000000	52.000000	184.554139	58.571872	6.702547e-01	4.098320e-02	2.223459e+02	4.477753e-02	
28.000000	56.000000	202.409557	5.976786	7.057597e-01	3.615450e-02	2.208306e+02	4.728107e-02	
28.000000	60.000000	225.476123	12.745206	6.860944e-01	3.650334e-02	2.182093e+02	4.591395e-02	
32.000000	0.000000	222.433373	15.689319	7.541283e-01	3.902580e-02	2.139688e+02	5.077621e-02	
32.000000	4.000000	180.250475	1016.717010	6.790188e-01	3.461641e-02	2.218754e+02	5.194885e-02	
32.000000	8.000000	178.943659	12.231070	6.727576e-01	3.738005e-02	2.212197e+02	4.532940e-02	
32.000000	12.000000	177.243248	25.391449	6.589657e-01	3.233172e-02	2.212462e+02	4.405895e-02	
32.000000	16.000000	172.947205	17.809469	7.174144e-01	3.604405e-02	2.214907e+02	5.141576e-02	
32.000000	20.000000	170.812200	17.522022	6.459881e-01	3.172310e-02	2.218757e+02	4.721424e-02	
32.000000	24.000000	167.705000	261.681673	6.629884e-01	3.942622e-02	2.220921e+02	4.807256e-02	
32.000000	28.000000	166.131382	10.286709	6.738176e-01	5.036739e-02	2.222760e+02	4.984934e-02	
32.000000	32.000000	166.277238	11.243916	7.042858e-01	3.864548e-02	2.224514e+02	4.861546e-02	
32.000000	36.000000	166.280600	11.647729	6.646328e-01	2.876191e-02	2.227189e+02	4.807405e-02	
32.000000	40.000000	167.178687	224.534157	6.790582e-01	3.338642e-02	2.231067e+02	4.614879e-02	
32.000000	44.000000	171.188644	10.382689	6.566392e-01	2.657582e-02	2.235518e+02	4.393791e-02	
32.000000	48.000000	177.293701	6.695117	6.895320e-01	3.000945e-02	2.232854e+02	4.757710e-02	
32.000000	52.000000	185.772777	8.806328	7.004996e-01	3.345868e-02	2.228224e+02	4.743558e-02	
32.000000	56.000000	203.304629	11.266130	7.144838e-01	3.048544e-02	2.213341e+02	4.733029e-02	
32.000000	60.000000	227.354021	16.467135	6.257657e-01	2.848665e-02	2.187651e+02	4.345845e-02	
36.000000	0.000000	232.155096	1081.369548	6.731642e-01	3.372068e-02	2.149560e+02	4.464014e-02	
36.000000	4.000000	185.294898	19.955291	6.800294e-01	3.049074e-02	2.215142e+02	4.600754e-02	
36.000000	8.000000	184.553609	24.825858	5.831978e-01	3.096816e-02	2.209612e+02	3.851112e-02	
36.000000	12.000000	182.295000	1001.230869	7.260963e-01	3.744666e-02	2.210903e+02	4.824550e-02	
36.000000	16.000000	178.301909	22.189835	6.676001e-01	3.261192e-02	2.211395e+02	4.487502e-02	
36.000000	20.000000	174.867281	35.194468	6.714427e-01	3.107567e-02	2.215032e+02	4.722740e-02	
36.000000	24.000000	172.087192	24.663860	7.311681e-01	3.519064e-02	2.218477e+02	5.179584e-02	
36.000000	28.000000	170.829252	17.969211	6.562079e-01	3.120000e-02	2.222071e+02	4.425586e-02	
36.000000	32.000000	170.365164	284.679151	7.654340e-01	4.324519e-02	2.223372e+02	5.303793e-02	
36.000000	36.000000	170.289382	341.741662	6.653824e-01	3.019223e-02	2.226550e+02	4.614004e-02	
36.000000	40.000000	172.048580	14.536548	6.980440e-01	3.204594e-02	2.225923e+02	4.666287e-02	
36.000000	44.000000	173.495121	10.446398	7.159411e-01	3.990585e-02	2.229813e+02	5.093337e-02	
36.000000	48.000000	178.830704	7.806854	6.717225e-01	3.393543e-02	2.230264e+02	4.554194e-02	
36.000000	52.000000	190.114772	8.513605	6.589041e-01	3.397064e-02	2.225521e+02	4.379530e-02	
36.000000	56.000000	204.067554	10.238062	6.899265e-01	3.377871e-02	2.213745e+02	4.586409e-02	
36.000000	60.000000	228.302061	13.922075	6.765993e-01	3.360544e-02	2.190709e+02	4.574392e-02	
40.000000	0.000000	240.827681	12.804529	6.455653e-01	3.004150e-02	2.151902e+02	4.557568e-02	
40.000000	4.000000	191.180467	29.581595	6.028267e-01	3.000196e-02	2.205072e+02	4.081242e-02	
40.000000	8.000000	189.799454	27.984479	6.883873e-01	3.242200e-02	2.202397e+02	4.814160e-02	
40.000000	12.000000	186.619263	39.397824	6.859392e-01	3.346236e-02	2.201396e+02	4.775022e-02	
40.000000	16.000000	183.497856	140.904198	6.202716e-01	3.285239e-02	2.205786e+02	4.226435e-02	
40.000000	20.000000	178.763544	16.679971	7.056761e-01	3.279598e-02	2.207266e+02	4.675117e-02	
40.000000	24.000000	177.138011	19.937839	7.077894e-01	3.603124e-02	2.209287e+02	4.727441e-02	
40.000000	28.000000	176.370739	26.699932	6.777299e-01	3.391694e-02	2.214299e+02	4.539998e-02	
40.000000	32.000000	174.008488	32.688401	7.235814e-01	3.039065e-02	2.217187e+02	4.979470e-02	
40.000000	36.000000	173.523855	25.684245	6.340078e-01	3.493150e-02	2.220559e+02	4.423895e-02	
40.000000	40.000000	175.563119	38.029600	6.714891e-01	2.533932e-02	2.225508e+02	4.527234e-02	
40.000000	44.000000	178.305654	17.489059	6.390956e-01	2.829810e-02	2.225304e+02	4.252409e-02	
40.000000	48.000000	183.038528	114.158564	6.844449e-01	3.492240e-02	2.230223e+02	4.605061e-02	
40.000000	52.000000	191.436595	8.855339	6.499139e-01	3.088283e-02	2.223986e+02	4.303829e-02	
40.000000	56.000000	207.980065	146.790123	6.459397e-01	2.863591e-02	2.217410e+02	4.581117e-02	
40.000000	60.000000	229.155317	762.782642	6.670150e-01	3.169721e-02	2.196713e+02	4.417432e-02	
44.000000	0.000000	251.592793	15.721734	6.752660e-01	2.904182e-02	2.157159e+02	5.039385e-02	
44.000000	4.000000	198.253768	33.385842	6.304411e-01	3.034066e-02	2.201652e+02	4.196256e-02	
44.000000	8.000000	197.461260	30.064485	7.503374e-01	4.680945e-02	2.196199e+02	5.171432e-02	
44.000000	12.000000	193.833674	1037.149223	7.257185e-01	3.684781e-02	2.197433e+02	4.989512e-02	
44.000000	16.000000	189.638086	27.551522	6.257133e-01	3.222892e-02	2.200258e+02	4.293255e-02	
44.000000	20.000000	185.392946	28.689233	6.975366e-01	3.382416e-02	2.205758e+02	4.790640e-02	
44.000000	24.000000	183.307334	390.486000	7.283286e-01	4.272668e-02	2.208553e+02	5.057040e-02	
44.000000	28.000000	179.954596	918.079767	6.857195e-01	3.469460e-02	2.213114e+02	4.629632e-02	
44.000000	32.000000	179.497009	265.299183	7.072669e-01	3.872026e-02	2.216447e+02	5.197774e-02	
44.000000	36.000000	178.300444	21.398809	6.880204e-01	3.359491e-02	2.218079e+02	4.594532e-02	
44.000000	40.000000	178.839855	393.338135	6.688084e-01	3.145892e-02	2.222098e+02	4.601119e-02	
44.000000	44.000000	182.836697	208.136452	6.069063e-01	3.435376e-02	2.226098e+02	4.129261e-02	
44.000000	48.000000	185.974720	29.422924	7.508281e-01	4.396157e-02	2.226675e+02	5.009632e-02	
44.000000	52.000000	196.197978	11.698259	6.909116e-01	3.571349e-02	2.224772e+02	4.788812e-02	
44.000000	56.000000	210.045859	20.721675	7.093498e-01	2.845170e-02	2.215660e+02	4.743271e-02	
44.000000	60.000000	233.489223	13.333775	6.823810e-01	3.690197e-02	2.200288e+02	4.786816e-02	
48.000000	0.000000	262.113891	17.956355	6.372924e-01	2.961082e-02	2.167847e+02	4.320248e-02	
48.000000	4.000000	208.035919	720.042632	7.320778e-01	3.843053e-02	2.198468e+02	4.927145e-02	
48.000000	8.000000	204.825401	61.950754	7.652393e-01	3.382770e-02	2.192580e+02	5.126611e-02	
48.000000	12.000000	202.115379	21.154673	6.196088e-01	3.127650e-02	2.190042e+02	4.111147e-02	
48.000000	16.000000	198.237732	35.436200	6.963707e-01	3.816790e-02	2.196183e+02	4.723350e-02	
48.000000	20.000000	192.208906	858.865155	6.934428e-01	3.807715e-02	2.200229e+02	4.883287e-02	
48.000000	24.000000	189.629669	30.680226	7.064803e-01	4.734982e-02	2.204439e+02	4.848993e-02	
48.000000	28.000000	187.855463	41.724717	6.839499e-01	2.453499e-02	2.205681e+02	4.747660e-02	
48.000000	32.000000	185.451230	36.010511	6.623285e-01	3.367159e-02	2.209252e+02	4.401324e-02	
48.000000	36.000000	185.019132	32.689494	6.933976e-01	2.356701e-02	2.214788e+02	4.671042e-02	
48.000000	40.000000	185.713095	32.220810	6.818363e-01	3.160525e-02	2.216122e+02	4.761431e-02	
48.000000	44.000000	188.405096	33.121571	6.625436e-01	3.329689e-02	2.219878e+02	4.378161e-02	
48.000000	48.000000	192.199840	378.907352	6.781445e-01	3.105887e-02	2.223344e+02	4.499042e-02	
48.000000	52.000000	201.560194	12.508213	5.921692e-01	2.994676e-02	2.224438e+02	4.001260e-02	
48.000000	56.000000	214.611796	12.569153	7.483004e-01	3.866480e-02	2.216023e+02	5.347877e-02	
48.000000	60.000000	235.919317	17.378466	7.410400e-01	4.381565e-02	2.202716e+02	5.045114e-02	
52.000000	0.000000	270.337654	676.154234	7.000789e-01	3.210229e-02	2.174669e+02	4.883106e-02	
52.000000	4.000000	221.687347	261.844990	6.736400e-01	4.179624e-02	2.187399e+02	4.653715e-02	
52.000000	8.000000	219.477920	963.955636	7.240095e-01	3.683562e-02	2.185066e+02	5.230713e-02	
52.000000	12.000000	216.554692	29.518905	6.448040e-01	2.630128e-02	2.183708e+02	4.503583e-02	
52.000000	16.000000	210.412653	54.926576	6.643949e-01	2.778336e-02	2.185962e+02	4.878378e-02	
52.000000	20.000000	204.713563	659.130342	7.109743e-01	3.618664e-02	2.192058e+02	4.793527e-02	
52.000000	24.000000	201.442042	43.974059	7.246047e-01	3.149344e-02	2.197008e+02	4.802325e-02	
52.000000	28.000000	198.292093	40.373158	7.229370e-01	4.063408e-02	2.198956e+02	5.924732e-02	
52.000000	32.000000	195.412849	27.839713	7.057795e-01	4.612235e-02	2.201711e+02	5.145914e-02	
52.000000	36.000000	195.365393	812.508016	6.795084e-01	3.245069e-02	2.206844e+02	4.573779e-02	
52.000000	40.000000	195.392469	805.174695	7.195594e-01	3.014835e-02	2.213073e+02	4.821294e-02	
52.000000	44.000000	196.075016	17.846455	7.267016e-01	3.155408e-02	2.215523e+02	4.807478e-02	
52.000000	48.000000	200.066732	36.599544	7.059369e-01	3.801576e-02	2.220148e+02	4.941332e-02	
52.000000	52.000000	207.866618	375.961834	7.132749e-01	3.650301e-02	2.220631e+02	4.907876e-02	
52.000000	56.000000	220.436941	175.820924	7.164225e-01	4.587912e-02	2.216482e+02	5.208990e-02	
52.000000	60.000000	241.430309	23.983819	7.086430e-01	3.561381e-02	2.203324e+02	4.879093e-02	
56.000000	0.000000	276.739676	19.564305	7.381767e-01	4.165292e-02	2.180729e+02	5.175972e-02	
56.000000	4.000000	248.690457	93.094232	6.451902e-01	2.975247e-02	2.176735e+02	4.381691e-02	
56.000000	8.000000	244.656410	837.046301	7.052993e-01	3.832884e-02	2.170376e+02	4.914513e-02	
56.000000	12.000000	240.064696	181.345721	7.583172e-01	3.921137e-02	2.171985e+02	5.390981e-02	
56.000000	16.000000	233.136231	305.986886	7.101337e-01	3.594759e-02	2.177956e+02	5.837514e-02	
56.000000	20.000000	226.045000	64.635266	6.742431e-01	3.801909e-02	2.181062e+02	4.687838e-02	
56.000000	24.000000	220.107883	803.761954	6.092949e-01	2.644608e-02	2.186734e+02	4.160369e-02	
56.000000	28.000000	216.164198	268.735235	7.378495e-01	4.010428e-02	2.190238e+02	5.122254e-02	
56.000000	32.000000	213.942042	52.883049	6.996913e-01	3.264969e-02	2.196760e+02	4.958075e-02	
56.000000	36.000000	211.009415	59.921331	6.811307e-01	3.387024e-02	2.201458e+02	4.546847e-02	
56.000000	40.000000	209.443517	38.949731	6.372735e-01	3.100436e-02	2.205136e+02	4.259491e-02	
56.000000	44.000000	210.846442	53.885455	7.286700e-01	3.810833e-02	2.210923e+02	5.252264e-02	
56.000000	48.000000	212.902967	54.925702	6.877531e-01	2.816880e-02	2.213289e+02	4.882894e-02	
56.000000	52.000000	219.596723	980.444760	6.824226e-01	3.867796e-02	2.215461e+02	4.657027e-02	
56.000000	56.000000	230.075076	937.738837	6.419855e-01	2.985490e-02	2.211799e+02	4.592765e-02	
56.000000	60.000000	251.667473	32.409720	7.300078e-01	4.623170e-02	2.202670e+02	5.039134e-02	
60.000000	0.000000	285.258760	27.912179	7.341750e-01	4.027826e-02	2.185650e+02	5.364927e-02	
60.000000	4.000000	400.989184	702.138858	7.012342e-01	4.040350e-02	2.185341e+02	4.739897e-02	
60.000000	8.000000	390.510304	378.525972	7.134513e-01	3.778280e-02	2.179780e+02	5.005810e-02	
60.000000	12.000000	376.457620	737.784210	7.011771e-01	4.144056e-02	2.182234e+02	4.805160e-02	
60.000000	16.000000	355.977041	725.446524	6.475499e-01	2.738807e-02	2.184542e+02	4.313285e-02	
60.000000	20.000000	329.782220	729.869712	6.670150e-01	3.169677e-02	2.193287e+02	4.417372e-02	
60.000000	24.000000	309.200509	412.098496	6.265973e-01	2.652669e-02	2.197157e+02	4.858322e-02	
60.000000	28.000000	293.058396	733.499208	7.128054e-01	3.828485e-02	2.198715e+02	5.733152e-02	
60.000000	32.000000	279.444326	751.502924	6.917936e-01	3.569074e-02	2.197195e+02	4.652908e-02	
60.000000	36.000000	267.089474	737.885643	6.673527e-01	2.567403e-02	2.195522e+02	4.491072e-02	
60.000000	40.000000	255.545438	781.043930	6.918371e-01	3.447108e-02	2.198719e+02	5.008319e-02	
60.000000	44.000000	249.136826	127.746858	6.370603e-01	3.561738e-02	2.202681e+02	4.284497e-02	
60.000000	48.000000	245.863348	709.833074	6.641081e-01	3.898782e-02	2.205598e+02	4.424446e-02	
60.000000	52.000000	248.023559	146.366992	7.552941e-01	4.514052e-02	2.204025e+02	5.236884e-02	
60.000000	56.000000	256.199683	924.249387	6.079821e-01	3.359900e-02	2.204744e+02	4.085123e-02	
60.000000	60.000000	273.256902	56.609597	6.885216e-01	3.488206e-02	2.201062e+02	4.583465e-02	
0.000000	0.000000	304.561239	539.248769	6.786984e-01	3.192104e-02	2.187754e+02	4.707978e-02	
