0.000000	4.000000	150.505460	67.646774	5.758833e-01	2.969111e-02	4.430379e+02	3.773599e-02	
0.000000	8.000000	147.059064	4.281926	5.618549e-01	2.795505e-02	4.431339e+02	3.712246e-02	
0.000000	12.000000	147.055434	3.256341	5.629954e-01	2.691818e-02	4.433731e+02	3.849850e-02	
0.000000	16.000000	142.169312	87.719751	5.857751e-01	2.872602e-02	4.435657e+02	4.011978e-02	
0.000000	20.000000	140.805195	13.223708	5.409629e-01	2.876974e-02	4.437665e+02	3.640708e-02	
0.000000	24.000000	140.800039	29.887884	5.579374e-01	2.604964e-02	4.437030e+02	3.735205e-02	
0.000000	28.000000	140.795259	1.858078	5.152169e-01	3.107909e-02	4.438454e+02	3.367751e-02	
0.000000	32.000000	140.803826	29.991042	5.746033e-01	3.878377e-02	4.439102e+02	4.041167e-02	
0.000000	36.000000	140.808297	113.105900	5.699173e-01	2.582615e-02	4.442687e+02	3.835956e-02	
0.000000	40.000000	145.439049	28.046423	5.608558e-01	2.741993e-02	4.443357e+02	3.825576e-02	
0.000000	44.000000	149.738314	939.246815	5.797393e-01	2.689503e-02	4.446373e+02	3.895314e-02	
0.000000	48.000000	159.542102	1.889208	5.577086e-01	2.536155e-02	4.444716e+02	3.833357e-02	
0.000000	52.000000	178.304631	6.063396	5.367494e-01	2.885318e-02	4.431138e+02	3.453306e-02	
0.000000	56.000000	190.825380	10.444024	6.402629e-01	2.749180e-02	4.395678e+02	4.273556e-02	
0.000000	60.000000	178.300180	7.136100	5.517734e-01	2.958789e-02	4.340867e+02	3.551949e-02	
4.000000	0.000000	165.801892	5.394930	5.893980e-01	2.890794e-02	4.294906e+02	4.038793e-02	
4.000000	4.000000	153.300019	5.404691	5.700140e-01	2.863550e-02	4.428934e+02	3.986830e-02	
4.000000	8.000000	150.148428	62.019151	5.932861e-01	3.052826e-02	4.430404e+02	3.878079e-02	
4.000000	12.000000	147.055566	35.378594	5.295506e-01	2.577282e-02	4.432610e+02	3.534472e-02	
4.000000	16.000000	146.147212	2.413063	5.495152e-01	2.488686e-02	4.435320e+02	3.772096e-02	
4.000000	20.000000	142.210620	37.304963	6.003534e-01	2.805530e-02	4.435946e+02	4.042695e-02	
4.000000	24.000000	140.797392	2.420680	5.300104e-01	2.476487e-02	4.436719e+02	3.635593e-02	
4.000000	28.000000	140.805383	16.650174	5.813722e-01	3.076087e-02	4.437144e+02	3.961830e-02	
4.000000	32.000000	140.788354	1.961551	5.722844e-01	3.088152e-02	4.437475e+02	3.893770e-02	
4.000000	36.000000	142.028293	145.493360	5.645136e-01	3.265362e-02	4.438834e+02	3.759161e-02	
4.000000	40.000000	147.054168	1.312683	5.658587e-01	2.847104e-02	4.443127e+02	3.854080e-02	
4.000000	44.000000	152.436593	1.646723	5.597571e-01	2.586488e-02	4.442536e+02	3.752413e-02	
4.000000	48.000000	160.202051	45.915766	5.513361e-01	2.544569e-02	4.443912e+02	3.782274e-02	
4.000000	52.000000	178.298380	9.332055	5.313759e-01	3.211058e-02	4.431172e+02	3.455855e-02	
4.000000	56.000000	191.632052	168.661445	5.240552e-01	3.119986e-02	4.400862e+02	3.346169e-02	
4.000000	60.000000	183.457721	7.138836	6.153933e-01	4.414570e-02	4.349379e+02	4.721278e-02	
8.000000	0.000000	172.041042	5.404840	5.606619e-01	2.684054e-02	4.296363e+02	3.832314e-02	
8.000000	4.000000	153.302170	4.762286	5.798170e-01	3.354768e-02	4.427990e+02	3.971116e-02	
8.000000	8.000000	153.302062	4.678771	5.337318e-01	2.565670e-02	4.427283e+02	3.560425e-02	
8.000000	12.000000	148.424294	87.733777	5.528099e-01	3.300608e-02	4.431118e+02	3.687879e-02	
8.000000	16.000000	147.055366	0.031510	5.157986e-01	2.168463e-02	4.434359e+02	3.618666e-02	
8.000000	20.000000	146.139606	2.439313	5.478052e-01	2.467979e-02	4.435804e+02	3.761040e-02	
8.000000	24.000000	143.456757	241.663952	5.605402e-01	2.572546e-02	4.435425e+02	3.849090e-02	
8.000000	28.000000	142.070980	184.282824	5.750638e-01	3.197698e-02	4.437708e+02	3.918570e-02	
8.000000	32.000000	142.750475	242.272452	5.311300e-01	3.208303e-02	4.438471e+02	3.512966e-02	
8.000000	36.000000	146.361983	1.738122	5.024035e-01	3.343923e-02	4.440984e+02	3.202945e-02	
8.000000	40.000000	147.074327	226.044814	5.255549e-01	2.254494e-02	4.444320e+02	3.659276e-02	
8.000000	44.000000	153.302939	1.941106	5.314469e-01	2.422475e-02	4.443564e+02	3.658721e-02	
8.000000	48.000000	161.523641	32.473772	5.344779e-01	2.666518e-02	4.441598e+02	3.585602e-02	
8.000000	52.000000	178.295208	4.455716	5.653121e-01	2.598427e-02	4.432806e+02	3.788944e-02	
8.000000	56.000000	197.051053	5.426208	6.157596e-01	2.898700e-02	4.405503e+02	4.100335e-02	
8.000000	60.000000	185.276625	10.388959	6.180713e-01	3.272594e-02	4.354574e+02	4.254396e-02	
12.000000	0.000000	172.052469	5.522188	4.872878e-01	3.680255e-02	4.300041e+02	3.421107e-02	
12.000000	4.000000	156.951313	206.771221	6.157684e-01	2.782726e-02	4.427720e+02	4.218407e-02	
12.000000	8.000000	152.508563	3.929290	5.630508e-01	2.616246e-02	4.425637e+02	3.821830e-02	
12.000000	12.000000	153.308266	3.734635	5.423907e-01	2.601971e-02	4.427705e+02	3.602942e-02	
12.000000	16.000000	147.052211	3.058669	5.445902e-01	2.605931e-02	4.432246e+02	3.629420e-02	
12.000000	20.000000	147.059608	212.052902	4.848345e-01	2.172923e-02	4.433259e+02	3.457207e-02	
12.000000	24.000000	146.189251	2.901259	5.605545e-01	2.592038e-02	4.434505e+02	3.813158e-02	
12.000000	28.000000	146.186400	2.445974	5.261641e-01	2.292588e-02	4.435397e+02	3.648710e-02	
12.000000	32.000000	147.057962	2.305985	5.311300e-01	3.208303e-02	4.438471e+02	3.512966e-02	
12.000000	36.000000	147.050060	142.541524	4.771312e-01	3.284288e-02	4.439857e+02	2.926217e-02	
12.000000	40.000000	147.326551	2.088434	5.665325e-01	2.601829e-02	4.442948e+02	3.788432e-02	
12.000000	44.000000	153.308994	2.276215	5.443405e-01	2.445577e-02	4.444144e+02	3.748677e-02	
12.000000	48.000000	165.067599	181.925796	5.189572e-01	3.179385e-02	4.441479e+02	3.405794e-02	
12.000000	52.000000	178.836538	4.444463	4.953985e-01	2.301961e-02	4.433083e+02	3.434056e-02	
12.000000	56.000000	198.383633	484.213472	5.615917e-01	3.326514e-02	4.410641e+02	3.833250e-02	
12.000000	60.000000	190.795456	6.176372	5.722844e-01	3.088168e-02	4.362525e+02	3.893872e-02	
16.000000	0.000000	178.356539	14.487240	5.814311e-01	2.906188e-02	4.303257e+02	3.883986e-02	
16.000000	4.000000	159.550362	32.487916	5.985822e-01	2.875945e-02	4.425487e+02	4.030153e-02	
16.000000	8.000000	157.905260	25.860045	5.584199e-01	2.571614e-02	4.424971e+02	3.814995e-02	
16.000000	12.000000	153.307585	4.593593	5.565833e-01	2.837395e-02	4.428116e+02	3.643125e-02	
16.000000	16.000000	151.580422	350.718502	5.823441e-01	2.961571e-02	4.429240e+02	3.794133e-02	
16.000000	20.000000	147.752146	118.241081	5.290061e-01	2.364992e-02	4.433749e+02	3.655292e-02	
16.000000	24.000000	147.045927	3.166267	5.835787e-01	3.072618e-02	4.432986e+02	3.988606e-02	
16.000000	28.000000	147.055017	222.748941	5.330395e-01	2.439056e-02	4.433525e+02	3.657009e-02	
16.000000	32.000000	147.051527	107.861165	5.577992e-01	2.646722e-02	4.436318e+02	3.815235e-02	
16.000000	36.000000	147.055156	2.742451	5.483608e-01	2.947063e-02	4.439339e+02	3.743720e-02	
16.000000	40.000000	151.504859	631.680610	5.350372e-01	2.670137e-02	4.441559e+02	3.603326e-02	
16.000000	44.000000	154.159468	2.396652	5.622637e-01	2.834946e-02	4.443033e+02	3.825589e-02	
16.000000	48.000000	165.794756	3.679428	5.095708e-01	3.045171e-02	4.439495e+02	3.180480e-02	
16.000000	52.000000	179.733788	6.322863	5.776535e-01	3.175148e-02	4.432430e+02	3.940324e-02	
16.000000	56.000000	202.413303	6.644493	5.386614e-01	3.183423e-02	4.409814e+02	3.598403e-02	
16.000000	60.000000	197.055617	13.125574	5.768208e-01	3.146900e-02	4.369139e+02	3.807573e-02	
20.000000	0.000000	184.552219	6.750601	5.431600e-01	2.703185e-02	4.308579e+02	3.830581e-02	
20.000000	4.000000	160.546682	192.319873	6.298313e-01	3.916439e-02	4.422066e+02	4.510494e-02	
20.000000	8.000000	159.555927	35.817874	5.826278e-01	2.993000e-02	4.421879e+02	3.828095e-02	
20.000000	12.000000	156.897049	76.569099	6.186542e-01	3.276611e-02	4.424668e+02	4.258529e-02	
20.000000	16.000000	153.309891	31.355137	6.101628e-01	2.661939e-02	4.426536e+02	4.159752e-02	
20.000000	20.000000	152.289431	3.323025	5.212527e-01	2.869695e-02	4.429036e+02	3.596827e-02	
20.000000	24.000000	149.900161	90.941225	5.699868e-01	3.233432e-02	4.431050e+02	3.794722e-02	
20.000000	28.000000	148.300649	63.745318	5.606619e-01	2.684008e-02	4.433637e+02	3.832298e-02	
20.000000	32.000000	148.293065	71.482592	5.503548e-01	2.536080e-02	4.434449e+02	3.765602e-02	
20.000000	36.000000	151.132648	891.898828	5.549501e-01	2.610163e-02	4.436273e+02	3.798769e-02	
20.000000	40.000000	153.295697	39.392989	5.812898e-01	3.045777e-02	4.439730e+02	3.921682e-02	
20.000000	44.000000	157.818718	22.680860	5.015244e-01	2.890896e-02	4.441691e+02	3.225336e-02	
20.000000	48.000000	165.795146	183.694603	5.017497e-01	3.253044e-02	4.439672e+02	3.177035e-02	
20.000000	52.000000	182.403886	4.368817	5.619750e-01	2.577446e-02	4.435142e+02	3.859406e-02	
20.000000	56.000000	203.300055	5.347116	5.800984e-01	2.893208e-02	4.412978e+02	3.861247e-02	
20.000000	60.000000	203.337222	13.445414	5.433042e-01	2.442317e-02	4.374311e+02	3.718424e-02	
24.000000	0.000000	189.283824	786.351245	5.785586e-01	2.820115e-02	4.315594e+02	3.937115e-02	
24.000000	4.000000	164.912871	8.690748	5.488441e-01	2.706292e-02	4.418548e+02	3.958663e-02	
24.000000	8.000000	161.719845	119.708436	5.957769e-01	3.049548e-02	4.418587e+02	3.908847e-02	
24.000000	12.000000	159.555771	179.681227	5.644223e-01	2.823283e-02	4.421935e+02	3.705838e-02	
24.000000	16.000000	155.227595	48.823437	5.621320e-01	2.577987e-02	4.425047e+02	3.860578e-02	
24.000000	20.000000	153.307509	64.232051	5.799252e-01	2.793402e-02	4.428003e+02	3.838243e-02	
24.000000	24.000000	153.321910	33.133362	5.405955e-01	3.229508e-02	4.429704e+02	3.906224e-02	
24.000000	28.000000	153.304237	2.932756	5.480524e-01	3.398852e-02	4.430151e+02	3.930436e-02	
24.000000	32.000000	152.450669	3.418628	5.521619e-01	2.898303e-02	4.432523e+02	3.733092e-02	
24.000000	36.000000	153.305639	24.736007	6.039510e-01	3.119917e-02	4.435895e+02	4.146219e-02	
24.000000	40.000000	153.301942	3.291653	4.799076e-01	3.446219e-02	4.440031e+02	3.065638e-02	
24.000000	44.000000	159.551658	193.208870	5.432241e-01	2.609663e-02	4.443205e+02	3.706381e-02	
24.000000	48.000000	166.196389	3.236062	5.214120e-01	2.775006e-02	4.441203e+02	3.483088e-02	
24.000000	52.000000	184.556732	4.358049	5.409526e-01	2.479710e-02	4.436325e+02	3.706757e-02	
24.000000	56.000000	203.310384	13.097675	5.969081e-01	3.438911e-02	4.417728e+02	4.128004e-02	
24.000000	60.000000	208.718190	6.802764	5.537653e-01	2.616668e-02	4.382517e+02	3.703430e-02	
28.000000	0.000000	194.284459	14.200138	5.741713e-01	2.969444e-02	4.322988e+02	3.913677e-02	
28.000000	4.000000	167.379165	56.262611	6.299701e-01	3.622769e-02	4.416865e+02	4.398093e-02	
28.000000	8.000000	165.794321	42.774758	5.930933e-01	2.819991e-02	4.414277e+02	3.997098e-02	
28.000000	12.000000	161.772083	71.657320	5.919036e-01	2.908225e-02	4.418968e+02	4.021008e-02	
28.000000	16.000000	159.545758	5.118058	5.440016e-01	2.712693e-02	4.422847e+02	3.684124e-02	
28.000000	20.000000	157.361136	64.677289	5.616552e-01	2.576333e-02	4.425236e+02	3.857149e-02	
28.000000	24.000000	154.104429	4.263520	5.688988e-01	2.980135e-02	4.427243e+02	3.868754e-02	
28.000000	28.000000	153.290352	3.228267	5.615308e-01	2.952067e-02	4.429183e+02	3.984566e-02	
28.000000	32.000000	153.291011	3.795007	5.858607e-01	2.983834e-02	4.429684e+02	3.807484e-02	
28.000000	36.000000	153.961901	3.510147	6.001673e-01	3.000461e-02	4.433497e+02	4.004962e-02	
28.000000	40.000000	157.638951	0.175605	5.963500e-01	3.655190e-02	4.438296e+02	4.173051e-02	
28.000000	44.000000	160.030061	3.467760	5.228077e-01	2.965074e-02	4.440516e+02	3.322650e-02	
28.000000	48.000000	170.289163	23.624627	4.946236e-01	3.701709e-02	4.440761e+02	3.124406e-02	
28.000000	52.000000	184.553805	5.091785	5.846298e-01	2.867026e-02	4.435751e+02	4.003448e-02	
28.000000	56.000000	204.861054	12.349528	5.227900e-01	3.370949e-02	4.419374e+02	4.231365e-02	
28.000000	60.000000	215.807227	24.230393	6.036160e-01	3.087622e-02	4.385565e+02	4.142455e-02	
32.000000	0.000000	201.571318	680.357094	4.580176e-01	3.469037e-02	4.329794e+02	2.680540e-02	
32.000000	4.000000	172.049780	8.621669	5.576304e-01	3.004590e-02	4.412602e+02	3.715474e-02	
32.000000	8.000000	170.493097	6.323931	5.941858e-01	3.133410e-02	4.411728e+02	3.921463e-02	
32.000000	12.000000	165.805715	6.369261	5.752412e-01	2.883217e-02	4.413407e+02	3.927804e-02	
32.000000	16.000000	162.855472	901.043565	5.782210e-01	3.125285e-02	4.419184e+02	3.807880e-02	
32.000000	20.000000	159.554265	178.103302	5.804433e-01	2.905869e-02	4.423594e+02	3.968191e-02	
32.000000	24.000000	158.663592	4.758186	6.024480e-01	3.110976e-02	4.424011e+02	4.135086e-02	
32.000000	28.000000	158.033921	4.476472	6.132239e-01	3.208942e-02	4.425473e+02	4.216248e-02	
32.000000	32.000000	158.323438	9.259400	5.264743e-01	2.922336e-02	4.428536e+02	3.384153e-02	
32.000000	36.000000	158.525855	3.178787	5.411986e-01	2.637460e-02	4.431697e+02	3.659083e-02	
32.000000	40.000000	159.550849	216.550917	5.526579e-01	2.631851e-02	4.436508e+02	3.776835e-02	
32.000000	44.000000	164.097211	571.513849	5.710161e-01	3.065092e-02	4.437464e+02	3.874802e-02	
32.000000	48.000000	172.053337	172.027116	4.866270e-01	3.355214e-02	4.440698e+02	3.010809e-02	
32.000000	52.000000	184.555301	4.263427	5.264581e-01	2.279091e-02	4.435551e+02	3.648958e-02	
32.000000	56.000000	208.497369	9.521295	5.214003e-01	2.744071e-02	4.422416e+02	3.453859e-02	
32.000000	60.000000	222.055931	5.341434	5.622333e-01	2.611389e-02	4.393896e+02	3.790490e-02	
36.000000	0.000000	209.555424	12.841254	5.990554e-01	3.126643e-02	4.339835e+02	4.083030e-02	
36.000000	4.000000	176.891088	436.960491	6.048838e-01	3.415937e-02	4.407359e+02	4.185638e-02	
36.000000	8.000000	173.395397	448.775261	5.883308e-01	2.810089e-02	4.408565e+02	4.147860e-02	
36.000000	12.000000	170.795528	11.221975	6.145170e-01	3.206825e-02	4.413070e+02	4.100051e-02	
36.000000	16.000000	166.438584	5.398520	5.769415e-01	2.803010e-02	4.415985e+02	3.948086e-02	
36.000000	20.000000	164.087737	572.920735	5.801305e-01	3.074661e-02	4.418719e+02	3.801241e-02	
36.000000	24.000000	160.943389	51.089468	5.662280e-01	2.920006e-02	4.423094e+02	3.790188e-02	
36.000000	28.000000	160.425535	4.691075	5.844959e-01	2.837697e-02	4.424671e+02	4.004354e-02	
36.000000	32.000000	160.284042	26.812144	5.709139e-01	2.599135e-02	4.427139e+02	3.833869e-02	
36.000000	36.000000	160.390597	258.202232	5.224461e-01	3.129703e-02	4.430905e+02	3.335016e-02	
36.000000	40.000000	162.400161	806.190108	6.199628e-01	3.514804e-02	4.433004e+02	4.310274e-02	
36.000000	44.000000	165.801133	28.051227	5.310485e-01	2.650870e-02	4.437269e+02	3.603283e-02	
36.000000	48.000000	172.791350	3.883084	5.704298e-01	3.995885e-02	4.439326e+02	4.042621e-02	
36.000000	52.000000	187.976133	64.718220	5.652063e-01	2.616191e-02	4.435283e+02	3.878567e-02	
36.000000	56.000000	209.544192	9.755638	5.408783e-01	2.438200e-02	4.426048e+02	3.724465e-02	
36.000000	60.000000	228.950086	8.546933	5.612093e-01	2.797148e-02	4.398621e+02	3.698069e-02	
40.000000	0.000000	216.500466	7.777733	5.477600e-01	2.990088e-02	4.348991e+02	3.521205e-02	
40.000000	4.000000	183.344327	23.279793	5.813438e-01	2.794353e-02	4.404906e+02	3.983371e-02	
40.000000	8.000000	179.184382	7.327770	6.306493e-01	3.037690e-02	4.403413e+02	4.229065e-02	
40.000000	12.000000	175.575066	960.711837	6.510925e-01	4.109771e-02	4.407628e+02	4.699577e-02	
40.000000	16.000000	171.163251	50.248775	5.784735e-01	2.664961e-02	4.413497e+02	3.876221e-02	
40.000000	20.000000	167.307957	4.991635	5.917868e-01	2.587647e-02	4.417247e+02	4.075590e-02	
40.000000	24.000000	165.801889	126.407361	5.106446e-01	3.034809e-02	4.419573e+02	3.189124e-02	
40.000000	28.000000	165.798721	58.162436	5.329866e-01	3.578769e-02	4.420476e+02	3.788346e-02	
40.000000	32.000000	164.587651	4.937462	5.725607e-01	2.847980e-02	4.423398e+02	3.836860e-02	
40.000000	36.000000	164.943714	6.759132	5.959508e-01	3.364253e-02	4.427538e+02	4.108363e-02	
40.000000	40.000000	165.805351	4.171380	5.428493e-01	2.662488e-02	4.431541e+02	3.747252e-02	
40.000000	44.000000	170.299362	26.990212	5.488301e-01	2.497653e-02	4.435653e+02	3.760240e-02	
40.000000	48.000000	177.448364	4.189082	5.795469e-01	2.673725e-02	4.436508e+02	3.891865e-02	
40.000000	52.000000	190.825859	5.867116	5.954807e-01	3.040935e-02	4.433872e+02	4.081851e-02	
40.000000	56.000000	209.555368	7.647475	6.058081e-01	2.582479e-02	4.426958e+02	4.201804e-02	
40.000000	60.000000	235.382918	92.979878	6.041644e-01	2.627608e-02	4.403280e+02	4.119874e-02	
44.000000	0.000000	228.300034	17.631072	6.270735e-01	3.635888e-02	4.357102e+02	4.386057e-02	
44.000000	4.000000	189.738974	9.062890	5.590346e-01	2.666955e-02	4.396027e+02	3.781483e-02	
44.000000	8.000000	185.757685	521.509655	6.268294e-01	3.599031e-02	4.396957e+02	4.373652e-02	
44.000000	12.000000	182.775280	56.490906	6.138038e-01	3.598431e-02	4.401163e+02	4.289883e-02	
44.000000	16.000000	177.131145	7.792751	5.772998e-01	2.747935e-02	4.405141e+02	3.956306e-02	
44.000000	20.000000	173.387498	5.970501	6.139063e-01	2.897044e-02	4.411609e+02	4.148094e-02	
44.000000	24.000000	171.282969	62.483694	6.437019e-01	3.365281e-02	4.412783e+02	4.283865e-02	
44.000000	28.000000	170.455255	5.651068	5.353210e-01	2.343269e-02	4.415230e+02	3.703256e-02	
44.000000	32.000000	170.291095	48.452405	5.711377e-01	2.858526e-02	4.417024e+02	3.804254e-02	
44.000000	36.000000	170.306613	4.870994	5.700662e-01	2.852307e-02	4.422472e+02	3.768459e-02	
44.000000	40.000000	170.884057	5.328558	5.639586e-01	2.563772e-02	4.427612e+02	3.803282e-02	
44.000000	44.000000	173.310399	428.407751	5.876770e-01	2.548157e-02	4.432535e+02	4.102116e-02	
44.000000	48.000000	179.674748	42.349724	5.325122e-01	2.278491e-02	4.435048e+02	3.691850e-02	
44.000000	52.000000	192.303619	183.983451	5.640414e-01	2.619834e-02	4.434224e+02	3.813829e-02	
44.000000	56.000000	214.129151	115.196889	5.503693e-01	2.460731e-02	4.424715e+02	3.791277e-02	
44.000000	60.000000	240.803596	17.934413	6.484754e-01	3.752888e-02	4.406011e+02	4.516943e-02	
48.000000	0.000000	240.807500	9.483895	6.131761e-01	3.302951e-02	4.366371e+02	4.226609e-02	
48.000000	4.000000	198.310169	749.221362	5.905322e-01	2.741402e-02	4.388000e+02	4.765318e-02	
48.000000	8.000000	195.888665	10.884324	5.709958e-01	3.375127e-02	4.389304e+02	4.737065e-02	
48.000000	12.000000	191.208059	54.675041	5.726662e-01	3.154462e-02	4.392355e+02	3.814247e-02	
48.000000	16.000000	185.453606	25.213449	5.886790e-01	3.341955e-02	4.401924e+02	3.953185e-02	
48.000000	20.000000	182.234532	76.188852	6.598601e-01	3.891079e-02	4.405486e+02	4.603959e-02	
48.000000	24.000000	179.018214	67.225133	6.556417e-01	3.006652e-02	4.407837e+02	4.636560e-02	
48.000000	28.000000	176.655748	36.853577	5.248181e-01	3.018909e-02	4.410159e+02	3.312925e-02	
48.000000	32.000000	177.067599	665.645529	6.202614e-01	3.011168e-02	4.413314e+02	4.146651e-02	
48.000000	36.000000	176.333582	846.354803	4.946236e-01	3.701584e-02	4.419239e+02	3.124191e-02	
48.000000	40.000000	176.699731	527.251995	5.874312e-01	2.898765e-02	4.422843e+02	3.902930e-02	
48.000000	44.000000	178.955539	46.232175	5.522192e-01	3.161070e-02	4.428112e+02	3.712183e-02	
48.000000	48.000000	185.090524	12.388608	5.802035e-01	2.789101e-02	4.434624e+02	3.974953e-02	
48.000000	52.000000	197.055496	193.756982	5.600595e-01	2.653826e-02	4.433776e+02	3.832088e-02	
48.000000	56.000000	215.796181	6.821669	5.934934e-01	3.153733e-02	4.426878e+02	4.069670e-02	
48.000000	60.000000	245.462884	11.906761	5.939637e-01	3.003457e-02	4.412061e+02	3.914987e-02	
52.000000	0.000000	259.542156	17.515774	6.107007e-01	2.645395e-02	4.376569e+02	4.163619e-02	
52.000000	4.000000	214.189809	736.626040	6.407819e-01	3.067211e-02	4.378165e+02	4.284176e-02	
52.000000	8.000000	210.367127	13.274938	5.412679e-01	2.870517e-02	4.381394e+02	3.500130e-02	
52.000000	12.000000	202.212315	37.534296	6.449566e-01	3.235885e-02	4.384755e+02	4.393020e-02	
52.000000	16.000000	197.057333	8.723381	5.894059e-01	2.586579e-02	4.392947e+02	4.006437e-02	
52.000000	20.000000	192.342970	43.252281	5.843551e-01	2.848776e-02	4.398194e+02	4.899420e-02	
52.000000	24.000000	189.661156	51.181019	5.453581e-01	3.036358e-02	4.399669e+02	3.516039e-02	
52.000000	28.000000	188.147050	595.119463	6.197396e-01	2.908219e-02	4.405652e+02	4.191490e-02	
52.000000	32.000000	185.884903	581.542656	5.551035e-01	3.236917e-02	4.409489e+02	4.220324e-02	
52.000000	36.000000	185.333835	144.790512	5.772178e-01	3.034073e-02	4.412580e+02	3.825006e-02	
52.000000	40.000000	185.407346	220.098198	5.586025e-01	2.965110e-02	4.420166e+02	3.597222e-02	
52.000000	44.000000	186.798694	133.607086	5.869830e-01	2.849840e-02	4.424858e+02	3.935638e-02	
52.000000	48.000000	192.022829	39.866921	5.790109e-01	2.550939e-02	4.427656e+02	4.037381e-02	
52.000000	52.000000	203.766512	0.921811	5.411406e-01	2.893058e-02	4.429287e+02	3.554087e-02	
52.000000	56.000000	222.051907	6.333562	5.848855e-01	2.926637e-02	4.426219e+02	4.002241e-02	
52.000000	60.000000	248.611054	919.795434	6.649114e-01	3.652534e-02	4.413477e+02	4.468566e-02	
56.000000	0.000000	279.577015	8.998642	5.811394e-01	2.821818e-02	4.384296e+02	3.979498e-02	
56.000000	4.000000	242.379249	80.923048	6.240891e-01	2.810102e-02	4.367892e+02	4.480372e-02	
56.000000	8.000000	236.304397	852.374037	5.980572e-01	2.625730e-02	4.367647e+02	4.483785e-02	
56.000000	12.000000	228.735211	102.807033	5.284064e-01	2.665806e-02	4.372917e+02	3.565942e-02	
56.000000	16.000000	220.021212	67.271608	6.378543e-01	3.241042e-02	4.383114e+02	4.257524e-02	
56.000000	20.000000	213.461295	34.672213	6.312028e-01	2.968736e-02	4.388419e+02	4.511430e-02	
56.000000	24.000000	209.127274	93.774532	6.273495e-01	3.474032e-02	4.393214e+02	4.214848e-02	
56.000000	28.000000	205.894534	65.484323	6.255099e-01	2.957458e-02	4.395510e+02	4.238444e-02	
56.000000	32.000000	203.214369	65.729523	6.116571e-01	3.104107e-02	4.399913e+02	4.040490e-02	
56.000000	36.000000	201.089406	870.106288	6.145674e-01	2.669265e-02	4.403518e+02	4.201936e-02	
56.000000	40.000000	198.507199	788.047060	5.558923e-01	2.600469e-02	4.412834e+02	3.717779e-02	
56.000000	44.000000	199.272082	915.522891	6.456615e-01	3.931930e-02	4.417231e+02	4.590981e-02	
56.000000	48.000000	204.633239	7.923550	5.464515e-01	3.132238e-02	4.422018e+02	3.617390e-02	
56.000000	52.000000	214.061843	602.566169	5.788384e-01	2.711830e-02	4.423901e+02	3.896596e-02	
56.000000	56.000000	230.288736	7.281361	5.566987e-01	2.834393e-02	4.422116e+02	3.648078e-02	
56.000000	60.000000	257.966286	8.148839	6.062678e-01	3.103746e-02	4.415000e+02	4.161807e-02	
60.000000	0.000000	298.428183	858.929132	6.121052e-01	3.260973e-02	4.390792e+02	4.100896e-02	
60.000000	4.000000	399.128537	281.238622	5.629810e-01	2.619387e-02	4.353202e+02	3.775219e-02	
60.000000	8.000000	380.171985	730.188288	6.171601e-01	2.801224e-02	4.355991e+02	4.129391e-02	
60.000000	12.000000	355.615973	684.391987	6.154951e-01	2.923563e-02	4.361406e+02	4.278121e-02	
60.000000	16.000000	329.131538	422.006722	6.158139e-01	3.138796e-02	4.373910e+02	4.131843e-02	
60.000000	20.000000	308.265598	710.232527	5.956935e-01	2.990936e-02	4.382017e+02	3.925451e-02	
60.000000	24.000000	292.959352	722.266426	6.398520e-01	3.019933e-02	4.386617e+02	4.313365e-02	
60.000000	28.000000	282.291761	664.655882	6.500441e-01	3.568035e-02	4.392182e+02	4.365336e-02	
60.000000	32.000000	270.051140	664.149495	7.334463e-01	4.490404e-02	4.395548e+02	5.230306e-02	
60.000000	36.000000	257.655969	144.476773	6.259186e-01	3.044898e-02	4.398656e+02	4.626251e-02	
60.000000	40.000000	245.079787	132.791694	6.366716e-01	2.980652e-02	4.404556e+02	4.338822e-02	
60.000000	44.000000	237.051199	847.843284	5.609061e-01	3.006822e-02	4.409247e+02	4.044331e-02	
60.000000	48.000000	235.036900	353.543041	6.367325e-01	2.875481e-02	4.414300e+02	4.346558e-02	
60.000000	52.000000	239.218146	319.180748	5.835701e-01	2.950070e-02	4.416453e+02	3.990869e-02	
60.000000	56.000000	254.149704	97.586257	5.927058e-01	2.957391e-02	4.414551e+02	4.023956e-02	
60.000000	60.000000	276.676606	156.568055	6.213539e-01	3.116959e-02	4.408644e+02	4.084276e-02	
0.000000	0.000000	320.467483	35.689673	6.147581e-01	3.219117e-02	4.395189e+02	4.227247e-02	
