0.000000	4.000000	155.307988	139.982395	1.380886e+02	2.148113e+02	2.451789e+02	1.353842e+03	
0.000000	8.000000	152.240909	3.765608	4.177149e+02	4.170898e+02	6.931614e+02	3.436852e+02	
0.000000	12.000000	152.353457	2.682224	2.433553e+02	1.595895e+02	-5.006481e+02	1.121638e+02	
0.000000	16.000000	148.480991	2.996262	5.303921e-01	2.301426e-02	1.985769e+02	3.671589e-02	
0.000000	20.000000	146.183568	28.702132	5.391838e-01	2.415840e-02	1.985503e+02	3.706553e-02	
0.000000	24.000000	147.054923	2.452603	6.029866e-01	3.067064e-02	1.985469e+02	4.128547e-02	
0.000000	28.000000	147.055996	1.887859	5.439649e-01	2.417967e-02	1.985619e+02	3.751940e-02	
0.000000	32.000000	146.169309	1.911811	2.710937e+00	1.711621e+02	1.936923e+02	1.289850e+02	
0.000000	36.000000	147.054363	9.717879	5.535428e-01	2.483570e-02	1.984858e+02	3.801657e-02	
0.000000	40.000000	150.591442	25.759726	5.510276e-01	2.462571e-02	1.984905e+02	3.795877e-02	
0.000000	44.000000	154.594892	402.426003	5.458711e-01	2.720609e-02	1.982920e+02	3.645293e-02	
0.000000	48.000000	167.936030	23.916813	6.373226e-01	4.269342e-02	1.978547e+02	4.822266e-02	
0.000000	52.000000	178.580035	6.642861	2.983247e+02	2.205782e+02	9.593226e+02	2.655202e+02	
0.000000	56.000000	190.802189	29.614016	5.570825e-01	2.644906e-02	4.573874e+02	3.808240e-02	
0.000000	60.000000	178.300625	8.532271	5.782700e-01	2.615711e-02	4.526952e+02	3.887783e-02	
4.000000	0.000000	170.325066	11.237758	5.975735e-01	2.773384e-02	4.482166e+02	3.995813e-02	
4.000000	4.000000	157.913961	4.442391	5.837958e+02	3.376410e+02	-1.508797e+02	1.114844e+03	
4.000000	8.000000	154.260870	115.559436	5.591940e+02	5.216749e+02	-2.676126e+02	8.735849e+02	
4.000000	12.000000	151.489017	197.908886	6.036629e-01	3.003564e-02	1.981897e+02	4.036488e-02	
4.000000	16.000000	151.700066	118.265034	5.736583e-01	2.637975e-02	1.983163e+02	3.856374e-02	
4.000000	20.000000	147.597582	3.098702	5.433262e-01	2.484487e-02	1.983771e+02	3.723561e-02	
4.000000	24.000000	147.046018	13.813777	5.427741e-01	2.415252e-02	1.984285e+02	3.743611e-02	
4.000000	28.000000	147.046026	48.325270	5.648071e-01	2.711794e-02	1.983691e+02	3.852424e-02	
4.000000	32.000000	147.040764	42.610491	5.290705e-01	2.561024e-02	1.982956e+02	3.608574e-02	
4.000000	36.000000	147.576189	2.309753	5.179029e-01	2.169666e-02	1.984557e+02	3.631312e-02	
4.000000	40.000000	152.730738	1.402045	5.645786e-01	2.655023e-02	1.985937e+02	3.858570e-02	
4.000000	44.000000	157.952304	1.463473	5.355379e-01	2.347807e-02	1.985720e+02	3.706025e-02	
4.000000	48.000000	164.058576	2.277056	5.885218e-01	4.193494e-02	1.979321e+02	4.362776e-02	
4.000000	52.000000	178.818312	24.166717	5.274627e-01	2.511830e-02	4.603257e+02	3.693485e-02	
4.000000	56.000000	191.340415	36.291028	5.651415e-01	3.281935e-02	4.580207e+02	3.939452e-02	
4.000000	60.000000	184.545267	7.022534	6.578207e-01	2.672196e-02	4.535160e+02	4.362866e-02	
8.000000	0.000000	172.052722	10.563749	6.144061e-01	3.028939e-02	4.484843e+02	4.155325e-02	
8.000000	4.000000	157.782690	4.736606	7.865071e+02	6.814197e+02	-5.385276e+02	1.447567e+03	
8.000000	8.000000	157.809981	3.635975	2.719764e+01	2.196998e+00	3.289194e+02	1.718234e+00	
8.000000	12.000000	152.581042	76.278462	5.414867e-01	3.641500e-02	1.978903e+02	3.720191e-02	
8.000000	16.000000	152.134630	31.791514	5.678517e-01	2.782991e-02	1.981474e+02	3.764850e-02	
8.000000	20.000000	151.618119	36.359271	2.334417e+00	2.029043e+02	1.985855e+02	5.112697e-01	
8.000000	24.000000	148.153531	3.739285	2.429588e+02	2.328569e+02	-3.741223e+02	1.503966e+03	
8.000000	28.000000	147.770148	2.474798	1.707878e+02	1.492249e+02	1.772623e+02	3.331101e+02	
8.000000	32.000000	148.375715	152.488470	5.672532e-01	3.069848e-02	1.982434e+02	3.850681e-02	
8.000000	36.000000	151.701373	22.990966	5.765739e-01	2.860750e-02	1.983592e+02	3.862839e-02	
8.000000	40.000000	153.303723	26.270889	5.870668e-01	2.773106e-02	1.984136e+02	3.954921e-02	
8.000000	44.000000	159.549326	2.107696	5.704472e-01	2.719330e-02	1.985893e+02	3.905614e-02	
8.000000	48.000000	166.730268	61.310492	2.977524e+02	1.804388e+02	1.709624e+01	2.425502e+02	
8.000000	52.000000	179.653545	7.077489	2.419934e+01	7.038569e-01	3.359735e+02	8.884004e-01	
8.000000	56.000000	197.050271	7.132589	5.440460e-01	3.036622e-02	4.580056e+02	3.560630e-02	
8.000000	60.000000	185.184647	349.306970	5.218511e-01	2.698230e-02	4.541730e+02	3.429161e-02	
12.000000	0.000000	175.913878	1064.977837	5.929699e-01	3.129663e-02	4.481743e+02	3.906093e-02	
12.000000	4.000000	160.520775	158.652810	1.961022e+01	4.101016e-01	3.278932e+02	6.222024e-01	
12.000000	8.000000	157.583572	4.155920	2.021772e+01	2.619004e-01	3.265293e+02	5.500255e-01	
12.000000	12.000000	175.304000	315.011319	5.334128e-01	3.466707e-02	1.978685e+02	3.674694e-02	
12.000000	16.000000	151.552781	2.651362	7.219071e+00	2.488833e+02	2.069055e+02	6.179311e+01	
12.000000	20.000000	152.206994	36.278157	2.945563e+02	6.129486e+01	-7.627841e+02	2.252533e+02	
12.000000	24.000000	152.416167	2.260069	5.391859e-01	3.359108e-02	1.981354e+02	3.583413e-02	
12.000000	28.000000	151.491191	1.621494	2.433207e+02	1.223472e+02	-3.197102e+02	2.698150e+02	
12.000000	32.000000	151.681004	1.579019	2.431190e+02	1.890424e+02	-5.014962e+02	1.635517e+02	
12.000000	36.000000	153.299077	2.340979	6.009847e-01	2.613057e-02	1.983188e+02	4.098946e-02	
12.000000	40.000000	153.336058	2.158388	5.448098e-01	2.433970e-02	1.985758e+02	3.745572e-02	
12.000000	44.000000	159.587222	23.251766	5.475059e-01	2.593329e-02	1.987862e+02	3.656575e-02	
12.000000	48.000000	170.207734	66.068995	5.092077e-01	2.522421e-02	1.982603e+02	3.430468e-02	
12.000000	52.000000	180.250475	3.592291	4.745090e+01	1.027409e+01	3.467876e+02	8.509737e+00	
12.000000	56.000000	197.772575	27.588968	5.099577e-01	3.015730e-02	4.588318e+02	3.360165e-02	
12.000000	60.000000	190.798388	6.495338	5.793449e-01	2.750204e-02	4.545445e+02	3.911921e-02	
16.000000	0.000000	178.304282	7.641193	6.090104e-01	3.242563e-02	4.485488e+02	4.140766e-02	
16.000000	4.000000	163.875651	7.942715	2.189524e+01	3.917776e-01	3.252151e+02	6.452971e-01	
16.000000	8.000000	160.959051	222.979765	2.313995e+01	7.725385e-01	3.272302e+02	5.478567e-01	
16.000000	12.000000	157.967482	182.611926	1.926137e+01	2.994554e-01	3.287199e+02	4.519032e-01	
16.000000	16.000000	158.579317	5.105504	5.552363e-01	6.396555e-02	1.981411e+02	6.203575e-02	
16.000000	20.000000	152.068022	2.540958	5.335494e-01	2.935412e-02	1.980739e+02	3.461384e-02	
16.000000	24.000000	151.675947	231.113742	5.351911e-01	2.961434e-02	1.980712e+02	3.511221e-02	
16.000000	28.000000	152.615055	46.862975	5.430015e-01	3.020031e-02	1.980769e+02	3.503810e-02	
16.000000	32.000000	152.612796	223.606183	3.437669e+02	3.313470e+02	1.492858e+02	2.825674e+02	
16.000000	36.000000	153.336663	39.191579	5.372695e-01	2.565393e-02	1.982849e+02	3.598301e-02	
16.000000	40.000000	156.283422	185.661878	5.458167e-01	2.422328e-02	1.984571e+02	3.764828e-02	
16.000000	44.000000	159.554020	2.609989	5.264575e-01	2.362427e-02	1.986349e+02	3.638309e-02	
16.000000	48.000000	171.359441	2.614868	2.434546e+02	2.167190e+02	-3.686958e+02	1.810719e+02	
16.000000	52.000000	180.344904	4.244123	5.968887e+02	3.937923e+02	2.176218e+03	2.477905e+03	
16.000000	56.000000	203.305828	6.031114	5.525475e-01	2.566660e-02	4.585774e+02	3.751854e-02	
16.000000	60.000000	197.056797	12.333552	6.092099e-01	2.593678e-02	4.553135e+02	4.222314e-02	
20.000000	0.000000	184.548318	9.232655	6.139063e-01	2.897041e-02	4.491609e+02	4.148091e-02	
20.000000	4.000000	162.433266	81.518834	1.285149e+03	1.298568e+03	2.429591e+03	1.843277e+03	
20.000000	8.000000	161.594882	113.192869	1.264178e+03	6.370429e+02	1.594830e+03	1.517284e+03	
20.000000	12.000000	158.943268	5.444702	2.757518e+01	5.695328e-01	3.302366e+02	7.891429e-01	
20.000000	16.000000	157.939804	213.508028	8.220560e+02	9.031039e+02	-2.186000e+03	3.825868e+03	
20.000000	20.000000	173.918843	448.085113	6.592837e+02	2.482758e+02	-1.975508e+03	1.529038e+03	
20.000000	24.000000	152.878869	64.898044	1.877589e+01	2.665831e-01	3.252270e+02	6.310017e-01	
20.000000	28.000000	151.702395	2.980248	3.328619e+00	5.055588e+02	2.040227e+02	8.500194e+02	
20.000000	32.000000	151.762817	3.252967	4.511590e+02	3.811867e+02	5.012899e+02	3.488485e+02	
20.000000	36.000000	154.948745	4.459129	5.294030e-01	2.845325e-02	1.980948e+02	3.387759e-02	
20.000000	40.000000	159.548744	2.855302	5.439320e-01	2.391372e-02	1.985000e+02	3.757453e-02	
20.000000	44.000000	163.567318	231.772906	5.683485e-01	2.662202e-02	1.985495e+02	3.855786e-02	
20.000000	48.000000	171.218282	109.345948	5.109957e-01	2.606783e-02	1.982502e+02	3.477885e-02	
20.000000	52.000000	183.453755	136.952587	2.907861e+01	1.559788e+00	3.278992e+02	7.768534e-01	
20.000000	56.000000	203.304874	6.369206	5.444138e-01	3.681298e-02	4.589093e+02	3.662546e-02	
20.000000	60.000000	203.302003	15.804702	6.027546e-01	2.559597e-02	4.557388e+02	4.368769e-02	
24.000000	0.000000	189.909850	6.929072	5.768166e-01	2.809135e-02	4.498269e+02	4.649912e-02	
24.000000	4.000000	167.302424	177.281227	8.354911e+02	3.949790e+02	-2.261196e+03	2.745040e+03	
24.000000	8.000000	159.750929	643.693216	1.006253e+03	8.029990e+02	-1.428057e+03	1.680355e+03	
24.000000	12.000000	162.175491	6.871457	3.531479e+01	6.659384e+00	3.333762e+02	2.775522e+00	
24.000000	16.000000	157.943688	4.740517	1.213462e+03	8.181379e+02	1.995257e+02	1.414213e+00	
24.000000	20.000000	158.035919	3.865197	2.054963e+01	1.724695e-01	3.272734e+02	4.514505e-01	
24.000000	24.000000	157.977223	3.279531	2.069405e+01	2.578355e-01	3.281791e+02	5.523875e-01	
24.000000	28.000000	169.225808	380.625031	5.673036e+02	5.831809e+02	-1.040282e+03	3.606947e+03	
24.000000	32.000000	175.507334	193.689608	7.034436e+02	4.288197e+02	-1.033860e+03	2.488548e+02	
24.000000	36.000000	157.932370	3.060832	5.076663e+02	4.694248e+02	2.235111e+02	6.251742e+02	
24.000000	40.000000	158.742698	20.301834	5.643382e-01	2.613361e-02	1.985048e+02	3.890943e-02	
24.000000	44.000000	164.938586	3.730288	1.725142e+02	1.655463e+02	-1.116426e+02	2.206511e+02	
24.000000	48.000000	170.884442	3.042013	2.975294e+02	2.896743e+02	-5.125739e+02	2.012984e+02	
24.000000	52.000000	188.461955	33.528495	2.446501e+01	6.296379e-01	3.274784e+02	5.504089e-01	
24.000000	56.000000	203.295207	9.964435	5.553697e-01	3.005079e-02	4.591489e+02	3.607048e-02	
24.000000	60.000000	209.555661	15.126613	5.981454e-01	3.132664e-02	4.562889e+02	3.986489e-02	
28.000000	0.000000	195.509460	7.076164	5.610221e-01	2.642805e-02	4.506125e+02	3.832280e-02	
28.000000	4.000000	163.855983	6.203893	8.306485e+02	8.305607e+02	9.791183e+02	1.266716e+03	
28.000000	8.000000	167.306328	42.624167	5.089584e-01	3.449806e-02	4.599616e+02	3.873253e-02	
28.000000	12.000000	152.590548	65.377398	2.674681e+01	1.621417e+00	3.333524e+02	1.005440e+00	
28.000000	16.000000	162.516645	4.962083	3.159056e+01	3.034752e+00	3.298487e+02	7.785332e-01	
28.000000	20.000000	159.671451	241.429685	2.082342e+01	4.185792e-01	3.280476e+02	3.651102e-01	
28.000000	24.000000	157.339362	3.504093	2.114556e+01	4.712186e-01	3.256995e+02	5.933616e-01	
28.000000	28.000000	157.638951	3.270985	1.983683e+01	3.392144e-01	3.266315e+02	5.946742e-01	
28.000000	32.000000	157.865393	31.148087	1.058544e+03	5.296834e+02	-1.069959e+03	4.761182e+03	
28.000000	36.000000	157.874695	2.853037	8.181801e+02	8.158001e+02	-2.219720e+03	4.613183e+03	
28.000000	40.000000	162.697726	247.850956	2.435506e+02	2.413573e+02	-2.902866e+02	3.724246e+02	
28.000000	44.000000	165.814922	2.832446	5.053101e-01	3.085686e-02	1.980700e+02	3.151456e-02	
28.000000	48.000000	175.183312	236.840095	2.969123e+02	2.969118e+02	-4.956996e+02	6.041769e+02	
28.000000	52.000000	188.484521	4.143557	6.712448e+01	2.628296e+01	3.193908e+02	8.388934e+00	
28.000000	56.000000	204.645794	13.546592	5.622333e-01	2.611388e-02	4.593896e+02	3.790488e-02	
28.000000	60.000000	215.800990	27.483654	5.039492e-01	2.623657e-02	4.567801e+02	3.341865e-02	
32.000000	0.000000	202.413277	6.203304	6.243684e-01	3.047185e-02	4.514807e+02	4.220656e-02	
32.000000	4.000000	172.529976	28.193941	5.986218e-01	2.771260e-02	4.601814e+02	4.129067e-02	
32.000000	8.000000	169.531118	216.183249	5.975880e-01	3.319824e-02	4.599705e+02	4.431195e-02	
32.000000	12.000000	166.701703	8.959618	5.064028e-01	3.404508e-02	4.600943e+02	3.290621e-02	
32.000000	16.000000	160.586367	131.227555	2.082380e+01	3.910863e-01	3.316666e+02	6.320026e-01	
32.000000	20.000000	162.011136	209.931762	3.162734e+01	6.525034e+00	3.315210e+02	1.253810e+00	
32.000000	24.000000	161.970115	3.449944	3.158661e+01	1.709949e+00	3.299430e+02	1.041709e+00	
32.000000	28.000000	161.591250	27.675324	1.312855e+03	1.310209e+03	1.145030e+03	2.824644e+03	
32.000000	32.000000	162.695062	30.192050	2.175980e+01	3.397974e-01	3.275617e+02	4.800858e-01	
32.000000	36.000000	166.950028	23.400142	2.112112e+01	3.272588e-01	3.268895e+02	5.126402e-01	
32.000000	40.000000	164.307991	5.304532	3.801713e+00	5.696840e+02	2.059378e+02	7.772534e+01	
32.000000	44.000000	170.213429	42.884627	2.428783e+00	1.706290e+02	1.948607e+02	5.976174e+01	
32.000000	48.000000	176.759125	4.041614	6.047025e+02	6.012603e+02	5.300733e+02	4.712198e+02	
32.000000	52.000000	188.639477	154.963985	2.710922e+01	1.351330e+00	3.276599e+02	6.337844e-01	
32.000000	56.000000	207.830687	15.390240	5.881926e-01	3.290023e-02	4.597578e+02	4.036598e-02	
32.000000	60.000000	222.052180	5.990678	5.145659e-01	2.681388e-02	4.571935e+02	3.372102e-02	
36.000000	0.000000	209.550728	14.458806	5.335292e-01	2.335738e-02	4.524987e+02	3.701145e-02	
36.000000	4.000000	176.575867	383.081373	5.935637e-01	2.941670e-02	4.595047e+02	4.068330e-02	
36.000000	8.000000	173.459434	340.551241	6.510193e-01	3.315636e-02	4.595393e+02	4.461567e-02	
36.000000	12.000000	170.344148	5.984924	5.340761e-01	3.043093e-02	4.600104e+02	3.432634e-02	
36.000000	16.000000	166.540886	5.154185	5.046325e-01	3.802206e-02	4.599785e+02	4.069853e-02	
36.000000	20.000000	164.534716	798.001505	5.085840e+02	1.893908e+02	-2.563327e+02	5.272502e+02	
36.000000	24.000000	156.831757	116.654133	2.044472e+01	1.796884e-01	3.333300e+02	7.547885e-01	
36.000000	28.000000	160.884571	24.878602	2.219531e+01	4.754184e-01	3.331291e+02	5.927135e-01	
36.000000	32.000000	161.023238	27.232065	2.038035e+01	2.161700e-01	3.316175e+02	5.464142e-01	
36.000000	36.000000	162.898443	26.365660	1.011067e+03	1.148831e+03	-2.128644e+03	5.941934e+03	
36.000000	40.000000	165.801694	77.338987	2.114987e+01	2.934357e-01	3.253286e+02	5.641351e-01	
36.000000	44.000000	170.455921	218.447071	5.249166e-01	4.453452e-02	1.979924e+02	3.701472e-02	
36.000000	48.000000	177.187642	3.428289	5.830322e+02	5.102878e+02	-4.634438e+02	1.009860e+03	
36.000000	52.000000	188.810528	70.646247	3.891824e+01	7.532278e+00	3.314237e+02	2.381468e+00	
36.000000	56.000000	209.551118	7.043978	5.853599e-01	3.242718e-02	4.597528e+02	4.008931e-02	
36.000000	60.000000	229.636856	18.097465	5.849495e-01	2.839900e-02	4.575235e+02	4.007687e-02	
40.000000	0.000000	217.082527	24.043837	6.048830e-01	3.065309e-02	4.532424e+02	4.005475e-02	
40.000000	4.000000	182.249585	49.540120	5.106446e-01	3.034808e-02	4.589573e+02	3.189123e-02	
40.000000	8.000000	178.305468	7.773794	5.229569e-01	2.968773e-02	4.589524e+02	3.328781e-02	
40.000000	12.000000	174.015484	155.479078	6.213389e-01	3.607605e-02	4.592676e+02	4.336365e-02	
40.000000	16.000000	170.860529	6.231242	6.552212e-01	4.297246e-02	4.598002e+02	4.837250e-02	
40.000000	20.000000	166.674805	29.882008	5.615086e-01	4.813974e-02	4.600362e+02	4.462455e-02	
40.000000	24.000000	167.202804	222.773433	5.342817e-01	3.302984e-02	4.599846e+02	3.832604e-02	
40.000000	28.000000	165.921540	5.297035	4.812602e+02	4.788066e+02	5.573829e+02	3.769753e+02	
40.000000	32.000000	165.388526	492.062496	1.576986e+02	3.295873e+02	4.375517e+02	6.174874e+02	
40.000000	36.000000	167.650245	4.633549	2.043447e+01	2.157187e-01	3.309596e+02	4.771561e-01	
40.000000	40.000000	170.012072	222.160751	2.103531e+01	4.212158e-01	3.265919e+02	5.490075e-01	
40.000000	44.000000	176.723698	226.036545	2.108662e+01	4.909500e-01	3.281215e+02	5.211464e-01	
40.000000	48.000000	229.030786	416.937552	5.405431e+01	2.559366e+01	3.186119e+02	1.158479e+01	
40.000000	52.000000	194.846556	3.555794	8.257720e+00	9.205195e+02	3.502468e+02	1.414214e+00	
40.000000	56.000000	210.087023	15.558968	1.728725e+02	1.304273e+02	5.594240e+02	1.249888e+02	
40.000000	60.000000	235.943192	726.674627	5.366507e-01	2.990658e-02	4.579919e+02	3.429424e-02	
44.000000	0.000000	228.820180	8.783020	5.426175e-01	2.767099e-02	4.541297e+02	3.928997e-02	
44.000000	4.000000	189.189806	765.051101	5.324256e-01	2.890917e-02	4.588357e+02	3.444876e-02	
44.000000	8.000000	185.014028	8.439756	5.848642e-01	4.097580e-02	4.589320e+02	4.242758e-02	
44.000000	12.000000	180.204999	67.042643	5.618175e-01	3.040505e-02	4.590756e+02	3.646909e-02	
44.000000	16.000000	176.603785	591.303373	5.313954e-01	2.662291e-02	4.591753e+02	3.524939e-02	
44.000000	20.000000	172.874867	5.771023	5.706091e-01	2.570764e-02	4.597926e+02	4.018410e-02	
44.000000	24.000000	170.137113	5.952440	5.785501e-01	3.009967e-02	4.599027e+02	3.767998e-02	
44.000000	28.000000	170.219616	59.250712	6.056919e-01	2.564940e-02	4.597164e+02	4.313416e-02	
44.000000	32.000000	169.386830	4.236675	1.464894e+02	1.633943e+02	4.824526e+02	1.355826e+03	
44.000000	36.000000	169.253250	262.859054	7.237815e+02	6.449880e+02	8.829995e+02	9.557418e+02	
44.000000	40.000000	174.682690	4.279556	8.976463e+02	8.095630e+02	1.111500e+03	1.760800e+03	
44.000000	44.000000	175.834941	4.678165	2.584429e+01	8.074893e-01	3.277283e+02	7.971057e-01	
44.000000	48.000000	183.654905	37.334684	1.834829e+00	7.339405e+02	3.536803e+02	1.414214e+00	
44.000000	52.000000	194.697439	4.920589	7.559898e+02	9.795284e+02	2.269806e+03	4.449781e+03	
44.000000	56.000000	211.466350	983.880504	3.433393e+02	1.805867e+02	7.571377e+02	2.481313e+02	
44.000000	60.000000	240.792315	9.912475	5.354673e-01	2.715158e-02	4.582646e+02	3.624217e-02	
48.000000	0.000000	241.340600	6.798506	5.773750e-01	3.312957e-02	4.551699e+02	3.869534e-02	
48.000000	4.000000	197.873059	21.045281	5.341436e-01	2.675874e-02	4.582771e+02	3.564061e-02	
48.000000	8.000000	195.125652	9.541813	5.383058e-01	3.030878e-02	4.579580e+02	3.658515e-02	
48.000000	12.000000	189.560561	489.351444	5.400154e-01	3.038962e-02	4.581562e+02	3.506488e-02	
48.000000	16.000000	183.674892	54.415329	5.909048e-01	3.237876e-02	4.587423e+02	3.951187e-02	
48.000000	20.000000	179.757201	45.191397	5.697148e-01	3.204489e-02	4.592432e+02	3.816410e-02	
48.000000	24.000000	178.282435	7.884288	6.025596e-01	3.334607e-02	4.592833e+02	4.155708e-02	
48.000000	28.000000	176.556379	616.957614	5.415722e-01	2.466654e-02	4.593811e+02	3.723311e-02	
48.000000	32.000000	176.236274	201.004454	6.062678e-01	3.103746e-02	4.595000e+02	4.161807e-02	
48.000000	36.000000	175.446454	77.283805	5.700191e-01	2.794661e-02	4.598373e+02	4.533496e-02	
48.000000	40.000000	177.145628	737.535841	7.705860e+01	7.280763e+01	3.602721e+02	6.298989e+01	
48.000000	44.000000	180.614408	31.243464	2.237596e+01	4.920395e-01	3.297322e+02	4.028708e-01	
48.000000	48.000000	188.201298	4.127943	7.595860e+01	4.486862e+01	3.090268e+02	2.425367e+01	
48.000000	52.000000	199.583566	182.609121	1.306401e+03	1.087092e+03	-1.781641e+03	2.522873e+03	
48.000000	56.000000	216.551595	28.358239	2.979194e+02	1.691033e+02	6.882387e+02	2.165875e+02	
48.000000	60.000000	245.892982	11.069020	6.280337e-01	3.825958e-02	4.587734e+02	4.460189e-02	
52.000000	0.000000	259.555290	27.755533	4.889847e-01	3.884998e-02	4.560066e+02	3.596831e-02	
52.000000	4.000000	210.937097	652.009387	6.422977e-01	3.756960e-02	4.573360e+02	4.502568e-02	
52.000000	8.000000	207.851356	52.120404	5.361281e-01	2.402217e-02	4.573900e+02	3.697467e-02	
52.000000	12.000000	201.708832	327.844404	6.368330e-01	3.540680e-02	4.575431e+02	4.409289e-02	
52.000000	16.000000	195.433288	6.185987	5.424348e-01	2.614683e-02	4.582030e+02	3.620126e-02	
52.000000	20.000000	191.325340	85.095217	5.929660e-01	2.967731e-02	4.584249e+02	4.063262e-02	
52.000000	24.000000	189.155262	115.269214	6.278478e-01	3.102050e-02	4.587343e+02	4.174971e-02	
52.000000	28.000000	185.922988	594.878040	5.557922e-01	2.815335e-02	4.588835e+02	3.665809e-02	
52.000000	32.000000	185.087938	6.728032	5.182503e-01	2.989483e-02	4.590831e+02	3.273143e-02	
52.000000	36.000000	183.324615	43.510059	6.323297e-01	3.472418e-02	4.594618e+02	4.370727e-02	
52.000000	40.000000	183.477936	104.962571	5.614312e-01	2.922521e-02	4.599085e+02	3.635357e-02	
52.000000	44.000000	183.654025	245.785386	5.061871e-01	3.188205e-02	4.601480e+02	3.365678e-02	
52.000000	48.000000	188.608959	36.658145	3.849876e+01	5.120820e+00	3.410668e+02	3.867206e+00	
52.000000	52.000000	204.594628	5.934112	1.033164e+03	5.168510e+02	1.671674e+03	1.928611e+03	
52.000000	56.000000	222.934443	7.947171	1.255147e+00	2.998658e+02	4.593862e+02	9.640309e+01	
52.000000	60.000000	250.416435	1059.990958	5.024259e-01	3.513377e-02	4.589733e+02	3.745781e-02	
56.000000	0.000000	281.332954	33.431511	5.647248e-01	2.600748e-02	4.564906e+02	3.867871e-02	
56.000000	4.000000	235.426901	613.285447	5.473017e-01	2.704614e-02	4.563062e+02	3.665039e-02	
56.000000	8.000000	229.916415	76.628455	5.577310e-01	2.600020e-02	4.562792e+02	3.730514e-02	
56.000000	12.000000	222.480275	470.962632	4.790027e-01	3.281693e-02	4.569198e+02	2.920696e-02	
56.000000	16.000000	215.084423	215.491531	5.597571e-01	2.586484e-02	4.572536e+02	3.752408e-02	
56.000000	20.000000	210.367677	52.430267	5.214120e-01	2.775164e-02	4.578797e+02	3.483223e-02	
56.000000	24.000000	204.807958	62.414698	5.714808e-01	2.598317e-02	4.578042e+02	4.123417e-02	
56.000000	28.000000	201.651239	152.443218	5.845126e-01	3.336490e-02	4.581092e+02	3.949469e-02	
56.000000	32.000000	200.276341	929.472032	5.645704e-01	2.837800e-02	4.582570e+02	3.729194e-02	
56.000000	36.000000	198.419729	585.801980	6.250442e-01	2.758347e-02	4.586117e+02	4.270171e-02	
56.000000	40.000000	197.522926	48.781041	5.369452e-01	2.876018e-02	4.591112e+02	3.448103e-02	
56.000000	44.000000	198.272775	695.508219	5.786518e-01	2.801402e-02	4.597962e+02	3.824732e-02	
56.000000	48.000000	203.816981	79.154596	5.821101e-01	2.802119e-02	4.598646e+02	4.056233e-02	
56.000000	52.000000	213.190923	927.720942	1.728547e+02	8.848125e+01	4.415102e+02	1.242027e+02	
56.000000	56.000000	229.689896	7.425228	5.634941e-01	2.928119e-02	4.599438e+02	3.709843e-02	
56.000000	60.000000	257.693441	7.012866	5.430943e-01	3.037075e-02	4.591164e+02	3.505459e-02	
60.000000	0.000000	302.069209	729.261314	5.288326e-01	2.724687e-02	4.571316e+02	3.572179e-02	
60.000000	4.000000	345.029334	678.102155	5.620573e-01	3.489397e-02	4.549482e+02	4.682054e-02	
60.000000	8.000000	332.613810	281.595754	5.130835e-01	3.790698e-02	4.549638e+02	4.371508e-02	
60.000000	12.000000	313.579403	728.404976	5.590671e-01	2.590142e-02	4.555922e+02	3.789224e-02	
60.000000	16.000000	293.613216	685.705901	6.018425e-01	3.055675e-02	4.563865e+02	4.039949e-02	
60.000000	20.000000	279.656446	150.860238	5.607395e-01	2.840102e-02	4.567533e+02	3.705403e-02	
60.000000	24.000000	269.237883	249.649452	6.417890e-01	3.861469e-02	4.572825e+02	4.543449e-02	
60.000000	28.000000	261.051973	778.241352	6.778047e-01	4.178904e-02	4.574852e+02	4.765386e-02	
60.000000	32.000000	253.213210	206.687627	6.075219e-01	3.141774e-02	4.575613e+02	4.172513e-02	
60.000000	36.000000	244.831682	129.605382	5.265688e-01	3.235355e-02	4.579266e+02	4.180295e-02	
60.000000	40.000000	236.594883	858.492031	5.644223e-01	2.823282e-02	4.581935e+02	3.705836e-02	
60.000000	44.000000	232.602290	105.135701	5.411339e-01	2.973818e-02	4.587890e+02	3.628215e-02	
60.000000	48.000000	232.382837	80.732209	5.738252e-01	3.136760e-02	4.589591e+02	4.104157e-02	
60.000000	52.000000	238.405132	910.713880	5.892513e-01	3.200055e-02	4.592056e+02	3.914551e-02	
60.000000	56.000000	251.804765	36.545017	5.415084e-01	2.893083e-02	4.590736e+02	3.557311e-02	
60.000000	60.000000	276.560012	554.246171	6.042913e-01	3.265537e-02	4.586543e+02	4.130633e-02	
0.000000	0.000000	320.402696	24.646065	5.235260e-01	2.537338e-02	4.572734e+02	3.510774e-02	
