0.000000	4.000000	124.094904	1078.369398	5.910403e-01	3.054115e-02	4.507667e+02	3.909781e-02	
0.000000	8.000000	122.795253	87.041067	6.143935e-01	3.216685e-02	4.505284e+02	4.224639e-02	
0.000000	12.000000	122.043451	3.817587	5.252893e-01	2.721361e-02	4.507441e+02	3.494208e-02	
0.000000	16.000000	122.042335	12.918341	5.370509e-01	3.168774e-02	4.509364e+02	3.498632e-02	
0.000000	20.000000	122.054147	75.977871	6.402765e-01	3.129815e-02	4.511520e+02	4.844015e-02	
0.000000	24.000000	122.059544	142.348990	6.682470e-01	3.105414e-02	4.513707e+02	4.600618e-02	
0.000000	28.000000	122.077909	3.417114	6.050506e-01	3.217662e-02	4.514223e+02	4.121825e-02	
0.000000	32.000000	123.685387	78.056051	7.037601e-01	4.783139e-02	4.513357e+02	5.154483e-02	
0.000000	36.000000	128.285785	135.758682	5.865269e-01	2.625152e-02	4.512100e+02	4.423246e-02	
0.000000	40.000000	134.554979	18.865645	5.496238e-01	2.564775e-02	4.505749e+02	3.761828e-02	
0.000000	44.000000	140.805911	5.556994	6.743135e-01	3.301069e-02	4.494635e+02	4.730326e-02	
0.000000	48.000000	153.279468	10.844393	6.467539e-01	2.961655e-02	4.463227e+02	4.405967e-02	
0.000000	52.000000	145.957822	6.462098	5.965547e-01	2.974879e-02	4.408993e+02	3.923055e-02	
0.000000	56.000000	134.557933	4.556034	5.952714e-01	3.383586e-02	4.337455e+02	4.013322e-02	
0.000000	60.000000	127.353638	487.803747	6.512158e-01	3.200585e-02	4.270838e+02	4.441440e-02	
4.000000	0.000000	122.054150	6.066403	6.692555e-01	2.777110e-02	4.276095e+02	5.106040e-02	
4.000000	4.000000	128.288725	4.872094	5.309335e-01	2.449609e-02	4.506577e+02	3.648721e-02	
4.000000	8.000000	127.468878	70.364378	6.296414e-01	2.810610e-02	4.504064e+02	4.300086e-02	
4.000000	12.000000	123.357531	876.705903	5.285059e-01	2.486744e-02	4.506623e+02	3.594433e-02	
4.000000	16.000000	122.057910	4.042085	5.397556e-01	2.870875e-02	4.509023e+02	3.489297e-02	
4.000000	20.000000	122.052657	4.598434	6.281952e-01	3.109306e-02	4.510744e+02	4.303717e-02	
4.000000	24.000000	122.067634	3.466793	6.155404e-01	2.982667e-02	4.511253e+02	4.092634e-02	
4.000000	28.000000	122.055518	3.705402	6.130250e-01	3.400027e-02	4.513107e+02	4.240837e-02	
4.000000	32.000000	128.300109	2.963383	6.277931e-01	2.802940e-02	4.512279e+02	4.439440e-02	
4.000000	36.000000	128.296666	3.158231	6.258916e-01	3.074460e-02	4.511168e+02	4.132986e-02	
4.000000	40.000000	134.504759	3.981729	5.907025e-01	3.550234e-02	4.508192e+02	4.098384e-02	
4.000000	44.000000	144.060208	11.143996	6.155092e-01	2.601653e-02	4.496847e+02	4.326562e-02	
4.000000	48.000000	153.304217	4.629620	6.081609e-01	2.833463e-02	4.467446e+02	4.068253e-02	
4.000000	52.000000	147.052020	4.898892	5.972386e-01	2.614122e-02	4.413127e+02	4.073237e-02	
4.000000	56.000000	137.175495	1157.463480	5.988313e-01	2.991707e-02	4.343397e+02	4.000881e-02	
4.000000	60.000000	128.305706	7.414184	6.608958e-01	3.385041e-02	4.275506e+02	4.572511e-02	
8.000000	0.000000	122.054140	6.130908	6.366370e-01	2.641956e-02	4.273171e+02	4.803698e-02	
8.000000	4.000000	128.307911	12.277891	6.277075e-01	3.372958e-02	4.503680e+02	4.213018e-02	
8.000000	8.000000	128.305934	6.539350	5.463578e-01	3.066918e-02	4.502244e+02	3.632826e-02	
8.000000	12.000000	128.305692	4.271339	5.899075e-01	3.309483e-02	4.501683e+02	3.949580e-02	
8.000000	16.000000	126.333572	937.828196	5.866548e-01	2.941455e-02	4.506415e+02	3.932624e-02	
8.000000	20.000000	123.329708	108.540831	5.689528e-01	3.043240e-02	4.509071e+02	3.704252e-02	
8.000000	24.000000	123.216176	131.785092	6.565165e-01	3.295358e-02	4.508818e+02	4.347669e-02	
8.000000	28.000000	126.611731	44.077687	5.923172e-01	2.933976e-02	4.509026e+02	4.068764e-02	
8.000000	32.000000	128.247831	3.862632	6.446865e-01	3.114322e-02	4.511356e+02	4.312533e-02	
8.000000	36.000000	128.813589	4.595104	6.401963e-01	3.096568e-02	4.511139e+02	4.315248e-02	
8.000000	40.000000	134.549329	3.315707	5.564269e-01	3.009828e-02	4.508526e+02	3.621685e-02	
8.000000	44.000000	146.173140	4.574067	6.212035e-01	3.701011e-02	4.497623e+02	4.371844e-02	
8.000000	48.000000	153.295186	5.944628	6.311429e-01	3.073817e-02	4.471399e+02	4.728706e-02	
8.000000	52.000000	153.300431	7.133112	5.767534e-01	2.632355e-02	4.418061e+02	4.297835e-02	
8.000000	56.000000	140.768434	5.346910	6.259932e-01	3.615237e-02	4.353139e+02	4.236815e-02	
8.000000	60.000000	129.678686	7.718808	6.048455e-01	3.202357e-02	4.283360e+02	4.052119e-02	
12.000000	0.000000	128.295861	4.460112	6.466512e-01	3.698128e-02	4.271975e+02	4.410573e-02	
12.000000	4.000000	128.304138	5.907103	5.931070e-01	3.089148e-02	4.503404e+02	4.064520e-02	
12.000000	8.000000	128.308523	6.515084	5.347822e-01	2.732897e-02	4.502576e+02	3.556037e-02	
12.000000	12.000000	128.301689	12.963454	5.792742e-01	3.214225e-02	4.501133e+02	3.848896e-02	
12.000000	16.000000	128.298946	4.267823	6.236603e-01	3.288868e-02	4.503349e+02	4.171891e-02	
12.000000	20.000000	128.315312	3.991833	5.888788e-01	3.007705e-02	4.506120e+02	3.938550e-02	
12.000000	24.000000	128.297492	3.412350	5.741437e-01	2.912371e-02	4.507024e+02	3.818352e-02	
12.000000	28.000000	128.295408	3.486544	5.355688e-01	2.872645e-02	4.508900e+02	3.922204e-02	
12.000000	32.000000	128.309022	5.058867	5.637719e-01	2.824941e-02	4.511096e+02	3.821394e-02	
12.000000	36.000000	133.495133	3.426077	5.805512e-01	3.563262e-02	4.511574e+02	4.017544e-02	
12.000000	40.000000	135.820980	164.441557	6.127268e-01	3.082905e-02	4.508274e+02	4.038691e-02	
12.000000	44.000000	147.054974	4.453885	5.540634e-01	2.816828e-02	4.498715e+02	3.625731e-02	
12.000000	48.000000	157.692365	6.197758	6.603798e-01	3.309808e-02	4.475795e+02	4.387950e-02	
12.000000	52.000000	153.310252	8.855096	6.378455e-01	3.548833e-02	4.425240e+02	4.416070e-02	
12.000000	56.000000	145.400224	6.101310	6.514939e-01	3.015318e-02	4.364682e+02	4.490819e-02	
12.000000	60.000000	134.555797	6.594703	6.188167e-01	3.501847e-02	4.290218e+02	4.717787e-02	
16.000000	0.000000	128.304194	6.389348	6.174425e-01	3.232647e-02	4.272271e+02	4.099995e-02	
16.000000	4.000000	132.810194	5.304969	6.175804e-01	2.851812e-02	4.502699e+02	4.149157e-02	
16.000000	8.000000	129.685353	12.506736	5.972109e-01	3.219200e-02	4.500531e+02	4.018589e-02	
16.000000	12.000000	128.303811	5.450184	5.980723e-01	3.610687e-02	4.501642e+02	4.143654e-02	
16.000000	16.000000	128.298082	5.858322	5.512895e-01	2.527812e-02	4.504075e+02	3.747942e-02	
16.000000	20.000000	128.305434	7.331904	5.649950e-01	2.651241e-02	4.505314e+02	3.854777e-02	
16.000000	24.000000	128.304260	5.834184	6.317798e-01	2.678683e-02	4.506280e+02	4.316950e-02	
16.000000	28.000000	128.301746	7.079753	6.988821e-01	5.331520e-02	4.508879e+02	5.837327e-02	
16.000000	32.000000	128.288449	3.685163	5.867224e-01	3.148908e-02	4.510243e+02	4.098410e-02	
16.000000	36.000000	134.504874	3.020947	5.490903e-01	2.638806e-02	4.511640e+02	3.821733e-02	
16.000000	40.000000	140.814582	3.389295	5.440388e-01	2.570199e-02	4.506468e+02	3.725485e-02	
16.000000	44.000000	147.053440	7.841013	5.550513e-01	3.997737e-02	4.500202e+02	4.623035e-02	
16.000000	48.000000	159.551437	7.090187	6.237391e-01	3.859091e-02	4.479122e+02	5.899999e-02	
16.000000	52.000000	159.545930	11.889594	6.936469e-01	3.443910e-02	4.433722e+02	4.760638e-02	
16.000000	56.000000	147.047262	6.655309	6.717178e-01	3.489200e-02	4.373092e+02	4.514532e-02	
16.000000	60.000000	136.619263	1118.488201	6.439561e-01	3.153222e-02	4.301003e+02	4.277674e-02	
20.000000	0.000000	128.781122	8.731610	5.962341e-01	3.170604e-02	4.271911e+02	3.947552e-02	
20.000000	4.000000	134.587230	9.899342	6.105271e-01	3.410961e-02	4.501560e+02	4.120136e-02	
20.000000	8.000000	134.586729	5.443008	5.956699e-01	3.702474e-02	4.500791e+02	4.363561e-02	
20.000000	12.000000	132.959912	5.617153	6.145408e-01	3.546632e-02	4.500430e+02	4.444070e-02	
20.000000	16.000000	128.744222	7.858458	6.002297e-01	3.049858e-02	4.502333e+02	3.970112e-02	
20.000000	20.000000	128.300302	4.672983	5.911085e-01	2.976485e-02	4.506227e+02	3.968753e-02	
20.000000	24.000000	128.301362	4.623812	6.018407e-01	3.155704e-02	4.506324e+02	4.141512e-02	
20.000000	28.000000	127.945629	4.518260	6.005394e-01	3.390191e-02	4.507449e+02	4.148431e-02	
20.000000	32.000000	132.805608	3.169790	5.189736e-01	3.119366e-02	4.510071e+02	3.383272e-02	
20.000000	36.000000	134.554165	15.606579	5.810436e-01	3.010694e-02	4.510915e+02	3.787217e-02	
20.000000	40.000000	140.806069	4.567932	6.155933e-01	2.590458e-02	4.506877e+02	4.334680e-02	
20.000000	44.000000	147.047108	5.195673	6.050224e-01	3.236650e-02	4.500661e+02	4.059160e-02	
20.000000	48.000000	159.551798	7.714359	5.793562e-01	2.959715e-02	4.480282e+02	3.677241e-02	
20.000000	52.000000	161.075401	1011.686689	7.247827e-01	3.751070e-02	4.437827e+02	4.839965e-02	
20.000000	56.000000	153.298971	8.792430	6.314648e-01	2.946007e-02	4.378311e+02	4.431757e-02	
20.000000	60.000000	140.801729	7.046497	5.771275e-01	2.761891e-02	4.305425e+02	3.962752e-02	
24.000000	0.000000	134.541791	6.038467	6.458063e-01	3.388157e-02	4.265568e+02	4.362038e-02	
24.000000	4.000000	134.551812	5.090635	5.653764e-01	3.074875e-02	4.498617e+02	4.947200e-02	
24.000000	8.000000	134.556623	7.234677	6.974462e-01	4.977957e-02	4.497988e+02	5.405659e-02	
24.000000	12.000000	134.550737	9.324272	7.054119e-01	4.983228e-02	4.497484e+02	5.357193e-02	
24.000000	16.000000	134.538720	4.370435	6.477110e-01	3.210837e-02	4.500810e+02	4.292712e-02	
24.000000	20.000000	132.959113	5.064961	5.842478e-01	3.013792e-02	4.503266e+02	3.994512e-02	
24.000000	24.000000	133.315550	4.091116	6.391881e-01	2.889822e-02	4.504300e+02	4.391277e-02	
24.000000	28.000000	133.886912	3.698883	5.432241e-01	2.609770e-02	4.506795e+02	3.706460e-02	
24.000000	32.000000	134.560894	3.462203	5.933172e-01	2.950015e-02	4.509018e+02	4.078732e-02	
24.000000	36.000000	134.504907	3.715503	5.667773e-01	2.998821e-02	4.510124e+02	3.712693e-02	
24.000000	40.000000	140.801733	5.625588	5.772573e-01	2.637274e-02	4.507040e+02	3.878346e-02	
24.000000	44.000000	147.061873	4.478644	5.615917e-01	3.326515e-02	4.500641e+02	3.833251e-02	
24.000000	48.000000	159.573789	6.921284	5.549141e-01	2.915563e-02	4.482622e+02	3.686011e-02	
24.000000	52.000000	165.805435	7.134967	6.331789e-01	3.072721e-02	4.445499e+02	4.259015e-02	
24.000000	56.000000	157.993098	5.715090	6.511180e-01	3.213439e-02	4.390795e+02	4.465863e-02	
24.000000	60.000000	147.054316	7.691099	5.774145e-01	3.002462e-02	4.320000e+02	3.764803e-02	
28.000000	0.000000	135.090412	5.901686	6.868073e-01	3.518784e-02	4.268849e+02	4.575496e-02	
28.000000	4.000000	139.632342	142.250166	6.345786e-01	3.197392e-02	4.495559e+02	4.222322e-02	
28.000000	8.000000	138.452903	1056.783106	6.026806e-01	2.637721e-02	4.493317e+02	4.097104e-02	
28.000000	12.000000	135.391916	106.814284	6.206948e-01	3.309102e-02	4.495238e+02	4.283734e-02	
28.000000	16.000000	134.555377	5.963684	6.110155e-01	3.056675e-02	4.499528e+02	4.005457e-02	
28.000000	20.000000	134.587290	6.586210	5.636109e-01	2.572839e-02	4.502418e+02	3.801551e-02	
28.000000	24.000000	134.546976	4.147288	5.606476e-01	2.751002e-02	4.503444e+02	3.768822e-02	
28.000000	28.000000	134.572535	6.704582	5.929314e-01	2.950943e-02	4.506789e+02	3.954765e-02	
28.000000	32.000000	134.549862	3.922152	6.209307e-01	3.103928e-02	4.509957e+02	4.076380e-02	
28.000000	36.000000	139.190481	155.565274	6.151202e-01	3.247976e-02	4.507681e+02	4.089202e-02	
28.000000	40.000000	141.244221	6.205130	5.860763e-01	2.552328e-02	4.507391e+02	4.047206e-02	
28.000000	44.000000	151.569203	121.157052	5.631857e-01	2.890961e-02	4.500929e+02	3.920637e-02	
28.000000	48.000000	161.129261	1009.667919	6.206735e-01	3.229257e-02	4.486885e+02	4.141660e-02	
28.000000	52.000000	172.054151	8.096876	7.151172e-01	4.274481e-02	4.451637e+02	4.987538e-02	
28.000000	56.000000	159.763626	8.206245	5.594065e-01	3.073994e-02	4.400843e+02	3.641196e-02	
28.000000	60.000000	151.548981	742.326034	6.264912e-01	3.008159e-02	4.331477e+02	4.180982e-02	
32.000000	0.000000	140.792616	8.178171	6.075223e-01	2.818402e-02	4.265937e+02	4.096246e-02	
32.000000	4.000000	140.802789	7.741410	6.406768e-01	3.064264e-02	4.493515e+02	4.314238e-02	
32.000000	8.000000	140.801944	15.895138	5.888172e-01	2.945464e-02	4.491705e+02	3.866514e-02	
32.000000	12.000000	140.795968	6.194038	5.393679e-01	3.027665e-02	4.490863e+02	3.459109e-02	
32.000000	16.000000	138.452903	1031.851535	6.180789e-01	3.342114e-02	4.496073e+02	4.160128e-02	
32.000000	20.000000	135.131157	5.176464	5.289444e-01	3.141468e-02	4.501881e+02	3.494626e-02	
32.000000	24.000000	134.554160	4.701601	5.496755e-01	2.900367e-02	4.502527e+02	3.644005e-02	
32.000000	28.000000	135.186944	94.802800	5.901166e-01	2.910163e-02	4.505283e+02	4.052450e-02	
32.000000	32.000000	138.775948	927.393695	5.963780e-01	2.706536e-02	4.506396e+02	4.016264e-02	
32.000000	36.000000	140.797331	7.117358	6.194272e-01	2.974788e-02	4.506821e+02	4.140368e-02	
32.000000	40.000000	147.054839	3.342046	5.991783e-01	3.012999e-02	4.507848e+02	3.954964e-02	
32.000000	44.000000	153.303529	4.712566	6.277512e-01	3.123428e-02	4.500303e+02	4.145922e-02	
32.000000	48.000000	165.804217	6.064207	5.633617e-01	2.763003e-02	4.486461e+02	3.790254e-02	
32.000000	52.000000	176.701017	481.627953	7.717628e-01	4.795487e-02	4.456020e+02	5.817178e-02	
32.000000	56.000000	165.802111	8.936414	5.729613e-01	2.612228e-02	4.407005e+02	3.846030e-02	
32.000000	60.000000	154.659971	9.758440	5.935124e-01	2.910966e-02	4.342891e+02	3.945945e-02	
36.000000	0.000000	145.463598	5.874849	6.098607e-01	3.003545e-02	4.271127e+02	4.385632e-02	
36.000000	4.000000	146.340957	6.714099	6.467680e-01	3.370558e-02	4.489989e+02	4.467111e-02	
36.000000	8.000000	145.209228	10.930767	6.127105e-01	3.007423e-02	4.488579e+02	4.040547e-02	
36.000000	12.000000	140.800028	6.622863	5.840717e-01	3.077374e-02	4.490343e+02	3.845418e-02	
36.000000	16.000000	140.801453	17.697297	5.965037e-01	2.552563e-02	4.492689e+02	4.188883e-02	
36.000000	20.000000	140.802493	4.404898	6.277105e-01	3.939238e-02	4.498076e+02	4.509163e-02	
36.000000	24.000000	140.800735	4.414881	5.887124e-01	2.841250e-02	4.498621e+02	4.211225e-02	
36.000000	28.000000	140.800042	3.570880	5.620945e-01	3.165325e-02	4.501703e+02	3.711789e-02	
36.000000	32.000000	140.789009	4.377389	5.275940e-01	2.512960e-02	4.503233e+02	3.576743e-02	
36.000000	36.000000	140.816071	5.224680	5.839843e-01	2.667338e-02	4.506592e+02	3.923579e-02	
36.000000	40.000000	147.049733	6.312755	5.939637e-01	3.003453e-02	4.507939e+02	3.914968e-02	
36.000000	44.000000	153.279450	4.607193	6.266771e-01	3.249811e-02	4.503160e+02	4.182944e-02	
36.000000	48.000000	165.789980	12.792573	5.947544e-01	3.390514e-02	4.490215e+02	4.475868e-02	
36.000000	52.000000	178.301735	9.553306	6.960602e-01	3.862733e-02	4.463369e+02	4.697461e-02	
36.000000	56.000000	172.051680	11.065193	6.497665e-01	4.246109e-02	4.418087e+02	4.787302e-02	
36.000000	60.000000	160.753766	628.832038	6.669990e-01	3.166054e-02	4.358273e+02	4.794591e-02	
40.000000	0.000000	150.355463	1140.912704	6.296336e-01	3.361279e-02	4.281585e+02	4.203610e-02	
40.000000	4.000000	148.557633	196.265906	5.811034e-01	2.785847e-02	4.488043e+02	3.852467e-02	
40.000000	8.000000	147.045846	6.235070	6.069609e-01	2.852943e-02	4.485830e+02	4.050906e-02	
40.000000	12.000000	147.052263	13.090860	5.973186e-01	3.161332e-02	4.486446e+02	4.074848e-02	
40.000000	16.000000	146.030280	5.503769	6.283459e-01	3.067184e-02	4.490915e+02	4.217374e-02	
40.000000	20.000000	141.683699	10.415683	5.846589e-01	2.707111e-02	4.493677e+02	3.929010e-02	
40.000000	24.000000	141.256544	5.428120	6.201942e-01	2.831681e-02	4.497380e+02	4.190636e-02	
40.000000	28.000000	141.434615	5.970835	6.063526e-01	3.229520e-02	4.500101e+02	4.165034e-02	
40.000000	32.000000	143.102950	38.455459	5.710232e-01	3.026863e-02	4.502338e+02	3.777935e-02	
40.000000	36.000000	147.064216	4.366783	5.924758e-01	3.116796e-02	4.506871e+02	3.961944e-02	
40.000000	40.000000	150.591437	1080.451170	5.637444e-01	2.625026e-02	4.505873e+02	3.816821e-02	
40.000000	44.000000	157.996234	5.248773	5.929760e-01	2.784639e-02	4.504048e+02	3.991264e-02	
40.000000	48.000000	167.178687	11.966818	6.264045e-01	2.668453e-02	4.492781e+02	4.937703e-02	
40.000000	52.000000	184.540754	9.332387	6.525034e-01	3.493073e-02	4.469540e+02	4.499893e-02	
40.000000	56.000000	182.917472	6.416360	6.176274e-01	2.916859e-02	4.424680e+02	4.109045e-02	
40.000000	60.000000	170.927139	6.694659	6.106759e-01	3.061048e-02	4.370515e+02	4.001460e-02	
44.000000	0.000000	159.557137	7.010627	6.605468e-01	2.651489e-02	4.294724e+02	4.400383e-02	
44.000000	4.000000	153.302061	6.924922	5.663350e-01	3.080472e-02	4.482823e+02	3.801427e-02	
44.000000	8.000000	153.293017	14.029171	6.211416e-01	3.657674e-02	4.479105e+02	5.556354e-02	
44.000000	12.000000	152.498319	6.699590	6.074566e-01	3.225251e-02	4.481524e+02	4.028503e-02	
44.000000	16.000000	148.384829	127.405524	6.197169e-01	2.906311e-02	4.488339e+02	4.220899e-02	
44.000000	20.000000	147.050429	9.994082	5.968054e-01	3.260984e-02	4.491533e+02	3.975703e-02	
44.000000	24.000000	147.051943	25.018756	5.990792e-01	3.078302e-02	4.494577e+02	4.057759e-02	
44.000000	28.000000	147.054159	24.413389	6.165446e-01	2.739384e-02	4.496252e+02	4.149490e-02	
44.000000	32.000000	147.077133	23.049606	5.714647e-01	2.986401e-02	4.498346e+02	3.738258e-02	
44.000000	36.000000	147.695555	127.046540	5.555000e-01	2.853766e-02	4.502952e+02	3.712991e-02	
44.000000	40.000000	153.301143	6.740342	6.140839e-01	3.153269e-02	4.504051e+02	4.125795e-02	
44.000000	44.000000	159.576820	5.993433	6.035537e-01	3.319467e-02	4.503143e+02	4.057458e-02	
44.000000	48.000000	172.052144	7.663467	6.149315e-01	2.826412e-02	4.492567e+02	4.137885e-02	
44.000000	52.000000	186.432682	1057.213472	6.420565e-01	3.039642e-02	4.472422e+02	4.288744e-02	
44.000000	56.000000	190.800059	8.071733	6.939872e-01	3.973769e-02	4.434105e+02	4.713562e-02	
44.000000	60.000000	178.295682	7.189296	5.311581e-01	3.137691e-02	4.381818e+02	3.492078e-02	
48.000000	0.000000	165.805969	7.349788	6.035459e-01	2.890850e-02	4.308658e+02	4.084259e-02	
48.000000	4.000000	160.062165	7.861006	6.457548e-01	2.963492e-02	4.475464e+02	4.436556e-02	
48.000000	8.000000	159.553182	18.875416	6.049116e-01	2.562963e-02	4.477158e+02	4.271267e-02	
48.000000	12.000000	158.352996	10.061900	6.436833e-01	2.671413e-02	4.476425e+02	4.670415e-02	
48.000000	16.000000	154.806134	7.669920	5.642333e-01	2.586143e-02	4.482631e+02	3.787206e-02	
48.000000	20.000000	153.298630	20.763359	6.270121e-01	3.507454e-02	4.486822e+02	4.184812e-02	
48.000000	24.000000	153.295183	5.907347	5.738889e-01	3.376233e-02	4.491045e+02	3.906775e-02	
48.000000	28.000000	153.336377	5.765821	6.531764e-01	2.947200e-02	4.493385e+02	4.376566e-02	
48.000000	32.000000	153.288729	5.510510	6.600611e-01	4.101468e-02	4.497012e+02	4.719976e-02	
48.000000	36.000000	153.311250	6.335981	5.561326e-01	3.036078e-02	4.502251e+02	3.754514e-02	
48.000000	40.000000	158.686409	5.293291	5.670836e-01	2.706429e-02	4.503919e+02	3.880528e-02	
48.000000	44.000000	165.804166	5.569433	5.721786e-01	2.836150e-02	4.503539e+02	3.842256e-02	
48.000000	48.000000	173.291160	307.979751	6.017991e-01	2.557729e-02	4.497288e+02	4.281896e-02	
48.000000	52.000000	190.807832	11.324668	6.524182e-01	3.841806e-02	4.479076e+02	5.853001e-02	
48.000000	56.000000	203.314921	13.744294	6.691758e-01	3.234015e-02	4.444785e+02	4.671536e-02	
48.000000	60.000000	190.798303	10.437318	6.363929e-01	2.823498e-02	4.397532e+02	4.504434e-02	
52.000000	0.000000	178.308092	9.048238	6.459043e-01	3.349058e-02	4.331273e+02	4.295750e-02	
52.000000	4.000000	171.371746	19.955113	6.316601e-01	2.956364e-02	4.468351e+02	4.466555e-02	
52.000000	8.000000	170.209225	18.388572	6.789013e-01	3.245809e-02	4.465922e+02	4.687857e-02	
52.000000	12.000000	166.590791	9.353887	6.628538e-01	3.128868e-02	4.467987e+02	4.487709e-02	
52.000000	16.000000	164.829854	36.540228	7.284480e-01	3.927372e-02	4.474045e+02	5.064216e-02	
52.000000	20.000000	160.909971	630.206539	6.058358e-01	3.377662e-02	4.481424e+02	4.085006e-02	
52.000000	24.000000	159.555580	5.028096	5.765342e-01	2.744593e-02	4.485329e+02	3.950662e-02	
52.000000	28.000000	159.555659	33.125992	6.348080e-01	3.146015e-02	4.489566e+02	4.201915e-02	
52.000000	32.000000	159.547004	35.866023	6.101682e-01	3.158498e-02	4.494764e+02	4.191725e-02	
52.000000	36.000000	159.554839	6.563732	5.799583e-01	3.358911e-02	4.500005e+02	4.226242e-02	
52.000000	40.000000	164.044162	122.115599	5.267231e-01	3.096309e-02	4.501207e+02	3.381526e-02	
52.000000	44.000000	170.463747	6.091272	5.592499e-01	2.600671e-02	4.502359e+02	3.764179e-02	
52.000000	48.000000	178.529788	7.454895	5.810333e-01	2.652365e-02	4.496685e+02	3.902408e-02	
52.000000	52.000000	197.058919	7.471391	6.262949e-01	3.398750e-02	4.485051e+02	4.244878e-02	
52.000000	56.000000	215.792351	11.405595	6.936477e-01	3.022225e-02	4.453983e+02	4.588386e-02	
52.000000	60.000000	204.757202	14.483617	6.470259e-01	3.044930e-02	4.412549e+02	4.360494e-02	
56.000000	0.000000	190.801293	8.275387	6.599341e-01	3.346086e-02	4.351226e+02	4.355592e-02	
56.000000	4.000000	191.186751	29.535600	6.385996e-01	2.858611e-02	4.457716e+02	4.707191e-02	
56.000000	8.000000	189.045746	160.878240	7.132766e-01	4.417989e-02	4.453782e+02	5.129863e-02	
56.000000	12.000000	185.844817	433.906659	6.261961e-01	3.019564e-02	4.458613e+02	4.578766e-02	
56.000000	16.000000	181.605463	39.179273	6.453237e-01	2.760908e-02	4.465421e+02	4.293532e-02	
56.000000	20.000000	177.336083	110.756324	6.214820e-01	3.372025e-02	4.471546e+02	4.164320e-02	
56.000000	24.000000	175.197726	1007.114092	5.947241e-01	2.793618e-02	4.477980e+02	4.945530e-02	
56.000000	28.000000	172.847650	6.256779	6.375506e-01	2.931297e-02	4.485573e+02	4.354615e-02	
56.000000	32.000000	172.052544	36.110579	6.375704e-01	3.469093e-02	4.488881e+02	4.324032e-02	
56.000000	36.000000	172.055495	37.342628	6.579925e-01	3.860425e-02	4.494756e+02	4.592856e-02	
56.000000	40.000000	173.295329	100.679459	6.221724e-01	3.364600e-02	4.495902e+02	4.293026e-02	
56.000000	44.000000	178.307836	33.589090	5.625717e-01	3.659425e-02	4.498826e+02	5.822516e-02	
56.000000	48.000000	189.048980	631.732821	6.395136e-01	2.691001e-02	4.496300e+02	4.522905e-02	
56.000000	52.000000	203.222303	16.493054	6.390772e-01	3.178466e-02	4.487067e+02	4.263354e-02	
56.000000	56.000000	227.606440	10.994904	6.395402e-01	3.171704e-02	4.464160e+02	4.247991e-02	
56.000000	60.000000	229.993765	17.240069	7.500335e-01	5.804798e-02	4.427187e+02	5.867119e-02	
60.000000	0.000000	215.805374	11.627230	6.023760e-01	2.609719e-02	4.377509e+02	4.459767e-02	
60.000000	4.000000	277.818927	257.525934	6.559578e-01	3.799975e-02	4.443970e+02	4.431987e-02	
60.000000	8.000000	271.111500	178.458638	6.549558e-01	3.287648e-02	4.442374e+02	4.346248e-02	
60.000000	12.000000	262.489250	872.380246	6.372988e-01	2.857005e-02	4.445000e+02	4.234746e-02	
60.000000	16.000000	251.266654	739.218594	6.660539e-01	3.176345e-02	4.453012e+02	4.514732e-02	
60.000000	20.000000	240.593103	237.435476	6.195989e-01	3.069944e-02	4.461594e+02	4.085609e-02	
60.000000	24.000000	231.195049	110.978141	6.507669e-01	3.256086e-02	4.470393e+02	4.302351e-02	
60.000000	28.000000	222.452104	531.398751	6.829477e-01	3.130780e-02	4.475920e+02	4.522499e-02	
60.000000	32.000000	212.649705	977.906587	5.985351e-01	3.863040e-02	4.480788e+02	4.524739e-02	
60.000000	36.000000	204.550259	33.430576	6.469418e-01	2.763959e-02	4.484748e+02	4.292901e-02	
60.000000	40.000000	201.679020	778.940237	5.770354e-01	3.013070e-02	4.489957e+02	3.770367e-02	
60.000000	44.000000	201.631153	437.935797	6.615446e-01	3.418518e-02	4.492380e+02	4.408507e-02	
60.000000	48.000000	208.794408	8.292191	6.041207e-01	2.779034e-02	4.492210e+02	4.073683e-02	
60.000000	52.000000	221.237580	24.902861	6.043643e-01	2.993630e-02	4.486694e+02	4.033627e-02	
60.000000	56.000000	245.449741	25.230031	6.422990e-01	3.252826e-02	4.469606e+02	4.264609e-02	
60.000000	60.000000	273.458906	888.858173	6.586597e-01	3.697752e-02	4.444343e+02	4.452613e-02	
0.000000	0.000000	267.513599	31.674325	5.727993e-01	3.276418e-02	4.402422e+02	3.841005e-02	
