0.000000	4.000000	119.267546	884.684683	6.062838e-01	3.270432e-02	4.371140e+02	4.049470e-02	
0.000000	8.000000	127.938716	871.848711	6.102987e-01	3.418653e-02	4.366920e+02	4.186277e-02	
0.000000	12.000000	123.313225	1084.434063	5.918940e-01	2.720220e-02	4.366314e+02	3.980418e-02	
0.000000	16.000000	108.557032	114.090424	6.833125e-01	2.817929e-02	4.365502e+02	4.516241e-02	
0.000000	20.000000	107.480346	5.651158	5.869595e-01	2.542110e-02	4.367457e+02	4.081005e-02	
0.000000	24.000000	92.547933	3.696587	5.880360e-01	3.692770e-02	4.371840e+02	4.110654e-02	
0.000000	28.000000	100.438088	6.810095	5.619798e-01	2.812346e-02	4.377026e+02	3.746683e-02	
0.000000	32.000000	95.126402	4.024544	6.338102e-01	3.135438e-02	4.379461e+02	4.169410e-02	
0.000000	36.000000	97.669006	130.108254	6.943603e-01	3.553438e-02	4.379278e+02	4.918003e-02	
0.000000	40.000000	100.725562	3.250235	6.111526e-01	3.118189e-02	4.379869e+02	4.048937e-02	
0.000000	44.000000	106.482456	5.282435	7.016209e-01	3.599921e-02	4.378723e+02	5.317877e-02	
0.000000	48.000000	112.207981	3.309442	6.083075e-01	3.013765e-02	4.374547e+02	4.067569e-02	
0.000000	52.000000	123.527995	6.054550	6.681238e-01	3.893251e-02	4.344249e+02	4.446994e-02	
0.000000	56.000000	131.208844	803.508886	6.480728e-01	3.152710e-02	4.278427e+02	4.313587e-02	
0.000000	60.000000	108.673385	983.555959	6.524258e-01	2.842151e-02	4.175725e+02	4.553792e-02	
4.000000	0.000000	85.620140	5.175476	6.508871e-01	2.928353e-02	4.096884e+02	4.486269e-02	
4.000000	4.000000	106.482456	5.238760	6.084973e-01	3.099940e-02	4.371179e+02	3.991530e-02	
4.000000	8.000000	97.808111	4.561329	6.524122e-01	3.075516e-02	4.366420e+02	4.427434e-02	
4.000000	12.000000	115.800643	4.900630	6.081806e-01	2.974635e-02	4.363224e+02	4.048443e-02	
4.000000	16.000000	119.834227	4.721249	6.872896e-01	3.016648e-02	4.363117e+02	4.624620e-02	
4.000000	20.000000	120.340032	54.319718	6.615852e-01	3.907417e-02	4.365097e+02	4.614280e-02	
4.000000	24.000000	108.249731	7.163662	5.752701e-01	3.059242e-02	4.370173e+02	3.790797e-02	
4.000000	28.000000	109.503477	3.582572	6.581968e-01	2.813416e-02	4.375817e+02	4.683727e-02	
4.000000	32.000000	109.486663	3.658457	6.071350e-01	2.759764e-02	4.377975e+02	4.171947e-02	
4.000000	36.000000	95.094109	3.190833	6.472034e-01	3.086898e-02	4.378274e+02	4.369733e-02	
4.000000	40.000000	115.457239	165.736555	5.702151e-01	2.844696e-02	4.378892e+02	3.957691e-02	
4.000000	44.000000	103.255702	3.271123	6.498465e-01	3.063766e-02	4.378384e+02	4.488617e-02	
4.000000	48.000000	122.054886	3.792327	7.116999e-01	3.377701e-02	4.372912e+02	5.001240e-02	
4.000000	52.000000	134.555997	3.785490	7.077209e-01	3.445971e-02	4.348154e+02	4.700433e-02	
4.000000	56.000000	109.463019	3.938265	6.336355e-01	3.481773e-02	4.287685e+02	4.212508e-02	
4.000000	60.000000	103.255700	5.258658	6.942287e-01	3.474505e-02	4.189127e+02	4.792639e-02	
8.000000	0.000000	94.984351	4.351707	6.572524e-01	3.213696e-02	4.099027e+02	4.478189e-02	
8.000000	4.000000	115.804153	10.196102	5.702054e-01	3.238751e-02	4.369715e+02	4.164685e-02	
8.000000	8.000000	100.504074	10.478348	5.937966e-01	3.023238e-02	4.364988e+02	4.028761e-02	
8.000000	12.000000	106.466762	10.931918	6.092552e-01	2.911277e-02	4.362903e+02	4.061707e-02	
8.000000	16.000000	99.973883	8.433614	5.688866e-01	4.032752e-02	4.360728e+02	4.468944e-02	
8.000000	20.000000	103.255701	6.323330	5.474184e-01	3.179656e-02	4.362013e+02	3.632943e-02	
8.000000	24.000000	118.663551	56.387479	6.464448e-01	3.162247e-02	4.368980e+02	4.499562e-02	
8.000000	28.000000	108.917129	59.838000	6.560280e-01	3.055764e-02	4.375211e+02	4.358891e-02	
8.000000	32.000000	108.892801	4.179769	5.688993e-01	2.963036e-02	4.378567e+02	3.707719e-02	
8.000000	36.000000	110.919310	70.803369	6.175837e-01	3.027408e-02	4.378446e+02	4.077587e-02	
8.000000	40.000000	109.598041	2.943246	6.314648e-01	2.946007e-02	4.378311e+02	4.431757e-02	
8.000000	44.000000	103.255677	3.681895	5.937750e-01	2.994215e-02	4.379597e+02	3.881748e-02	
8.000000	48.000000	121.754475	871.581878	7.222218e-01	3.644127e-02	4.374204e+02	5.081431e-02	
8.000000	52.000000	116.733917	6.591325	6.342345e-01	2.929540e-02	4.352828e+02	4.301306e-02	
8.000000	56.000000	134.002199	3.592274	6.140188e-01	2.601648e-02	4.296904e+02	4.281323e-02	
8.000000	60.000000	109.403745	5.831999	6.296215e-01	3.533936e-02	4.202015e+02	4.252824e-02	
12.000000	0.000000	101.146286	5.927100	6.208339e-01	2.996198e-02	4.101386e+02	4.130514e-02	
12.000000	4.000000	86.994774	7.116416	6.212247e-01	3.276921e-02	4.369883e+02	4.346665e-02	
12.000000	8.000000	96.952292	5.561206	6.472791e-01	2.806266e-02	4.364128e+02	4.517165e-02	
12.000000	12.000000	106.482456	6.082935	5.909625e-01	3.009914e-02	4.362118e+02	3.888681e-02	
12.000000	16.000000	106.466771	4.963751	6.356909e-01	3.049686e-02	4.361743e+02	4.240840e-02	
12.000000	20.000000	98.429273	6.282519	5.984066e-01	2.769291e-02	4.361719e+02	4.168272e-02	
12.000000	24.000000	99.547211	4.777078	7.010015e-01	3.374485e-02	4.363572e+02	4.882015e-02	
12.000000	28.000000	115.994596	2.921665	6.148290e-01	3.057927e-02	4.370582e+02	4.134473e-02	
12.000000	32.000000	120.147592	65.790661	6.158020e-01	3.172567e-02	4.374451e+02	4.102636e-02	
12.000000	36.000000	115.269974	120.876832	6.541559e-01	2.944064e-02	4.375478e+02	4.542038e-02	
12.000000	40.000000	99.908338	3.510122	6.420070e-01	3.388648e-02	4.374327e+02	4.264118e-02	
12.000000	44.000000	118.750000	138.072613	6.926873e-01	3.180293e-02	4.377218e+02	5.060321e-02	
12.000000	48.000000	117.990614	3.589639	6.309254e-01	3.340337e-02	4.372695e+02	4.199032e-02	
12.000000	52.000000	130.048378	1166.743712	6.367699e-01	2.964510e-02	4.351744e+02	4.511333e-02	
12.000000	56.000000	116.773790	3.564495	6.828007e-01	3.528565e-02	4.304909e+02	4.526217e-02	
12.000000	60.000000	122.050060	4.379693	6.006890e-01	3.182194e-02	4.214022e+02	4.025485e-02	
16.000000	0.000000	97.692883	5.430484	6.318147e-01	3.872389e-02	4.107313e+02	4.347490e-02	
16.000000	4.000000	121.926601	5.356621	5.883309e-01	2.810086e-02	4.368565e+02	4.147855e-02	
16.000000	8.000000	120.324311	4.677315	6.528290e-01	4.205419e-02	4.362318e+02	4.717540e-02	
16.000000	12.000000	125.761338	5.662977	6.054583e-01	3.316235e-02	4.361807e+02	4.045461e-02	
16.000000	16.000000	125.426429	16.012559	6.159262e-01	3.055687e-02	4.360849e+02	4.295610e-02	
16.000000	20.000000	115.493306	8.692620	6.750409e-01	3.577838e-02	4.359280e+02	4.581625e-02	
16.000000	24.000000	106.438471	5.004929	5.967956e-01	2.589726e-02	4.367187e+02	4.129250e-02	
16.000000	28.000000	109.664678	5.519912	6.471041e-01	3.241778e-02	4.369320e+02	4.442428e-02	
16.000000	32.000000	107.189189	3.725933	6.534150e-01	2.695808e-02	4.374716e+02	4.330606e-02	
16.000000	36.000000	96.969455	5.030457	6.676881e-01	3.702993e-02	4.375112e+02	4.556890e-02	
16.000000	40.000000	103.230418	4.316727	6.618357e-01	3.150701e-02	4.378369e+02	4.750072e-02	
16.000000	44.000000	103.989354	3.013221	5.527861e-01	3.023024e-02	4.378437e+02	3.601587e-02	
16.000000	48.000000	113.895103	3.932462	6.032379e-01	2.567399e-02	4.372913e+02	4.207411e-02	
16.000000	52.000000	125.506967	5.072428	6.531027e-01	3.276753e-02	4.353267e+02	4.367285e-02	
16.000000	56.000000	140.805431	5.350052	6.570326e-01	3.598396e-02	4.310449e+02	4.614834e-02	
16.000000	60.000000	133.878802	5.492555	6.432651e-01	2.792538e-02	4.224070e+02	4.471018e-02	
20.000000	0.000000	97.251352	5.601868	6.310201e-01	2.830991e-02	4.115527e+02	4.191451e-02	
20.000000	4.000000	111.983508	9.598942	6.272919e-01	2.650280e-02	4.366498e+02	4.327797e-02	
20.000000	8.000000	122.055498	6.470419	6.231269e-01	3.205000e-02	4.361608e+02	4.120240e-02	
20.000000	12.000000	112.224537	6.036215	6.175471e-01	2.775199e-02	4.357863e+02	4.309478e-02	
20.000000	16.000000	112.120748	5.404401	6.118139e-01	2.974364e-02	4.356827e+02	4.082137e-02	
20.000000	20.000000	126.314520	4.543863	5.696320e-01	2.928961e-02	4.358469e+02	4.750604e-02	
20.000000	24.000000	115.115296	21.275773	5.697068e-01	3.127986e-02	4.362772e+02	3.824625e-02	
20.000000	28.000000	115.804196	4.532979	6.103263e-01	2.975807e-02	4.369030e+02	4.099990e-02	
20.000000	32.000000	115.804967	4.648550	6.425482e-01	3.184572e-02	4.370411e+02	4.229293e-02	
20.000000	36.000000	105.857109	4.597857	5.608530e-01	2.597637e-02	4.372895e+02	3.746370e-02	
20.000000	40.000000	109.546575	8.662878	5.946671e-01	2.805457e-02	4.374140e+02	4.004422e-02	
20.000000	44.000000	105.914023	5.142950	6.237212e-01	2.782229e-02	4.375977e+02	4.180503e-02	
20.000000	48.000000	108.666139	10.979252	6.213996e-01	2.868841e-02	4.372791e+02	4.178710e-02	
20.000000	52.000000	129.431598	6.381930	6.751458e-01	3.159460e-02	4.353972e+02	4.527862e-02	
20.000000	56.000000	140.320588	9.336252	6.536711e-01	3.427696e-02	4.318105e+02	4.354047e-02	
20.000000	60.000000	117.949189	5.556678	6.650383e-01	3.662569e-02	4.238340e+02	4.497708e-02	
24.000000	0.000000	106.482456	6.381118	7.230258e-01	3.152402e-02	4.123366e+02	4.781420e-02	
24.000000	4.000000	117.293517	5.853757	6.626923e-01	3.988869e-02	4.363211e+02	4.498514e-02	
24.000000	8.000000	93.422725	4.539759	6.551383e-01	2.889748e-02	4.357057e+02	4.615973e-02	
24.000000	12.000000	107.335338	5.161346	6.088863e-01	3.221789e-02	4.357759e+02	4.037153e-02	
24.000000	16.000000	106.690665	4.973186	6.149287e-01	2.775499e-02	4.357711e+02	4.195842e-02	
24.000000	20.000000	105.914023	11.234365	5.769126e-01	3.144422e-02	4.359111e+02	4.527465e-02	
24.000000	24.000000	90.773241	3.833747	6.204083e-01	2.816500e-02	4.362589e+02	4.191061e-02	
24.000000	28.000000	119.903886	28.847612	6.447784e-01	3.384151e-02	4.367263e+02	4.266819e-02	
24.000000	32.000000	114.998599	6.610831	5.838266e-01	3.243467e-02	4.371313e+02	3.888553e-02	
24.000000	36.000000	112.138351	28.411526	5.914122e-01	3.103906e-02	4.372845e+02	3.940918e-02	
24.000000	40.000000	126.014088	3.997181	6.674774e-01	3.426858e-02	4.374388e+02	4.636640e-02	
24.000000	44.000000	122.054415	2.936596	6.299024e-01	2.926412e-02	4.378152e+02	4.312642e-02	
24.000000	48.000000	116.735467	3.608733	6.259055e-01	3.725117e-02	4.372716e+02	4.366525e-02	
24.000000	52.000000	131.056232	6.031595	6.345200e-01	3.147514e-02	4.359268e+02	4.213715e-02	
24.000000	56.000000	135.172816	4.022137	6.491513e-01	3.100400e-02	4.325201e+02	4.313865e-02	
24.000000	60.000000	134.548005	6.474767	6.553448e-01	3.234707e-02	4.251884e+02	4.357993e-02	
28.000000	0.000000	122.323905	4.831155	6.139189e-01	3.007300e-02	4.141377e+02	4.051055e-02	
28.000000	4.000000	114.381334	5.811746	6.133267e-01	2.774171e-02	4.362004e+02	4.302559e-02	
28.000000	8.000000	114.381334	5.682443	6.234346e-01	3.171065e-02	4.354121e+02	4.133071e-02	
28.000000	12.000000	126.735672	620.854057	6.209789e-01	3.348485e-02	4.350456e+02	4.262765e-02	
28.000000	16.000000	132.196810	995.396620	6.670164e-01	3.138709e-02	4.352147e+02	4.548381e-02	
28.000000	20.000000	123.160028	205.250590	6.521914e-01	3.288551e-02	4.354696e+02	4.481206e-02	
28.000000	24.000000	112.207981	4.977012	6.619693e-01	3.300558e-02	4.359168e+02	4.384089e-02	
28.000000	28.000000	102.164920	5.361117	6.234515e-01	3.609208e-02	4.362807e+02	4.356926e-02	
28.000000	32.000000	109.586177	3.912565	6.440563e-01	3.210923e-02	4.370218e+02	4.249635e-02	
28.000000	36.000000	122.078681	3.220262	6.633319e-01	3.320935e-02	4.370633e+02	4.384629e-02	
28.000000	40.000000	110.819436	5.960592	5.832953e-01	2.867420e-02	4.374455e+02	3.965824e-02	
28.000000	44.000000	121.763086	1093.644953	6.749134e-01	3.847251e-02	4.375360e+02	4.644568e-02	
28.000000	48.000000	132.295000	14.525431	6.479190e-01	3.345480e-02	4.374293e+02	4.374383e-02	
28.000000	52.000000	140.805657	5.373538	6.257546e-01	3.357818e-02	4.359870e+02	4.477023e-02	
28.000000	56.000000	133.858145	5.339099	6.465192e-01	3.147771e-02	4.328937e+02	4.469797e-02	
28.000000	60.000000	127.308522	5.398530	6.479958e-01	3.472590e-02	4.260066e+02	4.544735e-02	
32.000000	0.000000	106.051744	4.907305	6.143195e-01	3.305880e-02	4.155438e+02	4.175629e-02	
32.000000	4.000000	110.249493	8.601253	6.289489e-01	3.106117e-02	4.358033e+02	4.154334e-02	
32.000000	8.000000	118.508204	10.131136	6.834013e-01	3.438493e-02	4.351651e+02	4.546876e-02	
32.000000	12.000000	108.222334	14.400676	6.012010e-01	3.082398e-02	4.349443e+02	3.944158e-02	
32.000000	16.000000	117.949190	10.030653	7.282224e-01	3.767491e-02	4.348651e+02	4.901117e-02	
32.000000	20.000000	111.615010	4.825409	6.056762e-01	3.011186e-02	4.351373e+02	3.980651e-02	
32.000000	24.000000	135.749382	165.442553	6.327082e-01	2.774898e-02	4.355780e+02	4.224454e-02	
32.000000	28.000000	103.121304	4.102509	6.455235e-01	3.278838e-02	4.364781e+02	4.305913e-02	
32.000000	32.000000	111.990310	4.670704	6.339549e-01	3.029214e-02	4.368704e+02	4.365927e-02	
32.000000	36.000000	108.791821	4.735092	5.841441e-01	3.513618e-02	4.370639e+02	4.166354e-02	
32.000000	40.000000	115.042047	3.972030	5.876649e-01	2.541310e-02	4.372506e+02	4.109692e-02	
32.000000	44.000000	114.353242	4.026379	6.005512e-01	3.349109e-02	4.371288e+02	4.047685e-02	
32.000000	48.000000	119.634835	2.913071	6.247314e-01	3.474097e-02	4.373370e+02	4.194953e-02	
32.000000	52.000000	145.438959	6.698457	6.935533e-01	3.657388e-02	4.358512e+02	4.635086e-02	
32.000000	56.000000	154.539690	8.420557	6.236659e-01	2.665809e-02	4.333573e+02	4.249585e-02	
32.000000	60.000000	140.030704	8.790206	6.690338e-01	4.167753e-02	4.270090e+02	5.407527e-02	
36.000000	0.000000	95.271560	4.711395	6.153134e-01	3.253750e-02	4.170230e+02	4.194684e-02	
36.000000	4.000000	138.494444	7.716576	6.086451e-01	2.791220e-02	4.352111e+02	4.149581e-02	
36.000000	8.000000	139.545850	12.027068	6.081310e-01	4.502927e-02	4.348964e+02	7.273219e-02	
36.000000	12.000000	138.506878	11.174407	6.312734e-01	3.229401e-02	4.345948e+02	4.242851e-02	
36.000000	16.000000	122.595741	10.410756	6.389021e-01	2.833083e-02	4.345130e+02	4.236639e-02	
36.000000	20.000000	108.328458	5.637134	6.169908e-01	2.821068e-02	4.347993e+02	4.371047e-02	
36.000000	24.000000	107.377547	14.589810	6.196869e-01	3.105076e-02	4.350388e+02	4.068392e-02	
36.000000	28.000000	128.299029	4.504050	6.239277e-01	3.382459e-02	4.357168e+02	4.174235e-02	
36.000000	32.000000	126.300921	340.662510	6.412058e-01	3.121754e-02	4.363986e+02	4.238944e-02	
36.000000	36.000000	130.584532	946.675330	6.275423e-01	2.902192e-02	4.367018e+02	4.214454e-02	
36.000000	40.000000	111.331791	3.379598	6.340745e-01	2.853390e-02	4.367813e+02	4.676872e-02	
36.000000	44.000000	110.189379	3.966216	6.177908e-01	2.898643e-02	4.371754e+02	4.153094e-02	
36.000000	48.000000	113.647230	6.066777	6.369896e-01	3.697687e-02	4.371226e+02	4.450749e-02	
36.000000	52.000000	135.192860	4.363227	6.644949e-01	2.991812e-02	4.364173e+02	4.386548e-02	
36.000000	56.000000	159.557899	5.544063	6.292931e-01	2.653921e-02	4.336403e+02	4.315215e-02	
36.000000	60.000000	148.798089	1066.266115	6.306341e-01	3.333967e-02	4.286505e+02	4.214633e-02	
40.000000	0.000000	123.690399	5.853440	6.135972e-01	3.273720e-02	4.191226e+02	4.089469e-02	
40.000000	4.000000	119.914651	6.705466	6.172975e-01	3.227036e-02	4.354358e+02	4.199167e-02	
40.000000	8.000000	115.112734	9.758290	6.354411e-01	3.336935e-02	4.345568e+02	4.276197e-02	
40.000000	12.000000	112.181383	11.607766	6.190346e-01	3.424435e-02	4.346496e+02	4.237881e-02	
40.000000	16.000000	134.605351	10.310407	6.330362e-01	3.189451e-02	4.345556e+02	4.203867e-02	
40.000000	20.000000	134.545144	5.154873	6.288266e-01	3.125628e-02	4.345055e+02	4.190971e-02	
40.000000	24.000000	139.557124	5.943123	6.319177e-01	3.222205e-02	4.349369e+02	4.503868e-02	
40.000000	28.000000	111.361942	4.724626	6.397806e-01	2.682015e-02	4.356044e+02	4.337630e-02	
40.000000	32.000000	107.396616	48.977085	5.635442e-01	2.911523e-02	4.359356e+02	3.685001e-02	
40.000000	36.000000	111.361943	22.306432	6.411856e-01	3.084144e-02	4.361567e+02	4.837640e-02	
40.000000	40.000000	113.414012	3.964857	6.519349e-01	2.908594e-02	4.366775e+02	4.388684e-02	
40.000000	44.000000	141.265092	3.462791	6.915405e-01	3.387922e-02	4.371885e+02	4.666673e-02	
40.000000	48.000000	139.467558	1113.453125	6.396125e-01	3.259894e-02	4.371878e+02	4.238915e-02	
40.000000	52.000000	135.192860	4.118955	7.288329e-01	3.117397e-02	4.365679e+02	4.821155e-02	
40.000000	56.000000	142.173138	6.425272	6.560723e-01	3.756784e-02	4.344587e+02	4.444952e-02	
40.000000	60.000000	164.173606	4.852770	6.221917e-01	3.130684e-02	4.298388e+02	5.202308e-02	
44.000000	0.000000	107.302653	5.669364	6.114704e-01	2.794521e-02	4.206042e+02	4.081078e-02	
44.000000	4.000000	121.525422	8.259175	6.153866e-01	3.152211e-02	4.344643e+02	4.093737e-02	
44.000000	8.000000	140.805108	7.225759	6.019050e-01	3.041805e-02	4.339288e+02	3.941864e-02	
44.000000	12.000000	125.476065	6.130254	5.888510e-01	2.891717e-02	4.338638e+02	3.880815e-02	
44.000000	16.000000	143.345225	6.379944	6.478295e-01	3.211294e-02	4.338395e+02	5.004472e-02	
44.000000	20.000000	138.063632	1088.143828	6.560737e-01	3.316083e-02	4.340710e+02	4.653858e-02	
44.000000	24.000000	120.710598	5.371229	6.285124e-01	3.092413e-02	4.346409e+02	4.212125e-02	
44.000000	28.000000	134.556357	5.333065	6.236315e-01	3.406873e-02	4.353830e+02	4.268715e-02	
44.000000	32.000000	140.767881	4.348084	6.220210e-01	3.126399e-02	4.358049e+02	4.111591e-02	
44.000000	36.000000	141.178177	5.399369	6.407463e-01	2.669805e-02	4.363638e+02	4.565512e-02	
44.000000	40.000000	134.544188	2.937213	6.282547e-01	2.608372e-02	4.366729e+02	4.503310e-02	
44.000000	44.000000	115.281762	5.232710	6.116264e-01	3.079692e-02	4.371740e+02	4.022715e-02	
44.000000	48.000000	129.450779	14.929628	5.604861e-01	2.665456e-02	4.371651e+02	4.104958e-02	
44.000000	52.000000	153.308750	4.372445	6.467126e-01	2.677012e-02	4.366362e+02	4.695802e-02	
44.000000	56.000000	152.419097	6.290596	6.073759e-01	3.153812e-02	4.349423e+02	4.351522e-02	
44.000000	60.000000	132.180150	11.021934	7.282983e-01	3.654645e-02	4.305945e+02	4.832634e-02	
48.000000	0.000000	145.676174	31.095462	6.138038e-01	3.598427e-02	4.231163e+02	4.289878e-02	
48.000000	4.000000	123.037359	6.310422	6.505306e-01	3.159355e-02	4.342246e+02	4.331284e-02	
48.000000	8.000000	127.597480	8.154995	6.503846e-01	3.110378e-02	4.335606e+02	4.305960e-02	
48.000000	12.000000	131.069782	6.074785	6.471232e-01	3.361984e-02	4.335525e+02	4.428613e-02	
48.000000	16.000000	146.004250	6.336762	6.187047e-01	3.324655e-02	4.334466e+02	4.116700e-02	
48.000000	20.000000	147.825457	21.295432	6.262263e-01	3.216183e-02	4.335363e+02	4.248075e-02	
48.000000	24.000000	122.185632	6.601235	6.734561e-01	3.584152e-02	4.342377e+02	4.459073e-02	
48.000000	28.000000	129.431602	4.917920	6.106760e-01	3.061061e-02	4.349485e+02	4.001473e-02	
48.000000	32.000000	133.790003	880.429259	6.575579e-01	3.856372e-02	4.355341e+02	4.590198e-02	
48.000000	36.000000	135.756298	73.730254	6.025698e-01	2.986701e-02	4.362064e+02	3.977111e-02	
48.000000	40.000000	133.359594	134.754248	6.386571e-01	2.814368e-02	4.364139e+02	4.388243e-02	
48.000000	44.000000	122.185588	3.877743	5.720450e-01	3.302761e-02	4.368063e+02	3.888807e-02	
48.000000	48.000000	155.746138	4.154977	6.038191e-01	2.960635e-02	4.368908e+02	4.250183e-02	
48.000000	52.000000	145.975444	5.954166	6.221873e-01	2.616752e-02	4.366692e+02	4.372376e-02	
48.000000	56.000000	155.734274	7.520688	6.686665e-01	4.035073e-02	4.355246e+02	4.690800e-02	
48.000000	60.000000	178.300035	8.368400	6.446582e-01	3.152172e-02	4.319082e+02	4.305505e-02	
52.000000	0.000000	146.677008	5.757239	5.977798e-01	2.961182e-02	4.251943e+02	3.930657e-02	
52.000000	4.000000	145.946341	11.218317	6.297572e-01	3.279277e-02	4.333253e+02	4.207341e-02	
52.000000	8.000000	129.370133	9.721251	6.155327e-01	3.035277e-02	4.328390e+02	4.049923e-02	
52.000000	12.000000	140.809481	10.425353	6.119543e-01	3.244901e-02	4.323871e+02	4.203145e-02	
52.000000	16.000000	132.417373	14.898988	6.200363e-01	3.103318e-02	4.329409e+02	4.079129e-02	
52.000000	20.000000	134.601554	8.743713	6.040815e-01	2.597873e-02	4.327532e+02	4.550821e-02	
52.000000	24.000000	141.777997	246.933768	6.348843e-01	3.009746e-02	4.334544e+02	4.251207e-02	
52.000000	28.000000	123.082822	8.868225	6.306493e-01	3.037690e-02	4.343413e+02	4.229066e-02	
52.000000	32.000000	145.319034	5.378884	6.446865e-01	3.114325e-02	4.351356e+02	4.312538e-02	
52.000000	36.000000	140.229532	9.722952	6.038440e-01	2.575152e-02	4.352569e+02	4.437576e-02	
52.000000	40.000000	149.326885	59.795654	6.520599e-01	3.247580e-02	4.359250e+02	4.485211e-02	
52.000000	44.000000	122.784955	4.066889	6.543835e-01	3.577031e-02	4.363345e+02	4.381961e-02	
52.000000	48.000000	142.723467	1072.856599	6.164746e-01	2.577764e-02	4.366941e+02	4.377492e-02	
52.000000	52.000000	137.137253	14.754010	7.340347e-01	3.771146e-02	4.363573e+02	4.856867e-02	
52.000000	56.000000	187.969220	99.008112	7.275197e-01	3.134646e-02	4.352757e+02	4.866610e-02	
52.000000	60.000000	175.361282	10.879065	6.002883e-01	2.916949e-02	4.321614e+02	3.978230e-02	
56.000000	0.000000	169.233453	223.446306	6.319423e-01	2.623468e-02	4.266861e+02	4.697669e-02	
56.000000	4.000000	178.980086	14.658013	5.894872e-01	2.723964e-02	4.323728e+02	3.962979e-02	
56.000000	8.000000	176.087521	14.313635	6.043855e-01	2.785498e-02	4.313974e+02	4.063974e-02	
56.000000	12.000000	174.373340	36.429557	6.695629e-01	3.405858e-02	4.312382e+02	4.467811e-02	
56.000000	16.000000	186.806633	53.648733	6.408135e-01	2.766399e-02	4.313980e+02	4.455978e-02	
56.000000	20.000000	158.679998	14.980274	7.155194e-01	3.437037e-02	4.313084e+02	4.751862e-02	
56.000000	24.000000	165.588720	227.476509	5.933239e-01	3.063070e-02	4.321473e+02	3.887958e-02	
56.000000	28.000000	146.677021	24.130878	6.406258e-01	3.268222e-02	4.330459e+02	4.261385e-02	
56.000000	32.000000	168.465315	6.873875	6.433985e-01	3.242280e-02	4.341412e+02	4.247265e-02	
56.000000	36.000000	146.220137	10.660824	6.296693e-01	3.141994e-02	4.347207e+02	4.190431e-02	
56.000000	40.000000	153.959238	8.333300	6.376061e-01	3.056712e-02	4.352588e+02	4.250169e-02	
56.000000	44.000000	143.277884	8.523416	5.935960e-01	2.886145e-02	4.358069e+02	5.130766e-02	
56.000000	48.000000	142.206794	5.546079	6.484929e-01	3.074954e-02	4.362690e+02	4.350242e-02	
56.000000	52.000000	163.745338	7.118221	6.793867e-01	3.239819e-02	4.362496e+02	4.635339e-02	
56.000000	56.000000	160.517871	6.968731	6.234692e-01	2.752192e-02	4.356105e+02	4.193479e-02	
56.000000	60.000000	226.794493	12.587169	6.611478e-01	3.036403e-02	4.333525e+02	4.530092e-02	
60.000000	0.000000	197.054267	11.933354	6.629621e-01	3.010969e-02	4.287625e+02	4.583212e-02	
60.000000	4.000000	231.944261	817.213162	6.557213e-01	3.062214e-02	4.305174e+02	4.521619e-02	
60.000000	8.000000	234.917314	604.626109	6.177876e-01	3.122277e-02	4.300258e+02	4.147905e-02	
60.000000	12.000000	234.436693	109.670906	6.526051e-01	3.598249e-02	4.298167e+02	4.401900e-02	
60.000000	16.000000	231.725868	81.475545	5.763256e-01	2.921451e-02	4.299367e+02	3.914344e-02	
60.000000	20.000000	228.158458	216.614724	6.243862e-01	3.435437e-02	4.300055e+02	4.546783e-02	
60.000000	24.000000	223.826159	67.059488	6.237027e-01	2.916661e-02	4.308165e+02	4.220252e-02	
60.000000	28.000000	202.048678	731.352852	6.839742e-01	3.315688e-02	4.318466e+02	4.665002e-02	
60.000000	32.000000	202.609110	0.607569	6.784004e-01	3.543072e-02	4.331574e+02	4.420863e-02	
60.000000	36.000000	189.643411	119.108687	6.577145e-01	3.266965e-02	4.340413e+02	4.340055e-02	
60.000000	40.000000	161.707865	39.084878	6.191463e-01	3.243845e-02	4.345570e+02	4.173328e-02	
60.000000	44.000000	189.918052	28.645126	6.206531e-01	3.150876e-02	4.349480e+02	4.308792e-02	
60.000000	48.000000	188.946219	12.440923	7.037624e-01	4.797334e-02	4.353210e+02	5.168264e-02	
60.000000	52.000000	176.947482	543.412130	6.223868e-01	3.412053e-02	4.354411e+02	4.196295e-02	
60.000000	56.000000	192.233096	807.539178	6.658903e-01	2.585218e-02	4.354848e+02	4.411130e-02	
60.000000	60.000000	219.212803	799.454039	7.202712e-01	3.871377e-02	4.338362e+02	4.834761e-02	
0.000000	0.000000	235.074101	9.405549	6.592388e-01	2.975077e-02	4.307403e+02	4.934731e-02	
