0.000000	4.000000	104.678183	22.474295	5.290061e-01	2.364994e-02	4.313749e+02	3.655294e-02	
0.000000	8.000000	104.690005	28.758662	4.662299e-01	2.919280e-02	4.308357e+02	3.029407e-02	
0.000000	12.000000	104.541243	5.292115	5.542317e-01	2.580288e-02	4.306133e+02	3.798370e-02	
0.000000	16.000000	103.581173	3.510881	5.405508e-01	2.433391e-02	4.304118e+02	3.696788e-02	
0.000000	20.000000	103.298786	2.633722	5.781629e-01	2.955655e-02	4.306780e+02	3.947097e-02	
0.000000	24.000000	103.298745	2.444206	5.442615e-01	2.960255e-02	4.310631e+02	3.475583e-02	
0.000000	28.000000	103.317560	1.924993	5.874995e-01	2.865729e-02	4.314719e+02	4.016554e-02	
0.000000	32.000000	103.306602	2.099113	5.333436e-01	2.594888e-02	4.317472e+02	3.552552e-02	
0.000000	36.000000	109.530557	1.888590	5.569811e-01	2.973753e-02	4.317566e+02	3.766778e-02	
0.000000	40.000000	110.409681	2.721979	5.957174e-01	3.103227e-02	4.316503e+02	4.084814e-02	
0.000000	44.000000	122.035055	3.582400	5.172277e-01	2.482860e-02	4.302859e+02	3.491264e-02	
0.000000	48.000000	122.054527	2.962817	5.047256e-01	2.923747e-02	4.271800e+02	3.342721e-02	
0.000000	52.000000	114.637028	305.166384	5.886171e-01	2.945099e-02	4.193968e+02	4.030648e-02	
0.000000	56.000000	102.087627	336.750403	5.255716e-01	2.552594e-02	4.077307e+02	3.518392e-02	
0.000000	60.000000	90.804144	4.694739	5.455334e-01	2.505204e-02	3.983787e+02	3.704004e-02	
4.000000	0.000000	84.546174	4.512029	5.571828e-01	2.911255e-02	3.992617e+02	3.774527e-02	
4.000000	4.000000	109.551920	3.334886	5.652970e-01	2.644040e-02	4.315706e+02	3.875078e-02	
4.000000	8.000000	108.674559	3.308500	5.262805e-01	2.484892e-02	4.306940e+02	3.555491e-02	
4.000000	12.000000	108.686209	3.252145	5.430279e-01	2.418574e-02	4.304744e+02	3.731551e-02	
4.000000	16.000000	107.768146	3.627106	5.316280e-01	2.329440e-02	4.304089e+02	3.673268e-02	
4.000000	20.000000	107.211263	139.456024	5.199836e-01	2.256861e-02	4.305802e+02	3.610895e-02	
4.000000	24.000000	104.573451	3.735649	5.034696e-01	2.920533e-02	4.309111e+02	3.257895e-02	
4.000000	28.000000	103.945557	3.093223	6.023743e-01	3.203700e-02	4.313399e+02	4.140251e-02	
4.000000	32.000000	107.830690	0.109683	4.906574e-01	2.132319e-02	4.316479e+02	3.494264e-02	
4.000000	36.000000	109.555437	2.863916	5.806243e-01	2.910551e-02	4.318646e+02	3.800160e-02	
4.000000	40.000000	114.853639	44.626240	5.571455e-01	2.534389e-02	4.315378e+02	3.829332e-02	
4.000000	44.000000	122.048434	5.021023	5.178923e-01	2.180835e-02	4.305190e+02	3.630450e-02	
4.000000	48.000000	128.298558	14.067728	6.075219e-01	3.141792e-02	4.274387e+02	4.172558e-02	
4.000000	52.000000	115.799184	2.408452	5.223425e-01	2.899363e-02	4.202003e+02	3.482527e-02	
4.000000	56.000000	103.299983	3.665894	5.300316e-01	3.141628e-02	4.090296e+02	3.445209e-02	
4.000000	60.000000	90.796755	3.412225	5.786711e-01	2.782163e-02	3.984437e+02	3.963637e-02	
8.000000	0.000000	89.927970	3.694152	5.282533e-01	2.710617e-02	3.991420e+02	3.535196e-02	
8.000000	4.000000	109.554146	6.137400	5.835787e-01	3.072617e-02	4.312986e+02	3.988604e-02	
8.000000	8.000000	109.557884	5.993045	5.015706e-01	2.091081e-02	4.304092e+02	3.558210e-02	
8.000000	12.000000	109.550691	4.732677	5.383812e-01	3.175306e-02	4.301663e+02	3.583038e-02	
8.000000	16.000000	109.545155	3.786449	5.611287e-01	2.582008e-02	4.302497e+02	3.767888e-02	
8.000000	20.000000	109.552056	3.148705	5.526579e-01	2.631779e-02	4.303492e+02	3.776789e-02	
8.000000	24.000000	108.768761	2.277771	5.458711e-01	2.720639e-02	4.307080e+02	3.645297e-02	
8.000000	28.000000	108.561087	2.108126	5.942847e-01	3.532101e-02	4.311944e+02	4.125011e-02	
8.000000	32.000000	109.545998	2.040346	5.871739e-01	3.027943e-02	4.316641e+02	4.017567e-02	
8.000000	36.000000	109.573842	2.039712	5.891223e-01	2.560234e-02	4.317259e+02	4.050154e-02	
8.000000	40.000000	115.805935	2.292713	6.272933e-01	3.401881e-02	4.314572e+02	4.329273e-02	
8.000000	44.000000	122.049536	7.317125	5.355051e-01	2.321366e-02	4.305385e+02	3.712028e-02	
8.000000	48.000000	128.311347	3.975199	5.987722e-01	4.214686e-02	4.279317e+02	4.443443e-02	
8.000000	52.000000	120.449662	2.708475	5.701571e-01	2.564966e-02	4.212112e+02	3.986848e-02	
8.000000	56.000000	104.466176	3.876040	5.472647e-01	2.561924e-02	4.103581e+02	3.747263e-02	
8.000000	60.000000	92.273855	6.510945	5.841974e-01	2.884989e-02	3.988853e+02	3.859269e-02	
12.000000	0.000000	90.803465	5.464474	5.767888e-01	2.893175e-02	3.991097e+02	3.779081e-02	
12.000000	4.000000	109.558355	3.478003	5.947658e-01	2.932473e-02	4.313028e+02	3.959252e-02	
12.000000	8.000000	109.552244	3.181581	5.265301e-01	2.229566e-02	4.305049e+02	3.672165e-02	
12.000000	12.000000	109.549323	3.851398	5.258774e-01	3.037511e-02	4.301559e+02	3.394587e-02	
12.000000	16.000000	109.555410	4.495280	5.830290e-01	2.646448e-02	4.303275e+02	3.918343e-02	
12.000000	20.000000	109.554201	23.087705	5.513361e-01	2.544570e-02	4.303912e+02	3.782275e-02	
12.000000	24.000000	109.553552	3.670764	5.474282e-01	2.765028e-02	4.307205e+02	3.712217e-02	
12.000000	28.000000	109.540647	2.941331	5.399209e-01	2.858450e-02	4.312345e+02	3.626004e-02	
12.000000	32.000000	109.551944	4.476240	5.957174e-01	3.103227e-02	4.316503e+02	4.084814e-02	
12.000000	36.000000	109.551596	2.009599	5.555341e-01	3.607100e-02	4.318927e+02	5.554446e-02	
12.000000	40.000000	115.814852	84.161907	6.843590e-01	4.569984e-02	4.317361e+02	5.047959e-02	
12.000000	44.000000	121.994056	2.751840	5.314731e-01	2.587099e-02	4.307431e+02	3.543383e-02	
12.000000	48.000000	132.956869	2.847048	6.373108e-01	3.577851e-02	4.284137e+02	4.421696e-02	
12.000000	52.000000	122.045613	2.413339	5.379705e-01	2.465777e-02	4.223639e+02	3.657374e-02	
12.000000	56.000000	109.557695	4.149769	5.700140e-01	2.863533e-02	4.118934e+02	3.986808e-02	
12.000000	60.000000	97.043163	3.950275	5.507487e-01	2.713281e-02	3.993073e+02	3.747662e-02	
16.000000	0.000000	90.796335	3.344929	5.335898e-01	3.212391e-02	3.991126e+02	3.475549e-02	
16.000000	4.000000	110.939806	80.371752	5.264337e-01	3.320847e-02	4.311311e+02	3.460093e-02	
16.000000	8.000000	110.909971	46.422083	5.021079e-01	2.321590e-02	4.303149e+02	3.463149e-02	
16.000000	12.000000	110.146362	63.008736	5.137624e-01	3.543537e-02	4.300280e+02	3.581379e-02	
16.000000	16.000000	109.550503	3.391710	4.921062e-01	3.098434e-02	4.299512e+02	3.140551e-02	
16.000000	20.000000	109.545203	2.940833	5.411339e-01	2.973796e-02	4.302110e+02	3.628289e-02	
16.000000	24.000000	109.556000	2.598990	5.380849e-01	2.405805e-02	4.306003e+02	3.711132e-02	
16.000000	28.000000	109.551710	2.332060	4.805626e-01	3.280029e-02	4.310764e+02	2.932431e-02	
16.000000	32.000000	109.554191	2.120580	5.774519e-01	2.748603e-02	4.315047e+02	3.957449e-02	
16.000000	36.000000	113.906900	5.760849	5.726598e-01	2.700731e-02	4.315447e+02	3.881583e-02	
16.000000	40.000000	115.803515	2.088846	5.574562e-01	3.013806e-02	4.318030e+02	3.661095e-02	
16.000000	44.000000	122.912373	3.839989	5.193959e-01	3.402325e-02	4.309340e+02	3.443642e-02	
16.000000	48.000000	134.545144	4.616905	5.063901e-01	2.491521e-02	4.287350e+02	3.416506e-02	
16.000000	52.000000	128.314628	3.327114	5.942351e-01	3.008929e-02	4.230341e+02	3.906359e-02	
16.000000	56.000000	114.004853	715.478373	5.725937e-01	2.832216e-02	4.132206e+02	3.775435e-02	
16.000000	60.000000	97.055917	3.881525	5.325948e-01	2.508152e-02	4.006883e+02	3.592504e-02	
20.000000	0.000000	92.944219	6.179419	5.847043e-01	3.017743e-02	3.992060e+02	3.852268e-02	
20.000000	4.000000	115.795513	3.848102	5.608235e-01	2.600846e-02	4.305754e+02	3.846590e-02	
20.000000	8.000000	115.805385	3.378164	6.124643e-01	4.076259e-02	4.298820e+02	4.477692e-02	
20.000000	12.000000	114.822210	3.576146	5.736933e-01	2.831649e-02	4.296447e+02	3.910453e-02	
20.000000	16.000000	114.573104	3.862133	5.846298e-01	2.867026e-02	4.295751e+02	4.003448e-02	
20.000000	20.000000	113.924599	69.243614	5.551233e-01	2.596655e-02	4.297344e+02	3.710738e-02	
20.000000	24.000000	110.786253	46.373491	5.237418e-01	2.616983e-02	4.302673e+02	3.555920e-02	
20.000000	28.000000	110.384304	2.900082	5.216230e-01	2.785198e-02	4.308836e+02	3.499947e-02	
20.000000	32.000000	111.908563	66.677177	5.263580e-01	2.473049e-02	4.313182e+02	3.609870e-02	
20.000000	36.000000	115.797142	2.097260	5.193497e-01	2.485150e-02	4.312947e+02	3.548537e-02	
20.000000	40.000000	115.821859	2.941823	5.863026e-01	2.859772e-02	4.315467e+02	4.007730e-02	
20.000000	44.000000	127.286845	3.480432	6.388717e-01	3.671852e-02	4.306484e+02	4.450558e-02	
20.000000	48.000000	134.574279	4.273393	5.493231e-01	2.841672e-02	4.288512e+02	3.571956e-02	
20.000000	52.000000	128.305881	7.062435	5.567865e-01	2.848588e-02	4.237200e+02	3.778225e-02	
20.000000	56.000000	115.796237	3.714485	5.901834e-01	2.982761e-02	4.143827e+02	4.041758e-02	
20.000000	60.000000	103.300966	5.083264	5.663187e-01	2.637759e-02	4.014413e+02	3.833132e-02	
24.000000	0.000000	97.051919	3.959235	5.638118e-01	3.010403e-02	3.989330e+02	3.651175e-02	
24.000000	4.000000	115.832467	5.327623	5.408276e-01	2.431578e-02	4.304242e+02	3.726689e-02	
24.000000	8.000000	115.805443	6.251878	5.880764e-01	2.565604e-02	4.297222e+02	4.025891e-02	
24.000000	12.000000	115.805534	17.822208	6.147757e-01	2.930773e-02	4.295184e+02	4.091209e-02	
24.000000	16.000000	115.795137	20.273112	5.822132e-01	2.826817e-02	4.294390e+02	3.987478e-02	
24.000000	20.000000	115.804754	4.927978	6.002600e-01	3.067873e-02	4.294153e+02	4.117732e-02	
24.000000	24.000000	115.806458	2.866472	5.825842e-01	3.021905e-02	4.300338e+02	3.907960e-02	
24.000000	28.000000	115.803854	2.035753	5.402077e-01	2.356770e-02	4.305144e+02	3.737622e-02	
24.000000	32.000000	115.798677	2.191404	5.325290e-01	2.914995e-02	4.309315e+02	3.430863e-02	
24.000000	36.000000	115.799267	3.426589	5.624814e-01	2.761086e-02	4.313319e+02	3.827186e-02	
24.000000	40.000000	122.054144	2.022092	5.470483e-01	2.452038e-02	4.314335e+02	3.767840e-02	
24.000000	44.000000	128.300022	3.300783	5.818993e-01	2.572199e-02	4.307240e+02	3.953233e-02	
24.000000	48.000000	137.899670	1148.303376	5.197307e-01	3.133101e-02	4.289036e+02	3.306988e-02	
24.000000	52.000000	134.556333	3.935315	5.849495e-01	2.839900e-02	4.245235e+02	4.007688e-02	
24.000000	56.000000	122.054613	6.404915	5.602889e-01	2.733011e-02	4.158446e+02	4.229113e-02	
24.000000	60.000000	103.945555	6.643601	5.352819e-01	3.063464e-02	4.029010e+02	3.437268e-02	
28.000000	0.000000	97.047964	3.517682	5.437908e-01	2.600457e-02	3.987745e+02	3.615272e-02	
28.000000	4.000000	117.164143	19.734998	4.571365e-01	3.161825e-02	4.301276e+02	2.868659e-02	
28.000000	8.000000	117.134830	5.820896	5.696389e-01	3.046082e-02	4.292572e+02	3.872300e-02	
28.000000	12.000000	117.123134	5.094819	6.017304e-01	3.111149e-02	4.289953e+02	4.015847e-02	
28.000000	16.000000	115.790279	4.017132	5.767888e-01	2.893172e-02	4.291097e+02	3.779078e-02	
28.000000	20.000000	115.805158	3.306761	6.343701e-01	3.554452e-02	4.293947e+02	4.401289e-02	
28.000000	24.000000	115.800079	4.191629	5.898065e-01	2.574151e-02	4.297084e+02	4.010043e-02	
28.000000	28.000000	115.795268	182.720605	5.645482e-01	2.811120e-02	4.303077e+02	3.761072e-02	
28.000000	32.000000	115.800026	3.478251	5.312245e-01	2.614124e-02	4.307652e+02	3.527289e-02	
28.000000	36.000000	116.274065	2.907501	5.483634e-01	2.974255e-02	4.310082e+02	3.510523e-02	
28.000000	40.000000	122.075964	2.917161	5.704472e-01	2.719315e-02	4.314107e+02	3.905617e-02	
28.000000	44.000000	128.311980	6.035604	5.564269e-01	3.009828e-02	4.308526e+02	3.621687e-02	
28.000000	48.000000	140.807943	4.539289	5.827000e-01	3.100100e-02	4.292846e+02	3.981582e-02	
28.000000	52.000000	140.802229	3.629868	5.368696e-01	2.983155e-02	4.249879e+02	3.426051e-02	
28.000000	56.000000	124.119263	1118.065436	5.700662e-01	2.852308e-02	4.172472e+02	3.768459e-02	
28.000000	60.000000	109.551946	3.983875	5.740013e-01	2.891689e-02	4.046725e+02	3.908089e-02	
32.000000	0.000000	102.434831	105.820468	5.580545e-01	2.605516e-02	3.983921e+02	3.814779e-02	
32.000000	4.000000	122.045136	4.632164	5.967287e-01	4.598573e-02	4.299904e+02	4.703497e-02	
32.000000	8.000000	122.045240	5.319687	5.413332e-01	3.089538e-02	4.291855e+02	3.609015e-02	
32.000000	12.000000	122.045161	4.427124	4.819781e-01	3.727995e-02	4.289861e+02	3.278568e-02	
32.000000	16.000000	122.053888	3.566232	5.202438e-01	2.755483e-02	4.288681e+02	3.438059e-02	
32.000000	20.000000	120.303973	4.087075	4.917579e-01	3.117437e-02	4.290450e+02	3.145170e-02	
32.000000	24.000000	117.675303	165.429228	6.068855e-01	3.244251e-02	4.296550e+02	4.168045e-02	
32.000000	28.000000	116.609674	2.875000	5.405578e-01	2.611198e-02	4.302079e+02	3.591540e-02	
32.000000	32.000000	117.174934	164.944484	5.629102e-01	2.621599e-02	4.305797e+02	3.850440e-02	
32.000000	36.000000	122.060789	2.259151	4.754645e-01	3.619662e-02	4.309798e+02	3.046529e-02	
32.000000	40.000000	122.050130	2.067005	6.042113e-01	3.358008e-02	4.312793e+02	4.163403e-02	
32.000000	44.000000	128.314231	3.435643	5.331123e-01	3.244986e-02	4.308514e+02	3.528719e-02	
32.000000	48.000000	140.800290	6.211461	5.899514e-01	2.753717e-02	4.293959e+02	3.960864e-02	
32.000000	52.000000	145.291094	4.686220	6.097454e-01	3.378722e-02	4.256985e+02	4.214413e-02	
32.000000	56.000000	128.301941	7.866432	5.326077e-01	2.316469e-02	4.184326e+02	3.692540e-02	
32.000000	60.000000	115.805816	6.963152	5.692380e-01	2.620121e-02	4.063076e+02	3.816164e-02	
36.000000	0.000000	103.295192	4.844940	5.340935e-01	2.890737e-02	3.981601e+02	3.454440e-02	
36.000000	4.000000	122.040637	4.405706	5.590671e-01	2.590141e-02	4.295922e+02	3.789222e-02	
36.000000	8.000000	122.049198	4.618283	4.853881e-01	2.913333e-02	4.288316e+02	3.125510e-02	
36.000000	12.000000	122.054137	3.567805	5.397676e-01	2.382310e-02	4.285669e+02	3.728792e-02	
36.000000	16.000000	122.056552	3.974522	5.474178e-01	2.825804e-02	4.287388e+02	3.702713e-02	
36.000000	20.000000	122.050014	15.615466	5.241730e-01	2.861512e-02	4.288178e+02	3.393015e-02	
36.000000	24.000000	122.051191	3.958574	5.312707e-01	2.598853e-02	4.293001e+02	3.571678e-02	
36.000000	28.000000	122.054123	2.665727	5.684071e-01	3.508416e-02	4.299390e+02	4.852525e-02	
36.000000	32.000000	122.076152	2.480288	5.493229e-01	2.580362e-02	4.303139e+02	3.687460e-02	
36.000000	36.000000	122.050900	107.266568	5.549689e-01	2.619715e-02	4.308261e+02	3.889480e-02	
36.000000	40.000000	126.786904	3.582209	5.036033e-01	2.970363e-02	4.309266e+02	3.298834e-02	
36.000000	44.000000	134.561607	2.407236	5.404508e-01	3.213031e-02	4.308381e+02	3.599993e-02	
36.000000	48.000000	141.042270	6.867006	6.401539e-01	3.634754e-02	4.296009e+02	4.451185e-02	
36.000000	52.000000	148.299824	539.181655	6.130031e-01	2.680864e-02	4.263555e+02	4.177632e-02	
36.000000	56.000000	134.549170	3.659866	5.232801e-01	2.955375e-02	4.198835e+02	3.335912e-02	
36.000000	60.000000	122.058547	4.724694	5.658766e-01	2.712187e-02	4.081655e+02	4.293356e-02	
40.000000	0.000000	109.545434	3.484258	4.999873e-01	3.495845e-02	3.980512e+02	3.270752e-02	
40.000000	4.000000	128.306689	5.956142	6.166164e-01	4.833478e-02	4.290000e+02	5.103774e-02	
40.000000	8.000000	128.304258	6.003332	5.194561e-01	2.696880e-02	4.281807e+02	3.409595e-02	
40.000000	12.000000	128.295137	4.298320	4.294018e-01	3.547258e-02	4.281090e+02	2.725904e-02	
40.000000	16.000000	128.297873	4.408854	4.638214e-01	5.100174e-02	4.280132e+02	2.916295e-02	
40.000000	20.000000	127.383855	159.954901	5.576384e-01	3.009990e-02	4.281712e+02	3.637722e-02	
40.000000	24.000000	123.443232	41.752566	5.214213e-01	2.656517e-02	4.287934e+02	3.439550e-02	
40.000000	28.000000	122.055508	2.638177	5.903746e-01	2.878740e-02	4.295070e+02	3.997400e-02	
40.000000	32.000000	122.452526	2.704786	4.716543e-01	3.262811e-02	4.300963e+02	2.870717e-02	
40.000000	36.000000	125.831084	42.466384	5.621489e-01	2.606089e-02	4.305210e+02	3.829890e-02	
40.000000	40.000000	128.326214	169.392743	5.412595e-01	3.398451e-02	4.308691e+02	3.604280e-02	
40.000000	44.000000	134.554225	6.770290	5.453581e-01	3.036358e-02	4.309669e+02	3.516039e-02	
40.000000	48.000000	147.051167	4.220318	6.074858e-01	4.409543e-02	4.299498e+02	4.652952e-02	
40.000000	52.000000	154.179583	9.440068	4.637391e-01	3.183143e-02	4.268927e+02	2.866887e-02	
40.000000	56.000000	140.800807	5.269846	5.585978e-01	3.175987e-02	4.209393e+02	3.702775e-02	
40.000000	60.000000	128.302075	5.003444	5.490903e-01	2.638830e-02	4.101640e+02	3.821766e-02	
44.000000	0.000000	110.129395	7.717070	5.543658e-01	2.722680e-02	3.986832e+02	3.775650e-02	
44.000000	4.000000	132.879152	5.467066	6.036221e-01	2.904240e-02	4.287147e+02	4.018099e-02	
44.000000	8.000000	132.762968	46.077917	5.091819e-01	3.100467e-02	4.280022e+02	3.207148e-02	
44.000000	12.000000	130.495799	25.393653	6.050426e-01	3.521490e-02	4.277692e+02	4.208187e-02	
44.000000	16.000000	129.680948	5.399203	5.484363e-01	2.623303e-02	4.278281e+02	3.770835e-02	
44.000000	20.000000	128.301349	3.638770	5.728436e-01	3.047134e-02	4.279108e+02	4.313295e-02	
44.000000	24.000000	128.305205	5.978422	5.581251e-01	2.675963e-02	4.283542e+02	3.813179e-02	
44.000000	28.000000	128.327905	0.028035	6.402164e-01	5.198778e-02	4.289815e+02	5.676472e-02	
44.000000	32.000000	128.307877	3.484344	5.611783e-01	2.574703e-02	4.295330e+02	3.853703e-02	
44.000000	36.000000	128.309219	147.245101	5.255290e-01	3.347559e-02	4.300967e+02	3.456324e-02	
44.000000	40.000000	131.924353	4.243525	5.032670e-01	2.280282e-02	4.306729e+02	3.514159e-02	
44.000000	44.000000	139.189804	67.747607	5.903043e-01	3.074461e-02	4.306689e+02	4.042346e-02	
44.000000	48.000000	147.057912	2.889995	5.541865e-01	3.004060e-02	4.299337e+02	3.918995e-02	
44.000000	52.000000	159.814520	9.049703	5.687654e-01	2.657043e-02	4.274671e+02	3.900521e-02	
44.000000	56.000000	151.765068	440.416624	5.670576e-01	3.113704e-02	4.219677e+02	3.974215e-02	
44.000000	60.000000	134.555504	5.187980	5.193497e-01	2.485155e-02	4.122947e+02	3.548541e-02	
48.000000	0.000000	119.313119	7.378369	5.172277e-01	2.482868e-02	4.002859e+02	3.491271e-02	
48.000000	4.000000	138.875650	942.874187	5.461588e-01	2.941184e-02	4.279532e+02	3.494137e-02	
48.000000	8.000000	138.331084	1028.552874	5.278659e-01	2.866132e-02	4.272142e+02	3.533708e-02	
48.000000	12.000000	137.023877	339.404720	5.905774e-01	2.956451e-02	4.269234e+02	3.881585e-02	
48.000000	16.000000	135.902854	87.267866	5.402937e-01	2.972192e-02	4.270530e+02	3.630204e-02	
48.000000	20.000000	134.545156	4.111275	5.840709e-01	2.982524e-02	4.273406e+02	3.993818e-02	
48.000000	24.000000	134.552094	22.030335	5.394581e-01	3.674433e-02	4.279889e+02	4.327856e-02	
48.000000	28.000000	134.551904	2.469420	5.988280e-01	3.397854e-02	4.287350e+02	4.116912e-02	
48.000000	32.000000	134.557892	2.425556	5.470438e-01	2.533646e-02	4.293722e+02	3.751141e-02	
48.000000	36.000000	134.554177	3.186698	5.494721e-01	2.863940e-02	4.299131e+02	3.651461e-02	
48.000000	40.000000	134.556439	2.644118	5.192810e-01	2.199886e-02	4.304990e+02	3.642341e-02	
48.000000	44.000000	140.836931	2.996470	5.296759e-01	2.285839e-02	4.304372e+02	3.679542e-02	
48.000000	48.000000	153.301981	3.860927	5.158935e-01	2.966277e-02	4.298632e+02	3.291581e-02	
48.000000	52.000000	167.122212	6.904121	5.493959e-01	2.663886e-02	4.278439e+02	3.881214e-02	
48.000000	56.000000	160.084600	6.559560	5.831292e-01	2.831141e-02	4.234484e+02	3.994265e-02	
48.000000	60.000000	147.055922	4.164796	5.566317e-01	2.713998e-02	4.146730e+02	3.786263e-02	
52.000000	0.000000	128.295138	6.060680	5.554310e-01	2.963220e-02	4.029628e+02	3.644828e-02	
52.000000	4.000000	147.055627	14.960562	5.965634e-01	2.987359e-02	4.274624e+02	4.089855e-02	
52.000000	8.000000	147.059236	15.601161	5.357923e-01	2.443280e-02	4.266378e+02	3.676434e-02	
52.000000	12.000000	147.052217	5.636337	5.384684e-01	2.379667e-02	4.264234e+02	3.719769e-02	
52.000000	16.000000	147.055404	5.427002	5.162788e-01	2.242162e-02	4.263999e+02	3.587045e-02	
52.000000	20.000000	144.910545	30.997882	5.226451e-01	2.526602e-02	4.267258e+02	3.499467e-02	
52.000000	24.000000	140.805427	4.324590	5.821839e-01	2.689826e-02	4.273584e+02	3.910911e-02	
52.000000	28.000000	140.795722	5.116984	5.243511e-01	2.662083e-02	4.281988e+02	3.457428e-02	
52.000000	32.000000	140.795952	2.507144	5.266938e-01	2.555774e-02	4.287341e+02	3.514367e-02	
52.000000	36.000000	140.803048	3.525365	5.844959e-01	2.837697e-02	4.294671e+02	4.004354e-02	
52.000000	40.000000	140.804138	3.558658	4.756492e-01	3.504406e-02	4.300132e+02	2.993991e-02	
52.000000	44.000000	147.054197	4.436011	4.755476e-01	1.891530e-02	4.304294e+02	3.505047e-02	
52.000000	48.000000	157.837645	3.468676	5.230046e-01	2.974727e-02	4.300437e+02	3.335255e-02	
52.000000	52.000000	172.524683	4.923845	5.465471e-01	3.078582e-02	4.281991e+02	3.600465e-02	
52.000000	56.000000	175.674343	1099.763098	5.852504e-01	2.841358e-02	4.244859e+02	4.009921e-02	
52.000000	60.000000	159.550389	5.267333	5.611762e-01	2.979547e-02	4.171343e+02	3.646957e-02	
56.000000	0.000000	140.795033	5.950205	5.361662e-01	2.733833e-02	4.061296e+02	3.741884e-02	
56.000000	4.000000	164.068130	569.828496	5.565567e-01	2.768684e-02	4.263066e+02	3.719838e-02	
56.000000	8.000000	164.218936	465.397321	6.556291e-01	3.887460e-02	4.256212e+02	4.593799e-02	
56.000000	12.000000	163.091437	1018.166595	5.857751e-01	2.872604e-02	4.254343e+02	4.012004e-02	
56.000000	16.000000	160.756902	130.758000	6.077323e-01	2.573195e-02	4.257029e+02	4.261350e-02	
56.000000	20.000000	159.551988	7.721682	5.907944e-01	2.996838e-02	4.259182e+02	4.158235e-02	
56.000000	24.000000	157.993097	6.247259	5.453853e-01	2.448736e-02	4.265370e+02	3.751544e-02	
56.000000	28.000000	153.304361	5.074460	5.838895e-01	2.834773e-02	4.275422e+02	3.999870e-02	
56.000000	32.000000	153.302059	4.604879	5.481362e-01	2.852838e-02	4.281832e+02	3.576555e-02	
56.000000	36.000000	152.480570	0.015380	5.040914e-01	2.823455e-02	4.288018e+02	3.289037e-02	
56.000000	40.000000	153.357757	3.334054	6.468682e-01	3.738979e-02	4.293894e+02	4.506288e-02	
56.000000	44.000000	154.993765	201.843800	5.841974e-01	2.884994e-02	4.298853e+02	3.859276e-02	
56.000000	48.000000	165.800274	5.208307	5.246862e-01	2.542032e-02	4.297299e+02	3.506691e-02	
56.000000	52.000000	182.929027	10.780964	5.329779e-01	2.368327e-02	4.285887e+02	3.661905e-02	
56.000000	56.000000	197.050251	6.293909	6.144487e-01	3.343633e-02	4.256515e+02	4.240911e-02	
56.000000	60.000000	178.300015	12.112171	5.707791e-01	2.692662e-02	4.194436e+02	3.911573e-02	
60.000000	0.000000	159.551350	6.283518	5.662691e-01	3.412007e-02	4.101607e+02	3.852181e-02	
60.000000	4.000000	223.743759	847.578512	5.813187e-01	2.953183e-02	4.253649e+02	3.959587e-02	
60.000000	8.000000	223.384987	232.928286	5.772818e-01	2.789400e-02	4.245888e+02	3.942903e-02	
60.000000	12.000000	220.657472	57.833865	5.407447e-01	2.414257e-02	4.244790e+02	3.729932e-02	
60.000000	16.000000	218.102945	67.421110	5.802035e-01	2.789101e-02	4.244624e+02	3.974953e-02	
60.000000	20.000000	214.202159	167.031904	5.401281e-01	2.944462e-02	4.247680e+02	3.571625e-02	
60.000000	24.000000	207.831210	49.891661	5.769992e-01	3.106983e-02	4.257384e+02	3.934032e-02	
60.000000	28.000000	200.488865	939.485100	6.015181e-01	3.097196e-02	4.268909e+02	3.943701e-02	
60.000000	32.000000	195.126196	8.572363	5.679308e-01	2.959774e-02	4.278553e+02	3.693300e-02	
60.000000	36.000000	188.924600	836.968464	5.727018e-01	2.700396e-02	4.286465e+02	3.838402e-02	
60.000000	40.000000	182.604176	68.904837	5.609419e-01	2.509492e-02	4.294380e+02	3.729559e-02	
60.000000	44.000000	179.704033	4.364099	5.864547e-01	3.470275e-02	4.298125e+02	4.038343e-02	
60.000000	48.000000	183.661372	4.756052	5.579867e-01	3.388702e-02	4.298477e+02	3.769874e-02	
60.000000	52.000000	197.055686	5.655349	5.578111e-01	3.151689e-02	4.288754e+02	3.661157e-02	
60.000000	56.000000	222.050633	7.932807	4.869972e-01	2.360838e-02	4.267181e+02	3.368096e-02	
60.000000	60.000000	222.060431	12.570823	5.266721e-01	2.632061e-02	4.222207e+02	3.486680e-02	
0.000000	0.000000	198.332528	841.970766	5.422365e-01	3.100969e-02	4.149948e+02	3.588088e-02	
