0.000000	4.000000	134.552226	10.956184	5.836710e-01	2.962345e-02	4.249449e+02	3.838797e-02	
0.000000	8.000000	134.538406	11.362656	6.388857e-01	3.336475e-02	4.240577e+02	4.299977e-02	
0.000000	12.000000	134.551986	10.554514	6.055589e-01	2.893434e-02	4.242811e+02	4.033223e-02	
0.000000	16.000000	134.573133	5.675429	5.255443e-01	3.004401e-02	4.239960e+02	3.313526e-02	
0.000000	20.000000	134.554916	4.462657	4.715388e-01	3.300823e-02	4.241006e+02	2.883440e-02	
0.000000	24.000000	128.839471	5.501850	5.918424e-01	2.889524e-02	4.247245e+02	3.930272e-02	
0.000000	28.000000	128.308290	6.889376	5.925013e-01	3.007990e-02	4.251193e+02	3.876309e-02	
0.000000	32.000000	128.295264	3.482906	6.607254e-01	4.053386e-02	4.257046e+02	4.695685e-02	
0.000000	36.000000	128.300417	3.751517	6.584298e-01	3.627738e-02	4.258171e+02	4.408149e-02	
0.000000	40.000000	128.309929	2.520956	5.869830e-01	2.849840e-02	4.264858e+02	3.935638e-02	
0.000000	44.000000	134.559795	2.305024	5.592390e-01	2.606937e-02	4.263564e+02	3.766817e-02	
0.000000	48.000000	147.054877	3.641303	5.597975e-01	3.318704e-02	4.249455e+02	4.419611e-02	
0.000000	52.000000	165.803775	8.464745	5.647222e-01	2.568653e-02	4.212380e+02	3.819962e-02	
0.000000	56.000000	153.302057	7.693126	6.116833e-01	3.185714e-02	4.134763e+02	4.212592e-02	
0.000000	60.000000	140.805392	7.255831	5.893862e-01	2.628623e-02	4.073149e+02	3.988224e-02	
4.000000	0.000000	134.560707	5.443529	6.312757e-01	3.176564e-02	4.079244e+02	4.153918e-02	
4.000000	4.000000	135.060223	5.431029	5.582485e-01	3.376053e-02	4.249975e+02	4.096506e-02	
4.000000	8.000000	134.930750	6.009155	5.332736e-01	2.565204e-02	4.243054e+02	3.639048e-02	
4.000000	12.000000	134.558699	5.088395	5.378487e-01	3.321680e-02	4.241090e+02	3.563640e-02	
4.000000	16.000000	134.547822	6.025283	5.980265e-01	3.091660e-02	4.237438e+02	3.967921e-02	
4.000000	20.000000	134.552133	6.569842	5.775711e-01	2.550909e-02	4.242419e+02	3.982044e-02	
4.000000	24.000000	133.036905	4.862263	6.138823e-01	3.213302e-02	4.244622e+02	4.221008e-02	
4.000000	28.000000	128.247826	4.202094	5.668881e-01	3.133719e-02	4.251331e+02	3.725250e-02	
4.000000	32.000000	128.245138	3.873618	5.913211e-01	2.929734e-02	4.255517e+02	4.051781e-02	
4.000000	36.000000	128.336679	3.101882	6.241137e-01	2.847496e-02	4.257288e+02	4.220993e-02	
4.000000	40.000000	133.025711	29.977897	5.940346e-01	2.783459e-02	4.261639e+02	4.135494e-02	
4.000000	44.000000	135.943235	61.782508	6.634966e-01	3.431943e-02	4.260403e+02	4.476769e-02	
4.000000	48.000000	147.263944	4.289451	6.406892e-01	3.502242e-02	4.253154e+02	4.295199e-02	
4.000000	52.000000	165.798505	9.877131	6.111367e-01	3.079970e-02	4.215168e+02	4.140547e-02	
4.000000	56.000000	156.415347	7.059689	6.348133e-01	3.591700e-02	4.143707e+02	4.413845e-02	
4.000000	60.000000	140.803777	8.157864	5.901602e-01	2.884032e-02	4.068720e+02	3.908493e-02	
8.000000	0.000000	138.331084	1109.475835	5.978008e-01	3.023882e-02	4.074295e+02	4.098991e-02	
8.000000	4.000000	140.074625	87.120556	6.056082e-01	3.099696e-02	4.245283e+02	4.156988e-02	
8.000000	8.000000	139.123485	256.287079	6.519030e-01	3.138681e-02	4.238718e+02	4.446107e-02	
8.000000	12.000000	139.041094	908.357334	5.771817e-01	2.673565e-02	4.236466e+02	3.876542e-02	
8.000000	16.000000	135.810196	4.219228	5.958578e-01	2.624335e-02	4.237738e+02	4.537818e-02	
8.000000	20.000000	134.546226	5.893103	5.596919e-01	2.990508e-02	4.238614e+02	3.639030e-02	
8.000000	24.000000	134.546879	5.169484	4.942082e-01	2.061271e-02	4.243931e+02	3.521089e-02	
8.000000	28.000000	132.525947	20.250613	6.039998e-01	2.941935e-02	4.251134e+02	4.216894e-02	
8.000000	32.000000	128.940255	4.323625	5.772016e-01	2.686219e-02	4.253670e+02	3.879673e-02	
8.000000	36.000000	129.710618	4.811587	6.616732e-01	2.607239e-02	4.254384e+02	4.460601e-02	
8.000000	40.000000	134.554742	2.642442	5.856477e-01	3.220321e-02	4.260746e+02	3.921289e-02	
8.000000	44.000000	139.721232	3.482733	6.190002e-01	2.973671e-02	4.258312e+02	4.854784e-02	
8.000000	48.000000	149.314764	1074.755707	6.368949e-01	3.321663e-02	4.253400e+02	4.251999e-02	
8.000000	52.000000	169.196451	5.901969	5.953812e-01	3.027386e-02	4.219745e+02	3.884845e-02	
8.000000	56.000000	159.551997	7.529883	6.707528e-01	3.212034e-02	4.151789e+02	4.541200e-02	
8.000000	60.000000	147.052202	6.776179	6.330503e-01	3.315961e-02	4.069310e+02	4.224424e-02	
12.000000	0.000000	140.837377	6.863869	7.115659e-01	4.212886e-02	4.075868e+02	5.079438e-02	
12.000000	4.000000	140.792719	11.751250	5.244675e-01	3.656379e-02	4.240658e+02	3.679837e-02	
12.000000	8.000000	140.789634	7.944637	6.863588e-01	3.370993e-02	4.234456e+02	4.886639e-02	
12.000000	12.000000	140.804672	7.449802	6.164628e-01	3.261602e-02	4.235615e+02	4.242860e-02	
12.000000	16.000000	140.800057	5.851770	6.330499e-01	3.510829e-02	4.234188e+02	4.383497e-02	
12.000000	20.000000	138.942042	792.088260	5.659143e-01	2.618808e-02	4.235000e+02	3.883713e-02	
12.000000	24.000000	134.545131	5.519527	5.617984e-01	3.017352e-02	4.241638e+02	3.678694e-02	
12.000000	28.000000	134.559716	4.159397	5.404520e-01	2.472455e-02	4.246264e+02	3.675637e-02	
12.000000	32.000000	133.686409	3.467805	5.679637e-01	2.917293e-02	4.248912e+02	3.691781e-02	
12.000000	36.000000	134.553811	3.227100	5.875947e-01	2.881636e-02	4.255469e+02	4.025470e-02	
12.000000	40.000000	134.504804	98.139736	5.874294e-01	2.957489e-02	4.258252e+02	3.856751e-02	
12.000000	44.000000	140.808298	3.183298	6.094156e-01	4.013666e-02	4.258762e+02	4.421117e-02	
12.000000	48.000000	152.283030	5.185180	6.146576e-01	2.905603e-02	4.251596e+02	4.170248e-02	
12.000000	52.000000	172.055528	9.249420	6.141031e-01	3.067241e-02	4.221682e+02	4.047467e-02	
12.000000	56.000000	165.807907	9.135538	6.542089e-01	3.166067e-02	4.158377e+02	4.373833e-02	
12.000000	60.000000	147.050013	6.481059	6.079210e-01	2.655151e-02	4.076698e+02	4.135677e-02	
16.000000	0.000000	141.309632	8.303427	6.441187e-01	2.880905e-02	4.075681e+02	4.440004e-02	
16.000000	4.000000	142.196727	9.166536	5.856835e-01	2.946233e-02	4.239161e+02	4.012181e-02	
16.000000	8.000000	142.310214	8.966702	6.420182e-01	3.740789e-02	4.234332e+02	4.340765e-02	
16.000000	12.000000	140.801427	7.409698	6.002424e-01	3.615979e-02	4.231730e+02	4.134361e-02	
16.000000	16.000000	140.804228	10.459257	5.474446e-01	2.614284e-02	4.228203e+02	3.725565e-02	
16.000000	20.000000	140.816008	8.189679	5.956307e-01	3.022817e-02	4.229787e+02	3.885182e-02	
16.000000	24.000000	139.167478	782.073954	5.689700e-01	3.348244e-02	4.238212e+02	3.871793e-02	
16.000000	28.000000	134.554855	5.124272	5.538948e-01	2.593169e-02	4.246268e+02	3.784216e-02	
16.000000	32.000000	134.611906	5.275209	5.791191e-01	3.173864e-02	4.248170e+02	3.835744e-02	
16.000000	36.000000	134.555853	4.381849	6.668514e-01	2.971826e-02	4.254043e+02	4.416512e-02	
16.000000	40.000000	134.559328	3.558975	5.820744e-01	2.761968e-02	4.255681e+02	3.929520e-02	
16.000000	44.000000	140.814131	3.883805	5.929760e-01	2.784724e-02	4.255952e+02	3.991387e-02	
16.000000	48.000000	153.301927	4.009884	5.950342e-01	3.252716e-02	4.249977e+02	4.169357e-02	
16.000000	52.000000	172.054258	6.517023	6.095211e-01	3.037209e-02	4.224642e+02	4.074225e-02	
16.000000	56.000000	171.012372	6.868389	6.639579e-01	3.082859e-02	4.167147e+02	4.440383e-02	
16.000000	60.000000	153.302178	7.361034	5.462366e-01	3.128281e-02	4.081759e+02	3.589371e-02	
20.000000	0.000000	147.053469	8.255928	5.534122e-01	2.561725e-02	4.073793e+02	3.745474e-02	
20.000000	4.000000	147.052203	5.898520	5.671629e-01	2.952296e-02	4.240353e+02	3.663670e-02	
20.000000	8.000000	146.262197	6.088038	6.024292e-01	3.026006e-02	4.234740e+02	4.083524e-02	
20.000000	12.000000	146.034945	6.123681	5.934401e-01	2.773101e-02	4.231652e+02	4.111015e-02	
20.000000	16.000000	145.405259	14.103887	5.119373e-01	2.975199e-02	4.230747e+02	3.496531e-02	
20.000000	20.000000	141.988724	7.311178	5.288999e-01	2.885509e-02	4.231727e+02	3.425562e-02	
20.000000	24.000000	140.801125	7.121249	6.863588e-01	3.370644e-02	4.235544e+02	4.886049e-02	
20.000000	28.000000	138.130825	1065.825606	6.149032e-01	3.440957e-02	4.242382e+02	4.128462e-02	
20.000000	32.000000	134.554692	4.205346	5.624130e-01	2.577658e-02	4.247543e+02	3.784615e-02	
20.000000	36.000000	134.552583	4.196036	5.379994e-01	2.711386e-02	4.252692e+02	3.570901e-02	
20.000000	40.000000	139.213747	52.057289	7.740322e-01	4.290978e-02	4.253724e+02	5.480329e-02	
20.000000	44.000000	141.612287	4.638708	6.409658e-01	3.879763e-02	4.256421e+02	4.436593e-02	
20.000000	48.000000	153.297538	17.411521	6.360532e-01	3.165148e-02	4.249696e+02	4.188656e-02	
20.000000	52.000000	172.055621	8.591368	6.533340e-01	3.602899e-02	4.228518e+02	4.432142e-02	
20.000000	56.000000	172.532580	9.644792	6.041567e-01	2.713515e-02	4.176388e+02	4.091029e-02	
20.000000	60.000000	159.554862	5.963104	5.680020e-01	3.057585e-02	4.090390e+02	3.927229e-02	
24.000000	0.000000	148.346964	8.597125	5.554722e-01	2.588779e-02	4.072177e+02	3.752543e-02	
24.000000	4.000000	147.061580	6.834151	6.356978e-01	3.667589e-02	4.236680e+02	4.441475e-02	
24.000000	8.000000	147.033871	6.166538	5.754979e-01	2.953239e-02	4.230440e+02	3.748646e-02	
24.000000	12.000000	147.051889	11.033339	5.831292e-01	2.831142e-02	4.225516e+02	3.994249e-02	
24.000000	16.000000	147.057069	11.431842	6.455875e-01	3.918369e-02	4.227117e+02	4.545042e-02	
24.000000	20.000000	147.087222	6.298052	6.320668e-01	3.226513e-02	4.226933e+02	4.215269e-02	
24.000000	24.000000	141.279678	7.205695	6.066939e-01	3.130176e-02	4.231875e+02	3.998472e-02	
24.000000	28.000000	140.805677	6.957132	6.088896e-01	2.892157e-02	4.238525e+02	4.118539e-02	
24.000000	32.000000	139.804401	4.043674	5.725462e-01	2.570823e-02	4.242609e+02	3.871710e-02	
24.000000	36.000000	139.733943	4.020307	6.081316e-01	2.591613e-02	4.247135e+02	4.301264e-02	
24.000000	40.000000	140.805770	4.818247	5.931833e-01	3.183988e-02	4.252981e+02	4.068962e-02	
24.000000	44.000000	146.464907	3.617415	5.774519e-01	2.748603e-02	4.254953e+02	3.957449e-02	
24.000000	48.000000	153.306511	4.163760	5.453269e-01	3.154865e-02	4.250850e+02	3.558999e-02	
24.000000	52.000000	173.175532	558.308882	6.379437e-01	3.281116e-02	4.231924e+02	4.231210e-02	
24.000000	56.000000	178.298611	8.937993	6.083903e-01	3.101248e-02	4.182550e+02	4.043684e-02	
24.000000	60.000000	164.895027	6.662972	5.959106e-01	3.061538e-02	4.099179e+02	4.319614e-02	
28.000000	0.000000	153.305536	7.572669	6.377266e-01	3.132632e-02	4.070913e+02	4.223483e-02	
28.000000	4.000000	152.218733	7.248411	5.921692e-01	2.994682e-02	4.234438e+02	4.001266e-02	
28.000000	8.000000	153.301993	7.230167	5.432241e-01	2.609767e-02	4.226795e+02	3.706457e-02	
28.000000	12.000000	151.738057	610.431855	6.313264e-01	3.691886e-02	4.225271e+02	4.223570e-02	
28.000000	16.000000	149.168823	1045.002879	6.309106e-01	2.930635e-02	4.224412e+02	4.288770e-02	
28.000000	20.000000	147.044376	5.730617	6.240322e-01	2.926779e-02	4.225601e+02	4.227090e-02	
28.000000	24.000000	147.054218	5.847817	5.090500e-01	3.129254e-02	4.230063e+02	3.226136e-02	
28.000000	28.000000	141.951248	5.678043	5.950330e-01	2.670708e-02	4.236737e+02	4.008938e-02	
28.000000	32.000000	140.801993	29.986223	5.962132e-01	2.920760e-02	4.241725e+02	3.919352e-02	
28.000000	36.000000	140.794383	27.726699	5.449779e-01	2.420346e-02	4.245524e+02	3.759015e-02	
28.000000	40.000000	141.262807	4.812941	6.112434e-01	3.070802e-02	4.250258e+02	4.042576e-02	
28.000000	44.000000	147.053188	5.685389	6.402509e-01	3.048069e-02	4.252538e+02	4.288181e-02	
28.000000	48.000000	157.179150	17.283136	6.259632e-01	3.299047e-02	4.251010e+02	4.179616e-02	
28.000000	52.000000	176.585997	685.424748	5.303742e-01	3.089353e-02	4.231120e+02	3.406785e-02	
28.000000	56.000000	184.553336	9.171578	5.676908e-01	3.439465e-02	4.190240e+02	4.114955e-02	
28.000000	60.000000	170.798770	8.736198	5.911483e-01	3.256938e-02	4.110232e+02	4.275327e-02	
32.000000	0.000000	157.803077	7.393081	6.077323e-01	2.573182e-02	4.067029e+02	4.261328e-02	
32.000000	4.000000	153.729768	7.785553	5.552764e-01	2.677469e-02	4.231579e+02	4.023913e-02	
32.000000	8.000000	153.298199	7.425756	6.429740e-01	2.623923e-02	4.223587e+02	4.537677e-02	
32.000000	12.000000	153.812491	11.546435	6.735914e-01	3.448296e-02	4.222031e+02	4.488411e-02	
32.000000	16.000000	153.309388	18.042463	5.423305e-01	2.866944e-02	4.221696e+02	3.524154e-02	
32.000000	20.000000	152.681481	7.538372	5.856209e-01	2.761764e-02	4.221756e+02	3.937383e-02	
32.000000	24.000000	147.749868	7.033286	5.956536e-01	3.028197e-02	4.230042e+02	3.895997e-02	
32.000000	28.000000	147.044227	5.315652	6.650455e-01	3.794593e-02	4.235352e+02	4.556797e-02	
32.000000	32.000000	144.839366	8.106684	5.794768e-01	3.277223e-02	4.241412e+02	3.871753e-02	
32.000000	36.000000	142.918916	8.079570	6.410574e-01	3.158102e-02	4.243783e+02	4.312721e-02	
32.000000	40.000000	147.050246	4.240289	5.344063e-01	3.420696e-02	4.249610e+02	3.700974e-02	
32.000000	44.000000	147.913193	82.083474	6.031188e-01	2.760489e-02	4.253716e+02	4.039996e-02	
32.000000	48.000000	159.554601	5.557825	5.943530e-01	2.985385e-02	4.251108e+02	3.890092e-02	
32.000000	52.000000	178.295286	7.210725	6.232113e-01	3.537963e-02	4.233095e+02	4.335989e-02	
32.000000	56.000000	191.430989	10.054476	6.154785e-01	3.507297e-02	4.196981e+02	4.244091e-02	
32.000000	60.000000	177.356300	120.409157	5.899075e-01	3.309478e-02	4.121683e+02	3.949573e-02	
36.000000	0.000000	160.841153	9.783217	5.686075e-01	2.887023e-02	4.066919e+02	3.873053e-02	
36.000000	4.000000	159.550014	19.940912	5.958622e-01	2.741104e-02	4.227907e+02	4.831873e-02	
36.000000	8.000000	159.550868	15.772379	5.539737e-01	2.599206e-02	4.222875e+02	3.705484e-02	
36.000000	12.000000	159.562755	11.678466	6.038191e-01	2.960625e-02	4.218908e+02	4.250169e-02	
36.000000	16.000000	158.858930	9.515399	5.766806e-01	3.277432e-02	4.220353e+02	3.979124e-02	
36.000000	20.000000	154.532511	10.067528	6.149668e-01	3.089106e-02	4.219481e+02	4.178147e-02	
36.000000	24.000000	153.300017	11.927107	6.243807e-01	3.116506e-02	4.225107e+02	4.163973e-02	
36.000000	28.000000	148.428687	89.143033	5.934934e-01	3.153769e-02	4.233122e+02	4.069780e-02	
36.000000	32.000000	147.046477	21.421358	5.836221e-01	2.900445e-02	4.238240e+02	4.991800e-02	
36.000000	36.000000	147.057885	7.088246	5.571384e-01	2.616637e-02	4.243822e+02	3.814927e-02	
36.000000	40.000000	147.053957	5.037421	5.498415e-01	2.800533e-02	4.247249e+02	3.726613e-02	
36.000000	44.000000	153.300457	4.168894	5.693027e-01	2.910020e-02	4.250980e+02	4.049927e-02	
36.000000	48.000000	159.550424	4.061694	5.864807e-01	2.645656e-02	4.252060e+02	4.476922e-02	
36.000000	52.000000	178.305575	14.547750	6.463375e-01	2.725405e-02	4.236149e+02	4.588423e-02	
36.000000	56.000000	198.704596	1017.363899	5.963355e-01	3.345632e-02	4.203133e+02	4.028951e-02	
36.000000	60.000000	184.555594	11.513005	6.392422e-01	2.964408e-02	4.135482e+02	4.366808e-02	
40.000000	0.000000	165.806007	7.016005	5.998545e-01	2.769210e-02	4.066076e+02	4.030159e-02	
40.000000	4.000000	164.130535	157.331230	6.126158e-01	2.831119e-02	4.222615e+02	4.099125e-02	
40.000000	8.000000	164.196512	557.450434	5.955145e-01	3.095172e-02	4.217391e+02	3.954418e-02	
40.000000	12.000000	163.795404	961.481223	6.361934e-01	3.245823e-02	4.214720e+02	4.335186e-02	
40.000000	16.000000	161.166425	938.407518	6.193812e-01	3.281644e-02	4.215142e+02	4.263655e-02	
40.000000	20.000000	159.575748	11.011903	6.037417e-01	3.090977e-02	4.217668e+02	3.985689e-02	
40.000000	24.000000	157.806767	10.267625	6.176216e-01	3.395464e-02	4.220032e+02	4.437140e-02	
40.000000	28.000000	153.299239	18.345318	5.988229e-01	2.965297e-02	4.228070e+02	3.946899e-02	
40.000000	32.000000	152.468878	107.633986	6.694940e-01	4.481016e-02	4.232107e+02	4.995522e-02	
40.000000	36.000000	151.333572	134.304398	6.003534e-01	2.805528e-02	4.235946e+02	4.042691e-02	
40.000000	40.000000	152.087627	84.966567	5.754682e-01	2.561799e-02	4.242171e+02	4.059757e-02	
40.000000	44.000000	153.303761	5.161318	5.801305e-01	3.074662e-02	4.248719e+02	3.801243e-02	
40.000000	48.000000	164.071313	87.452835	5.768706e-01	3.019635e-02	4.247986e+02	3.797265e-02	
40.000000	52.000000	180.715535	17.476605	5.716214e-01	2.611721e-02	4.238082e+02	4.162885e-02	
40.000000	56.000000	206.133181	12.316604	6.127000e-01	3.022332e-02	4.208552e+02	4.046977e-02	
40.000000	60.000000	191.784370	11.461864	6.025698e-01	2.986732e-02	4.147936e+02	3.977142e-02	
44.000000	0.000000	173.331127	353.353155	6.213391e-01	3.272919e-02	4.065692e+02	4.231088e-02	
44.000000	4.000000	170.403626	12.462863	5.862605e-01	2.760943e-02	4.221716e+02	3.957899e-02	
44.000000	8.000000	170.343157	16.241188	5.988893e-01	2.755452e-02	4.213828e+02	4.031667e-02	
44.000000	12.000000	170.006235	27.253240	5.626134e-01	3.105659e-02	4.210470e+02	3.700486e-02	
44.000000	16.000000	167.070980	21.011318	6.338385e-01	3.165357e-02	4.209253e+02	4.431456e-02	
44.000000	20.000000	165.861043	24.130709	5.895398e-01	3.114490e-02	4.211593e+02	3.883123e-02	
44.000000	24.000000	163.280157	1025.899063	6.653249e-01	3.167810e-02	4.217744e+02	4.502578e-02	
44.000000	28.000000	159.548627	10.197136	6.149124e-01	2.997500e-02	4.226735e+02	4.106217e-02	
44.000000	32.000000	154.974052	31.426867	5.862879e-01	3.000061e-02	4.231061e+02	3.826451e-02	
44.000000	36.000000	154.081032	6.891324	6.762232e-01	2.913399e-02	4.234520e+02	4.909935e-02	
44.000000	40.000000	154.634831	6.399246	5.730478e-01	2.553853e-02	4.242323e+02	3.945736e-02	
44.000000	44.000000	159.548296	6.928344	5.621954e-01	2.611721e-02	4.245076e+02	3.836079e-02	
44.000000	48.000000	166.215082	5.729562	6.302284e-01	3.505267e-02	4.246692e+02	4.237158e-02	
44.000000	52.000000	184.555920	8.958300	6.249506e-01	3.084338e-02	4.239418e+02	4.131078e-02	
44.000000	56.000000	210.075163	9.171647	6.170678e-01	3.419073e-02	4.213225e+02	4.149564e-02	
44.000000	60.000000	203.303521	8.351548	5.966479e-01	3.267125e-02	4.158184e+02	5.912160e-02	
48.000000	0.000000	184.532885	10.551196	6.584257e-01	3.864458e-02	4.075049e+02	4.595498e-02	
48.000000	4.000000	178.326026	26.797246	6.035845e-01	3.039120e-02	4.210342e+02	3.946726e-02	
48.000000	8.000000	178.750126	31.110252	5.796043e-01	2.822629e-02	4.204501e+02	3.942398e-02	
48.000000	12.000000	178.300927	24.038774	5.592499e-01	2.600681e-02	4.202359e+02	3.764192e-02	
48.000000	16.000000	176.658499	152.156709	5.223571e-01	2.528347e-02	4.202898e+02	3.567635e-02	
48.000000	20.000000	173.357530	821.195936	5.898758e-01	2.645922e-02	4.206713e+02	3.975037e-02	
48.000000	24.000000	170.836474	14.425120	5.835939e-01	2.957710e-02	4.210593e+02	3.827886e-02	
48.000000	28.000000	165.797961	42.854401	5.910973e-01	3.041912e-02	4.219276e+02	3.861256e-02	
48.000000	32.000000	162.729844	167.941703	6.107304e-01	2.929478e-02	4.225231e+02	4.067964e-02	
48.000000	36.000000	160.928337	134.582090	6.206657e-01	3.047731e-02	4.233450e+02	4.151323e-02	
48.000000	40.000000	160.010657	134.033482	5.902490e-01	3.024099e-02	4.239226e+02	4.191394e-02	
48.000000	44.000000	164.572195	6.615062	5.720465e-01	2.764980e-02	4.244685e+02	3.890123e-02	
48.000000	48.000000	172.059130	19.919103	5.630904e-01	2.856776e-02	4.247988e+02	3.700204e-02	
48.000000	52.000000	189.046424	146.570699	6.513465e-01	3.251862e-02	4.238558e+02	4.313702e-02	
48.000000	56.000000	215.805340	11.907693	5.854256e-01	2.917965e-02	4.219102e+02	3.966257e-02	
48.000000	60.000000	220.429020	10.703168	5.232054e-01	3.049534e-02	4.170280e+02	3.309961e-02	
52.000000	0.000000	198.442069	123.424145	5.866547e-01	2.941472e-02	4.093585e+02	3.932655e-02	
52.000000	4.000000	190.801926	27.948148	6.261713e-01	3.200522e-02	4.204005e+02	4.205346e-02	
52.000000	8.000000	189.915055	22.832408	6.574386e-01	3.054205e-02	4.197372e+02	4.417114e-02	
52.000000	12.000000	190.808501	26.747484	6.029753e-01	3.100815e-02	4.195757e+02	4.147147e-02	
52.000000	16.000000	189.155260	339.533916	5.838982e-01	2.802184e-02	4.192132e+02	3.867945e-02	
52.000000	20.000000	185.941972	19.354217	6.169062e-01	2.917266e-02	4.195611e+02	4.168501e-02	
52.000000	24.000000	181.666434	31.304410	6.199614e-01	3.549276e-02	4.202860e+02	4.318865e-02	
52.000000	28.000000	176.338825	915.822904	6.131452e-01	2.784561e-02	4.212366e+02	4.147686e-02	
52.000000	32.000000	172.044998	32.929359	6.043691e-01	3.051087e-02	4.220086e+02	3.954415e-02	
52.000000	36.000000	170.310745	8.859442	5.207650e-01	2.396622e-02	4.226668e+02	3.554168e-02	
52.000000	40.000000	169.986274	198.451773	5.792899e-01	2.767795e-02	4.231702e+02	3.865998e-02	
52.000000	44.000000	172.055925	11.504147	6.076595e-01	3.440029e-02	4.240219e+02	4.376244e-02	
52.000000	48.000000	178.304178	28.960989	5.426538e-01	2.695921e-02	4.242882e+02	3.685378e-02	
52.000000	52.000000	193.617280	24.407040	5.938684e-01	3.027226e-02	4.239745e+02	3.927251e-02	
52.000000	56.000000	222.087222	11.957808	5.618929e-01	3.018416e-02	4.221879e+02	3.686645e-02	
52.000000	60.000000	240.804269	19.208258	6.231777e-01	2.611146e-02	4.183274e+02	4.404320e-02	
56.000000	0.000000	217.165708	15.016951	5.218246e-01	2.971740e-02	4.110657e+02	3.310793e-02	
56.000000	4.000000	214.129154	782.657650	6.164092e-01	2.982035e-02	4.191170e+02	4.126035e-02	
56.000000	8.000000	213.695687	910.688989	6.339340e-01	3.085043e-02	4.186387e+02	4.204729e-02	
56.000000	12.000000	211.619261	939.451709	6.401539e-01	3.634783e-02	4.183991e+02	4.451261e-02	
56.000000	16.000000	210.947226	194.753399	5.963539e-01	3.064155e-02	4.184024e+02	3.984420e-02	
56.000000	20.000000	207.564616	46.737288	6.405895e-01	3.604520e-02	4.185576e+02	4.443818e-02	
56.000000	24.000000	201.459233	855.784289	6.062600e-01	3.356930e-02	4.192924e+02	4.186207e-02	
56.000000	28.000000	192.513726	40.862570	5.831816e-01	2.772763e-02	4.201876e+02	3.883187e-02	
56.000000	32.000000	188.227922	965.944199	6.173697e-01	3.202700e-02	4.213022e+02	4.115944e-02	
56.000000	36.000000	183.697165	27.895261	5.604706e-01	2.799859e-02	4.221420e+02	3.684426e-02	
56.000000	40.000000	182.865167	23.923663	5.869494e-01	2.571733e-02	4.227184e+02	4.002755e-02	
56.000000	44.000000	183.500684	10.975400	6.253037e-01	2.934468e-02	4.233055e+02	4.194678e-02	
56.000000	48.000000	189.788262	8.930133	5.939637e-01	3.003453e-02	4.237939e+02	3.914968e-02	
56.000000	52.000000	203.295533	9.052387	6.445441e-01	3.308966e-02	4.235384e+02	4.410399e-02	
56.000000	56.000000	228.804900	10.415778	6.859890e-01	4.329814e-02	4.225000e+02	4.853702e-02	
56.000000	60.000000	267.307958	22.492564	5.332238e-01	2.291271e-02	4.195145e+02	3.702863e-02	
60.000000	0.000000	248.411659	14.682768	6.414228e-01	2.750883e-02	4.134321e+02	4.291577e-02	
60.000000	4.000000	316.512519	496.823033	5.626194e-01	2.567703e-02	4.182168e+02	3.839980e-02	
60.000000	8.000000	313.236011	772.673226	6.214756e-01	3.317364e-02	4.174811e+02	4.202865e-02	
60.000000	12.000000	311.207539	737.946813	5.904175e-01	2.925023e-02	4.174390e+02	4.045118e-02	
60.000000	16.000000	306.014311	178.368047	6.126038e-01	3.098670e-02	4.175170e+02	4.159920e-02	
60.000000	20.000000	298.272141	788.273686	5.900218e-01	2.614539e-02	4.176884e+02	3.990244e-02	
60.000000	24.000000	283.206173	181.978505	5.939802e-01	2.978971e-02	4.185179e+02	3.983265e-02	
60.000000	28.000000	262.785354	860.916187	6.695592e-01	3.207338e-02	4.196895e+02	4.543908e-02	
60.000000	32.000000	247.000024	409.851637	6.212340e-01	3.046779e-02	4.209049e+02	4.112074e-02	
60.000000	36.000000	233.838528	274.190189	6.049511e-01	3.219091e-02	4.216508e+02	4.160164e-02	
60.000000	40.000000	222.800161	556.098135	5.730824e-01	2.975551e-02	4.221610e+02	3.747092e-02	
60.000000	44.000000	216.520293	60.059028	5.848446e-01	2.968800e-02	4.225497e+02	4.001065e-02	
60.000000	48.000000	214.827775	24.957248	5.980969e-01	3.052764e-02	4.230855e+02	3.914006e-02	
60.000000	52.000000	223.910635	923.791057	6.496727e-01	3.229095e-02	4.230567e+02	4.291307e-02	
60.000000	56.000000	248.298289	29.826744	6.390487e-01	3.638995e-02	4.223756e+02	4.440644e-02	
60.000000	60.000000	295.336697	30.197480	6.131126e-01	3.331206e-02	4.202699e+02	4.100804e-02	
0.000000	0.000000	317.844903	42.221417	5.584088e-01	2.822984e-02	4.157061e+02	3.794900e-02	
